   COND      TEMP      PRES      SALT   
 (mmho/cm)   (C)      (dbar)   (PSU-78) 
 37.9661,  27.3659,   1.6865,  22.8830
 44.1406,  27.3995,   2.4002,  27.0320
 48.2180,  27.4000,   3.2236,  29.8328
 50.8340,  27.3195,   4.0409,  31.7050
 52.5227,  27.2073,   4.7648,  32.9680
 53.6372,  27.1115,   5.4797,  33.8245
 54.3738,  27.0393,   6.2419,  34.4005
 54.8583,  26.9846,   7.0794,  34.7863
 55.1761,  26.9427,   7.9994,  35.0446
 55.3814,  26.9096,   8.9610,  35.2164
 55.5114,  26.8812,   9.9130,  35.3309
 55.5944,  26.8587,  10.8311,  35.4073
 55.6446,  26.8400,  11.7035,  35.4574
 55.6743,  26.8240,  12.5268,  35.4908
 55.6925,  26.8109,  13.3688,  35.5136
 55.7075,  26.8017,  14.2843,  35.5312
 55.7164,  26.7932,  15.2251,  35.5437
 55.7058,  26.7636,  16.0923,  35.5587
 55.6895,  26.7273,  16.8840,  35.5745
 55.6727,  26.6930,  17.7288,  35.5886
 55.6530,  26.6609,  18.6328,  35.5989
 55.6367,  26.6340,  19.3363,  35.6075
 55.6253,  26.6151,  19.7921,  35.6138
 55.6172,  26.6013,  20.0169,  35.6185
 55.6118,  26.5917,  20.0870,  35.6220
 55.6081,  26.5855,  20.1292,  35.6241
 55.6065,  26.5811,  20.2346,  35.6264
 55.6048,  26.5790,  20.4095,  35.6267
 55.6016,  26.5760,  20.5959,  35.6266
 55.5982,  26.5708,  20.7116,  35.6281
 55.5941,  26.5653,  20.7456,  35.6294
 55.5920,  26.5632,  20.7645,  35.6295
 55.5913,  26.5619,  20.8277,  35.6299
 55.5895,  26.5597,  20.9193,  35.6303
 55.5875,  26.5579,  20.9769,  35.6303
 55.5859,  26.5557,  20.9950,  35.6308
 55.5847,  26.5542,  21.0715,  35.6311
 55.5836,  26.5530,  21.2771,  35.6311
 55.5787,  26.5483,  21.5328,  35.6311
 55.5749,  26.5423,  21.6481,  35.6330
 55.5716,  26.5371,  21.5281,  35.6347
 55.5634,  26.5348,  21.3557,  35.6305
 55.5677,  26.5354,  21.3986,  35.6332
 55.5680,  26.5365,  21.6579,  35.6324
 55.5656,  26.5337,  21.8525,  35.6329
 55.5644,  26.5304,  21.7908,  35.6345
 55.5635,  26.5281,  21.5900,  35.6357
 55.5638,  26.5270,  21.5195,  35.6369
 55.5654,  26.5291,  21.6462,  35.6363
 55.5648,  26.5292,  21.7745,  35.6358
 55.5637,  26.5276,  21.7222,  35.6363
 55.5633,  26.5270,  21.5586,  35.6365
 55.5638,  26.5269,  21.5127,  35.6369
 55.5601,  26.5282,  21.6701,  35.6332
 55.5598,  26.5271,  21.8742,  35.6338
 55.5596,  26.5246,  21.9072,  35.6355
 55.5598,  26.5226,  21.7346,  35.6373
 55.5594,  26.5221,  21.5236,  35.6374
 55.5612,  26.5228,  21.4768,  35.6383
 55.5626,  26.5255,  21.6355,  35.6371
 55.5618,  26.5253,  21.8097,  35.6366
 55.5613,  26.5233,  21.8548,  35.6378
 55.5606,  26.5217,  21.7630,  35.6385
 55.5602,  26.5209,  21.6489,  35.6389
 55.5605,  26.5206,  21.5752,  35.6394
 55.5614,  26.5216,  21.5970,  35.6392
 55.5620,  26.5226,  21.7212,  35.6389
 55.5610,  26.5218,  21.8759,  35.6387
 55.5591,  26.5200,  21.9179,  35.6388
 55.5583,  26.5180,  21.7829,  35.6398
 55.5581,  26.5177,  21.5629,  35.6400
 55.5570,  26.5166,  21.4524,  35.6399
 55.5591,  26.5186,  21.5346,  35.6400
 55.5594,  26.5203,  21.7304,  35.6388
 55.5472,  26.5187,  21.8794,  35.6312
 55.5419,  26.5129,  21.8770,  35.6318
 55.5424,  26.5085,  21.7317,  35.6356
 55.5440,  26.5080,  21.5173,  35.6372
 55.5373,  26.5101,  21.3149,  35.6308
 55.5404,  26.5080,  21.1767,  35.6347
 55.5468,  26.5095,  21.1165,  35.6382
 55.5523,  26.5142,  21.1362,  35.6385
 55.5561,  26.5185,  21.2361,  35.6380
 55.5578,  26.5206,  21.3879,  35.6375
 55.5562,  26.5202,  21.6321,  35.6366
 55.5239,  26.5079,  21.7909,  35.6226
 55.4981,  26.4770,  21.7961,  35.6279
 55.4968,  26.4626,  21.6710,  35.6381
 55.4806,  26.4512,  21.6716,  35.6353
 55.4903,  26.4582,  21.9089,  35.6368
 55.2168,  26.2815,  22.2302,  35.5751
 54.9551,  26.0482,  22.4311,  35.5655
 54.7997,  25.8652,  22.5079,  35.5942
 54.6760,  25.7170,  22.6823,  35.6192
 54.4989,  25.5584,  23.0517,  35.6128
 54.2862,  25.3148,  23.3370,  35.6469
 54.0867,  25.1102,  23.5334,  35.6601
 53.9342,  24.9336,  23.6550,  35.6862
 53.7917,  24.7758,  23.7374,  35.7049
 53.5992,  24.5815,  23.8280,  35.7150
 53.3363,  24.3871,  23.9491,  35.6722
 53.0672,  24.1365,  24.0688,  35.6691
 52.9030,  23.8980,  24.1121,  35.7358
 52.7517,  23.6997,  24.0579,  35.7803
 52.6576,  23.5956,  24.1441,  35.7925
 52.4830,  23.4593,  24.4959,  35.7690
 52.1224,  23.1251,  25.1425,  35.7625
 51.8091,  22.7754,  25.9532,  35.8049
 51.5853,  22.5053,  26.7410,  35.8518
 51.3999,  22.2881,  27.4420,  35.8853
 51.2466,  22.1211,  28.1097,  35.9027
 51.1066,  21.9337,  28.8639,  35.9474
 51.0553,  21.7548,  29.7758,  36.0558
 51.0316,  21.6160,  30.8042,  36.1530
 51.0734,  21.5385,  31.8285,  36.2513
 51.1107,  21.4962,  32.7081,  36.3164
 51.1295,  21.4646,  33.3963,  36.3580
 51.1330,  21.4283,  34.0086,  36.3914
 51.0955,  21.3690,  34.7599,  36.4114
 51.0311,  21.2879,  35.7316,  36.4283
 50.8621,  21.1408,  36.8263,  36.4174
 50.6751,  20.9759,  37.8654,  36.4069
 50.4794,  20.8145,  38.7526,  36.3862
 50.2884,  20.6567,  39.5319,  36.3660
 50.1375,  20.5219,  40.2394,  36.3586
 50.0053,  20.4073,  40.9416,  36.3489
 49.8989,  20.3129,  41.7775,  36.3427
 49.7967,  20.2270,  42.8270,  36.3326
 49.6786,  20.1332,  43.9642,  36.3161
 49.5142,  20.0111,  44.9627,  36.2859
 49.3504,  19.9025,  45.7436,  36.2442
 49.1995,  19.8027,  46.4074,  36.2056
 49.0850,  19.7044,  47.1058,  36.1955
 48.9502,  19.5852,  47.9038,  36.1866
 48.8334,  19.4836,  48.7347,  36.1773
 48.6832,  19.3722,  49.5534,  36.1485
 48.5490,  19.2735,  50.4172,  36.1219
 48.4065,  19.1604,  51.4195,  36.1005
 48.1483,  18.9712,  52.4993,  36.0480
 47.9473,  18.7994,  53.4818,  36.0281
 47.8088,  18.6813,  54.2414,  36.0140
 47.7056,  18.5972,  54.8591,  35.9999
 47.6176,  18.5244,  55.5437,  35.9887
 47.5508,  18.4637,  56.3966,  35.9848
 47.4666,  18.3994,  57.3948,  35.9692
 47.3638,  18.3219,  58.4087,  35.9492
 47.2440,  18.2369,  59.3433,  35.9212
 47.1458,  18.1522,  60.1929,  35.9113
 47.0627,  18.0773,  61.0142,  35.9058
 46.9767,  18.0048,  61.8410,  35.8955
 46.8919,  17.9322,  62.6589,  35.8863
 46.8102,  17.8651,  63.4843,  35.8748
 46.7304,  17.7980,  64.3638,  35.8649
 46.6387,  17.7253,  65.3008,  35.8496
 46.5590,  17.6600,  66.2197,  35.8381
 46.4934,  17.5930,  67.0281,  35.8402
 46.4725,  17.5562,  67.8128,  35.8544
 46.4387,  17.5266,  68.7270,  35.8509
 46.3701,  17.4724,  69.7793,  35.8390
 46.2281,  17.3703,  70.7678,  35.8058
 46.1127,  17.2766,  71.5302,  35.7881
 46.0324,  17.2077,  72.1721,  35.7790
 45.9291,  17.1199,  72.9095,  35.7665
 45.8505,  17.0435,  73.7817,  35.7653
 45.7790,  16.9789,  74.7296,  35.7598
 45.7157,  16.9195,  75.6391,  35.7568
 45.6654,  16.8723,  76.5268,  35.7544
 45.5968,  16.8171,  77.3728,  35.7430
 45.5281,  16.7585,  78.2003,  35.7344
 45.4701,  16.7071,  79.0234,  35.7289
 45.4177,  16.6610,  79.8901,  35.7235
 45.3715,  16.6195,  80.8272,  35.7195
 45.3191,  16.5768,  81.7465,  35.7110
 45.2790,  16.5447,  82.5358,  35.7039
 45.2573,  16.5222,  83.1903,  35.7046
 45.2271,  16.4997,  83.9035,  35.6977
 45.1966,  16.4731,  84.8325,  35.6941
 45.1232,  16.4256,  85.9743,  35.6711
 45.0164,  16.3411,  87.0786,  35.6516
 44.9212,  16.2585,  87.9093,  35.6407
 44.8650,  16.2009,  88.4287,  35.6422
 44.8257,  16.1616,  88.9122,  35.6422
 44.7727,  16.1213,  89.7063,  35.6308
 44.7195,  16.0751,  90.8753,  35.6244
 44.6784,  16.0380,  92.1682,  35.6204
 44.6301,  15.9989,  93.2783,  35.6119
 44.5982,  15.9662,  94.0552,  35.6125
 44.5836,  15.9448,  94.5984,  35.6184
 44.5670,  15.9327,  95.1471,  35.6142
 44.5448,  15.9167,  95.9343,  35.6085
 44.5044,  15.8917,  96.9843,  35.5943
 44.4508,  15.8484,  98.1178,  35.5848
 44.3972,  15.8049,  99.1138,  35.5754
 44.3534,  15.7676,  99.8701,  35.5694
 44.3341,  15.7420, 100.4770,  35.5749
 44.3066,  15.7211, 101.1232,  35.5688
 44.2719,  15.6923, 101.9370,  35.5632
 44.2422,  15.6661, 102.9207,  35.5597
 44.2043,  15.6346, 103.9341,  35.5535
 44.1638,  15.6021, 104.8830,  35.5459
 44.1264,  15.5702, 105.7807,  35.5406
 44.0884,  15.5394, 106.6206,  35.5338
 44.0555,  15.5089, 107.4195,  35.5313
 44.0326,  15.4872, 108.2009,  35.5299
 44.0115,  15.4668, 108.9930,  35.5289
 43.9865,  15.4442, 109.8127,  35.5264
 43.9689,  15.4285, 110.6806,  35.5244
 43.9563,  15.4160, 111.6010,  35.5239
 43.9338,  15.4008, 112.5796,  35.5168
 43.8999,  15.3772, 113.5448,  35.5071
 43.8518,  15.3375, 114.3746,  35.4991
 43.8250,  15.3049, 115.0221,  35.5040
 43.8051,  15.2856, 115.5751,  35.5032
 43.7852,  15.2678, 116.2484,  35.5009
 43.7476,  15.2420, 117.1367,  35.4898
 43.7100,  15.2082, 118.2426,  35.4859
 43.6726,  15.1781, 119.4310,  35.4785
 43.6345,  15.1445, 120.5668,  35.4739
 43.6048,  15.1158, 121.5449,  35.4725
 43.5892,  15.0972, 122.3418,  35.4749
 43.5785,  15.0863, 123.0040,  35.4746
 43.5623,  15.0755, 123.6429,  35.4695
 43.5315,  15.0528, 124.4171,  35.4616
 43.5010,  15.0263, 125.3983,  35.4575
 43.4739,  14.9995, 126.5193,  35.4566
 43.4535,  14.9789, 127.5893,  35.4563
 43.4408,  14.9648, 128.4952,  35.4571
 43.4336,  14.9566, 129.2699,  35.4577
 43.4270,  14.9506, 129.9962,  35.4567
 43.4161,  14.9437, 130.7693,  35.4528
 43.3995,  14.9300, 131.6567,  35.4497
 43.3630,  14.8995, 132.6383,  35.4436
 43.3367,  14.8732, 133.6509,  35.4430
 43.3166,  14.8528, 134.6091,  35.4428
 43.3012,  14.8380, 135.4794,  35.4418
 43.2920,  14.8286, 136.2500,  35.4416
 43.2796,  14.8195, 136.9961,  35.4382
 43.2637,  14.8055, 137.7933,  35.4360
 43.2514,  14.7937, 138.6408,  35.4351
 43.2394,  14.7818, 139.5461,  35.4346
 43.2310,  14.7722, 140.5115,  35.4353
 43.2250,  14.7659, 141.5022,  35.4351
 43.2173,  14.7602, 142.4260,  35.4328
 43.2088,  14.7500, 143.1418,  35.4341
 43.2135,  14.7401, 143.7009,  35.4471
 43.1975,  14.7344, 144.3193,  35.4373
 43.1731,  14.7173, 145.2197,  35.4302
 43.1451,  14.6930, 146.4146,  35.4261
 43.1184,  14.6686, 147.6499,  35.4233
 43.1026,  14.6519, 148.6939,  35.4235
 43.0874,  14.6404, 149.5461,  35.4197
 43.0742,  14.6290, 150.3419,  35.4176
 43.0607,  14.6189, 151.0954,  35.4141
 43.0506,  14.6090, 151.8016,  35.4135
 43.0382,  14.5997, 152.5224,  35.4103
 43.0258,  14.5878, 153.3879,  35.4094
 43.0097,  14.5740, 154.4483,  35.4067
 42.9916,  14.5571, 155.5991,  35.4049
 42.9727,  14.5395, 156.6423,  35.4032
 42.9692,  14.5266, 157.4200,  35.4114
 42.9668,  14.5172, 158.0072,  35.4176
 42.9620,  14.5164, 158.6259,  35.4135
 42.9518,  14.5119, 159.4658,  35.4079
 42.9433,  14.5056, 160.5399,  35.4053
 42.9349,  14.4991, 161.6818,  35.4030
 42.9292,  14.4935, 162.6911,  35.4025
 42.9245,  14.4895, 163.5119,  35.4015
 42.9280,  14.4878, 164.2096,  35.4060
 42.9219,  14.4849, 164.9985,  35.4026
 42.9157,  14.4798, 165.9540,  35.4013
 42.9091,  14.4741, 166.9763,  35.3999
 42.9045,  14.4688, 167.9165,  35.4001
 42.9019,  14.4640, 168.6873,  35.4018
 42.8972,  14.4610, 169.3772,  35.3999
 42.8899,  14.4553, 170.1887,  35.3981
 42.8832,  14.4494, 171.1765,  35.3968
 42.8776,  14.4439, 172.2176,  35.3962
 42.8726,  14.4389, 173.1735,  35.3958
 42.8712,  14.4363, 174.0182,  35.3965
 42.8706,  14.4349, 174.8314,  35.3970
 42.8681,  14.4333, 175.6677,  35.3958
 42.8650,  14.4309, 176.5327,  35.3948
 42.8603,  14.4273, 177.4285,  35.3933
 42.8549,  14.4226, 178.3660,  35.3923
 42.8474,  14.4169, 179.3319,  35.3901
 42.8406,  14.4100, 180.2538,  35.3898
 42.8343,  14.4048, 181.0615,  35.3883
 42.8239,  14.3979, 181.8226,  35.3848
 42.8108,  14.3863, 182.6429,  35.3829
 42.7984,  14.3739, 183.5708,  35.3823
 42.7874,  14.3634, 184.5340,  35.3813
 42.7761,  14.3540, 185.4848,  35.3791
 42.7668,  14.3450, 186.4275,  35.3784
 42.7516,  14.3320, 187.3901,  35.3757
 42.7264,  14.3126, 188.3622,  35.3697
 42.6999,  14.2906, 189.2572,  35.3650
 42.6818,  14.2726, 190.0018,  35.3644
 42.6665,  14.2578, 190.7002,  35.3633
 42.6412,  14.2380, 191.5186,  35.3578
 42.6124,  14.2149, 192.5297,  35.3517
 42.5594,  14.1746, 193.6132,  35.3389
 42.4885,  14.1185, 194.5809,  35.3240
 42.4367,  14.0706, 195.3514,  35.3194
 42.3925,  14.0311, 195.9873,  35.3142
 42.3508,  13.9942, 196.6611,  35.3089
 42.3050,  13.9532, 197.4980,  35.3034
 42.2570,  13.9121, 198.5081,  35.2958
 42.1992,  13.8598, 199.6074,  35.2894
 42.1461,  13.8100, 200.6520,  35.2850
 42.1037,  13.7711, 201.5025,  35.2807
 42.0811,  13.7453, 202.1420,  35.2830
 42.0539,  13.7243, 202.7412,  35.2766
 42.0234,  13.6982, 203.4641,  35.2716
 41.9991,  13.6745, 204.3980,  35.2703
 41.9644,  13.6459, 205.4973,  35.2635
 41.9365,  13.6180, 206.6136,  35.2626
 41.9189,  13.5984, 207.6173,  35.2636
 41.9053,  13.5858, 208.4449,  35.2622
 41.8912,  13.5748, 209.1328,  35.2587
 41.8757,  13.5612, 209.8236,  35.2564
 41.8599,  13.5449, 210.5972,  35.2561
 41.8492,  13.5336, 211.4718,  35.2562
 41.8400,  13.5234, 212.4694,  35.2565
 41.8325,  13.5151, 213.5971,  35.2566
 41.8260,  13.5080, 214.7560,  35.2565
 41.8241,  13.5036, 215.7137,  35.2584
 41.8263,  13.5010, 216.2965,  35.2626
 41.8311,  13.5017, 216.6248,  35.2664
 41.8301,  13.5043, 217.0756,  35.2628
 41.8234,  13.5002, 217.9892,  35.2599
 41.8170,  13.4948, 219.3223,  35.2584
 41.8095,  13.4887, 220.6687,  35.2564
 41.8068,  13.4816, 221.6587,  35.2598
 41.8033,  13.4750, 222.2761,  35.2625
 41.8061,  13.4741, 222.7595,  35.2657
 41.7976,  13.4729, 223.4049,  35.2586
 41.7845,  13.4647, 224.3887,  35.2533
 41.7668,  13.4503, 225.6162,  35.2494
 41.7416,  13.4293, 226.8376,  35.2445
 41.7204,  13.4108, 227.8535,  35.2411
 41.7015,  13.3947, 228.6346,  35.2379
 41.6864,  13.3814, 229.2864,  35.2355
 41.6660,  13.3647, 229.9757,  35.2314
 41.6453,  13.3424, 230.5676,  35.2322
 41.6212,  13.3250, 231.1385,  35.2252
 41.5963,  13.3056, 231.6716,  35.2193
 41.5777,  13.2874, 232.1441,  35.2183
 41.5672,  13.2734, 232.5052,  35.2212
 41.5667,  13.2650, 232.6620,  35.2286
 41.5617,  13.2610, 232.5988,  35.2274
 41.5605,  13.2561, 232.4288,  35.2310
 41.5573,  13.2547, 232.3855,  35.2292
 41.5517,  13.2515, 232.5488,  35.2268
 41.5478,  13.2477, 232.7488,  35.2265
 41.5522,  13.2461, 232.8164,  35.2321
 41.5523,  13.2463, 232.7561,  35.2321
 41.5578,  13.2461, 232.7067,  35.2375
 41.5553,  13.2483, 232.7522,  35.2331
 41.5535,  13.2486, 232.8197,  35.2311
 41.5608,  13.2469, 232.8011,  35.2396
 41.5579,  13.2474, 232.6744,  35.2365
 41.5626,  13.2481, 232.5306,  35.2403
 41.5617,  13.2507, 232.4956,  35.2370
 41.5574,  13.2516, 232.5970,  35.2321
 41.5535,  13.2498, 232.7411,  35.2300
 41.5548,  13.2490, 232.8358,  35.2319
 41.5603,  13.2486, 232.8693,  35.2375
 41.5668,  13.2487, 232.8774,  35.2436
 41.5734,  13.2493, 232.8903,  35.2492
 41.5849,  13.2532, 232.8692,  35.2566
 41.5826,  13.2497, 232.7931,  35.2577
 41.5802,  13.2473, 232.6834,  35.2576
 41.5854,  13.2477, 232.5893,  35.2622
 41.5839,  13.2548, 232.5634,  35.2543
 41.5767,  13.2573, 232.6378,  35.2452
 41.5688,  13.2565, 232.7579,  35.2383
 41.5682,  13.2541, 232.8302,  35.2399
 41.5655,  13.2519, 232.7889,  35.2394
 41.5667,  13.2527, 232.7038,  35.2399
 41.5676,  13.2541, 232.6799,  35.2394
 41.5643,  13.2546, 232.7353,  35.2358
 41.5648,  13.2554, 232.7630,  35.2355
 41.5666,  13.2523, 232.7071,  35.2402
 41.5695,  13.2501, 232.6633,  35.2449
 41.5666,  13.2520, 232.7504,  35.2404
 41.5597,  13.2511, 232.9393,  35.2346
 41.5562,  13.2494, 233.0790,  35.2328
 41.5540,  13.2484, 233.0109,  35.2316
 41.5530,  13.2478, 232.7421,  35.2314
 41.5588,  13.2478, 232.4225,  35.2370
 41.5582,  13.2500, 232.2923,  35.2344
 41.5631,  13.2553, 232.4474,  35.2340
 41.5559,  13.2535, 232.7209,  35.2289
 41.5572,  13.2490, 232.8539,  35.2341
 41.5542,  13.2453, 232.7627,  35.2348
 41.5577,  13.2454, 232.6206,  35.2381
 41.5546,  13.2468, 232.6303,  35.2338
 41.5504,  13.2459, 232.7842,  35.2307
 41.5492,  13.2443, 232.9222,  35.2309
 41.5504,  13.2440, 232.9216,  35.2323
 41.5524,  13.2451, 232.7889,  35.2333
 41.5587,  13.2453, 232.6416,  35.2392
 41.5589,  13.2491, 232.5697,  35.2358
 41.5573,  13.2499, 232.5800,  35.2336
 41.5629,  13.2494, 232.5583,  35.2393
 41.5622,  13.2483, 232.4248,  35.2398
 41.5670,  13.2499, 232.2350,  35.2429
 41.5699,  13.2543, 232.1992,  35.2416
 41.5755,  13.2624, 232.3528,  35.2393
 41.5685,  13.2616, 232.6388,  35.2333
 41.5662,  13.2581, 232.8516,  35.2343
 41.5617,  13.2559, 232.8622,  35.2321
 41.5630,  13.2546, 232.7698,  35.2345
 41.5687,  13.2543, 232.6400,  35.2402
 41.5682,  13.2541, 232.5929,  35.2400
 41.5662,  13.2556, 232.6695,  35.2367
 41.5593,  13.2538, 232.8120,  35.2318
 41.5594,  13.2526, 232.9943,  35.2329
 41.5512,  13.2486, 233.3756,  35.2287
 41.5446,  13.2430, 233.8550,  35.2274
 41.5381,  13.2388, 234.3300,  35.2249
 41.5330,  13.2336, 234.7699,  35.2247
 41.5249,  13.2278, 235.2553,  35.2222
 41.5122,  13.2170, 235.9995,  35.2198
 41.4981,  13.2042, 237.0090,  35.2179
 41.4800,  13.1885, 238.1006,  35.2147
 41.4606,  13.1716, 239.0888,  35.2115
 41.4425,  13.1540, 239.8974,  35.2103
 41.4300,  13.1417, 240.5706,  35.2095
 41.4092,  13.1272, 241.2396,  35.2029
 41.3768,  13.1015, 242.0572,  35.1956
 41.3441,  13.0726, 243.0379,  35.1909
 41.3114,  13.0422, 244.0797,  35.1875
 41.2811,  13.0155, 245.0075,  35.1830
 41.2618,  12.9947, 245.7834,  35.1836
 41.2374,  12.9753, 246.5253,  35.1780
 41.2145,  12.9532, 247.3874,  35.1762
 41.1954,  12.9344, 248.3990,  35.1751
 41.1776,  12.9167, 249.3954,  35.1742
 41.1651,  12.9034, 250.2394,  35.1742
 41.1559,  12.8937, 251.0105,  35.1741
 41.1469,  12.8850, 251.8546,  35.1732
 41.1404,  12.8780, 252.8178,  35.1731
 41.1358,  12.8729, 253.8018,  35.1731
 41.1338,  12.8694, 254.7290,  35.1739
 41.1325,  12.8675, 255.6095,  35.1741
 41.1305,  12.8660, 256.5016,  35.1732
 41.1284,  12.8636, 257.3795,  35.1731
 41.1270,  12.8616, 258.1774,  35.1732
 41.1256,  12.8600, 258.9315,  35.1731
 41.1230,  12.8575, 259.7404,  35.1725
 41.1203,  12.8547, 260.6682,  35.1721
 41.1164,  12.8511, 261.6811,  35.1714
 41.1104,  12.8462, 262.7069,  35.1698
 41.1017,  12.8399, 263.7004,  35.1669
 41.0924,  12.8311, 264.5740,  35.1658
 41.0831,  12.8228, 265.2758,  35.1643
 41.0743,  12.8149, 265.8750,  35.1629
 41.0650,  12.8064, 266.5692,  35.1616
 41.0509,  12.7944, 267.4998,  35.1590
 41.0185,  12.7689, 268.6184,  35.1511
 40.9852,  12.7390, 269.6628,  35.1467
 40.9615,  12.7153, 270.4439,  35.1455
 40.9528,  12.6969, 271.0235,  35.1542
 40.9348,  12.6834, 271.5988,  35.1492
 40.9089,  12.6635, 272.3737,  35.1425
 40.8651,  12.6305, 273.3662,  35.1307
 40.8235,  12.5933, 274.4471,  35.1250
 40.7892,  12.5621, 275.3955,  35.1207
 40.7712,  12.5396, 276.1506,  35.1240
 40.7525,  12.5234, 276.7749,  35.1208
 40.7217,  12.5006, 277.3603,  35.1122
 40.7031,  12.4751, 277.7795,  35.1179
 40.6826,  12.4569, 278.1365,  35.1148
 40.6621,  12.4404, 278.4663,  35.1104
 40.6462,  12.4267, 278.7512,  35.1077
 40.6412,  12.4157, 278.9150,  35.1131
 40.6313,  12.4066, 278.8851,  35.1120
 40.6265,  12.4009, 278.6783,  35.1128
 40.6286,  12.3982, 278.4324,  35.1175
 40.6289,  12.4000, 278.3363,  35.1162
 40.6323,  12.4037, 278.3628,  35.1159
 40.6407,  12.4070, 278.3323,  35.1210
 40.6423,  12.4082, 278.1396,  35.1214
 40.6480,  12.4119, 277.8883,  35.1237
 40.6522,  12.4171, 277.7409,  35.1229
 40.6577,  12.4231, 277.7217,  35.1227
 40.6624,  12.4294, 277.7360,  35.1212
 40.6704,  12.4349, 277.6610,  35.1239
 40.6742,  12.4403, 277.4874,  35.1226
 40.6823,  12.4443, 277.2495,  35.1268
 40.6924,  12.4489, 276.9731,  35.1323
 40.7022,  12.4543, 276.6772,  35.1368
 40.7125,  12.4611, 276.4370,  35.1406
 40.7172,  12.4691, 276.3286,  35.1377
 40.7201,  12.4775, 276.2900,  35.1326
 40.7278,  12.4821, 276.1639,  35.1358
 40.7295,  12.4859, 275.8421,  35.1340
 40.7347,  12.4905, 275.4429,  35.1349
 40.7377,  12.4957, 275.1756,  35.1331
 40.7404,  12.5006, 275.1079,  35.1312
 40.7417,  12.5039, 275.1073,  35.1292
 40.7463,  12.5060, 275.0078,  35.1319
 40.7479,  12.5074, 274.7326,  35.1321
 40.7542,  12.5109, 274.3296,  35.1352
 40.7633,  12.5164, 273.9120,  35.1389
 40.7679,  12.5227, 273.5877,  35.1377
 40.7779,  12.5300, 273.3686,  35.1406
 40.7968,  12.5443, 273.1733,  35.1455
 40.8134,  12.5599, 272.9018,  35.1470
 40.8275,  12.5739, 272.5236,  35.1477
 40.8415,  12.5856, 272.1334,  35.1505
 40.8511,  12.5962, 271.8081,  35.1499
 40.8621,  12.6056, 271.5403,  35.1519
 40.8711,  12.6137, 271.2262,  35.1530
 40.8817,  12.6230, 270.8348,  35.1548
 40.8942,  12.6336, 270.4306,  35.1571
 40.9036,  12.6430, 270.1051,  35.1575
 40.9169,  12.6523, 269.8673,  35.1617
 40.9261,  12.6618, 269.6175,  35.1619
 40.9336,  12.6695, 269.2883,  35.1620
 40.9430,  12.6774, 268.8736,  35.1638
 40.9546,  12.6870, 268.4661,  35.1662
 40.9648,  12.6971, 268.1669,  35.1667
 40.9781,  12.7079, 268.0136,  35.1695
 40.9904,  12.7210, 267.9276,  35.1691
 41.0001,  12.7322, 267.7728,  35.1680
 41.0072,  12.7396, 267.4744,  35.1681
 41.0148,  12.7463, 267.0930,  35.1693
 41.0210,  12.7523, 266.7877,  35.1698
 41.0295,  12.7593, 266.6666,  35.1715
 41.0346,  12.7673, 266.6442,  35.1690
 41.0409,  12.7723, 266.5839,  35.1703
 41.0444,  12.7757, 266.4291,  35.1705
 41.0496,  12.7790, 266.2899,  35.1725
 41.0533,  12.7829, 266.2382,  35.1725
 41.0548,  12.7859, 266.2079,  35.1712
 41.0560,  12.7872, 266.0330,  35.1711
 41.0577,  12.7887, 265.6876,  35.1716
 41.0622,  12.7907, 265.3420,  35.1741
 41.0650,  12.7944, 265.2027,  35.1735
 41.0664,  12.7986, 265.2925,  35.1709
 41.0647,  12.7990, 265.4881,  35.1687
 41.0639,  12.7977, 265.6158,  35.1691
 41.0630,  12.7960, 265.5482,  35.1699
 41.0641,  12.7951, 265.3246,  35.1718
 41.0681,  12.7956, 265.0854,  35.1753
 41.0695,  12.7983, 264.9843,  35.1741
 41.0695,  12.8012, 265.0786,  35.1715
 41.0694,  12.8021, 265.2739,  35.1705
 41.0689,  12.8026, 265.4297,  35.1693
 41.0697,  12.8019, 265.4584,  35.1708
 41.0703,  12.8012, 265.3244,  35.1721
 41.0733,  12.8015, 265.1115,  35.1748
 41.0753,  12.8028, 264.9796,  35.1755
 41.0754,  12.8049, 264.9994,  35.1737
 41.0750,  12.8059, 265.1197,  35.1723
 41.0749,  12.8068, 265.2285,  35.1714
 41.0779,  12.8077, 265.2907,  35.1733
 41.0771,  12.8079, 265.3056,  35.1723
 41.0786,  12.8082, 265.1957,  35.1736
 41.0785,  12.8085, 265.1390,  35.1733
 41.0804,  12.8096, 265.2166,  35.1740
 41.0764,  12.8095, 265.4493,  35.1702
 41.0711,  12.8058, 265.6593,  35.1685
 41.0677,  12.8012, 265.6759,  35.1695
 41.0685,  12.7991, 265.5497,  35.1722
 41.0697,  12.7982, 265.3665,  35.1743
 41.0718,  12.8000, 265.3062,  35.1746
 41.0711,  12.8022, 265.4642,  35.1719
 41.0695,  12.8017, 265.7052,  35.1706
 41.0645,  12.7983, 265.9103,  35.1690
 41.0620,  12.7948, 265.8420,  35.1699
 41.0620,  12.7933, 265.6744,  35.1714
 41.0644,  12.7939, 265.6007,  35.1731
 41.0663,  12.7971, 265.7847,  35.1719
 41.0616,  12.7953, 266.0484,  35.1689
 41.0591,  12.7912, 266.2047,  35.1704
 41.0556,  12.7876, 266.1741,  35.1703
 41.0568,  12.7856, 266.0630,  35.1733
 41.0568,  12.7860, 266.0619,  35.1731
 41.0538,  12.7869, 266.2368,  35.1693
 41.0481,  12.7837, 266.4615,  35.1667
 41.0465,  12.7797, 266.5630,  35.1688
 41.0438,  12.7762, 266.4471,  35.1695
 41.0431,  12.7738, 266.2132,  35.1712
 41.0437,  12.7740, 266.1091,  35.1716
 41.0458,  12.7770, 266.2638,  35.1707
 41.0425,  12.7769, 266.6117,  35.1676
 41.0395,  12.7736, 266.8405,  35.1677
 41.0371,  12.7700, 266.8529,  35.1686
 41.0365,  12.7672, 266.7285,  35.1707
 41.0365,  12.7673, 266.6488,  35.1707
 41.0370,  12.7693, 266.7145,  35.1693
 41.0350,  12.7696, 266.8408,  35.1671
 41.0350,  12.7688, 266.9403,  35.1678
 41.0336,  12.7656, 267.0050,  35.1694
 41.0340,  12.7640, 267.0612,  35.1712
 41.0341,  12.7613, 267.1321,  35.1738
 41.0310,  12.7611, 267.2570,  35.1710
 41.0297,  12.7595, 267.3478,  35.1711
 41.0269,  12.7573, 267.3275,  35.1705
 41.0274,  12.7565, 267.2411,  35.1718
 41.0296,  12.7566, 267.2360,  35.1738
 41.0263,  12.7578, 267.4227,  35.1695
 41.0129,  12.7512, 267.7620,  35.1627
 40.9929,  12.7361, 268.0878,  35.1573
 40.9823,  12.7231, 268.2212,  35.1592
 40.9750,  12.7145, 268.1205,  35.1602
 40.9720,  12.7092, 267.9132,  35.1624
 40.9713,  12.7082, 267.8126,  35.1627
 40.9757,  12.7127, 267.9513,  35.1627
 40.9664,  12.7089, 268.3147,  35.1572
 40.9557,  12.6992, 268.7317,  35.1557
 40.9506,  12.6919, 268.9640,  35.1576
 40.9457,  12.6870, 268.9024,  35.1575
 40.9422,  12.6832, 268.6211,  35.1578
 40.9443,  12.6827, 268.3534,  35.1603
 40.9577,  12.6901, 268.3791,  35.1663
 40.9546,  12.6950, 268.7268,  35.1586
 40.9483,  12.6897, 269.1962,  35.1573
 40.9455,  12.6863, 269.5674,  35.1575
 40.9444,  12.6844, 269.7400,  35.1583
 40.9446,  12.6840, 269.7372,  35.1589
 40.9463,  12.6836, 269.6294,  35.1608
 40.9502,  12.6838, 269.5188,  35.1645
 40.9528,  12.6851, 269.5050,  35.1658
 40.9502,  12.6875, 269.6582,  35.1610
 40.9442,  12.6859, 269.9248,  35.1567
 40.9366,  12.6803, 270.1905,  35.1544
 40.9337,  12.6749, 270.3163,  35.1565
 40.9302,  12.6712, 270.2786,  35.1567
 40.9309,  12.6681, 270.2209,  35.1602
 40.9295,  12.6677, 270.3005,  35.1594
 40.9253,  12.6662, 270.5515,  35.1565
 40.9174,  12.6631, 270.8430,  35.1518
 40.9128,  12.6569, 271.0187,  35.1530
 40.9082,  12.6526, 270.9864,  35.1527
 40.9090,  12.6507, 270.8406,  35.1552
 40.9101,  12.6511, 270.7630,  35.1559
 40.9134,  12.6545, 270.8732,  35.1558
 40.9087,  12.6540, 271.1797,  35.1517
 40.8978,  12.6464, 271.5681,  35.1482
 40.8870,  12.6376, 271.8946,  35.1458
 40.8810,  12.6292, 272.0090,  35.1478
 40.8769,  12.6236, 271.8928,  35.1491
 40.8761,  12.6207, 271.6782,  35.1513
 40.8760,  12.6204, 271.5880,  35.1514
 40.8772,  12.6229, 271.7641,  35.1502
 40.8727,  12.6217, 272.1127,  35.1468
 40.8657,  12.6163, 272.4298,  35.1450
 40.8621,  12.6109, 272.5820,  35.1465
 40.8608,  12.6074, 272.6382,  35.1485
 40.8635,  12.6049, 272.7169,  35.1534
 40.8612,  12.6042, 272.8510,  35.1517
 40.8584,  12.6044, 272.9844,  35.1488
 40.8569,  12.6022, 273.0277,  35.1494
 40.8562,  12.6008, 273.0046,  35.1500
 40.8577,  12.6006, 273.0317,  35.1516
 40.8553,  12.6018, 273.1921,  35.1483
 40.8470,  12.5988, 273.4517,  35.1428
 40.8323,  12.5880, 273.6908,  35.1387
 40.8244,  12.5781, 273.8419,  35.1402
 40.8162,  12.5682, 273.9136,  35.1416
 40.8135,  12.5620, 273.9357,  35.1448
 40.8137,  12.5581, 273.9374,  35.1486
 40.8169,  12.5557, 274.0174,  35.1538
 40.8086,  12.5542, 274.2319,  35.1471
 40.7996,  12.5498, 274.5348,  35.1425
 40.7934,  12.5452, 274.7642,  35.1407
 40.7890,  12.5414, 274.8155,  35.1400
 40.7880,  12.5391, 274.7485,  35.1412
 40.7903,  12.5376, 274.6403,  35.1449
 40.7941,  12.5370, 274.6009,  35.1491
 40.7916,  12.5388, 274.7186,  35.1449
 40.7878,  12.5386, 274.9989,  35.1414
 40.7819,  12.5359, 275.3265,  35.1381
 40.7784,  12.5326, 275.5327,  35.1377
 40.7751,  12.5288, 275.5253,  35.1380
 40.7737,  12.5265, 275.3678,  35.1390
 40.7743,  12.5260, 275.2444,  35.1400
 40.7756,  12.5280, 275.3525,  35.1394
 40.7728,  12.5278, 275.6931,  35.1367
 40.7660,  12.5241, 276.0359,  35.1335
 40.7614,  12.5187, 276.1385,  35.1340
 40.7586,  12.5149, 275.9778,  35.1350
 40.7598,  12.5139, 275.7782,  35.1371
 40.7631,  12.5157, 275.7737,  35.1386
 40.7639,  12.5183, 276.0082,  35.1369
 40.7592,  12.5165, 276.3129,  35.1339
 40.7561,  12.5121, 276.4823,  35.1349
 40.7525,  12.5081, 276.4194,  35.1353
 40.7518,  12.5061, 276.2125,  35.1365
 40.7535,  12.5065, 276.0661,  35.1378
 40.7570,  12.5099, 276.1414,  35.1379
 40.7542,  12.5104, 276.4567,  35.1347
 40.7475,  12.5060, 276.8584,  35.1321
 40.7428,  12.5012, 277.0914,  35.1320
 40.7392,  12.4971, 277.0369,  35.1324
 40.7380,  12.4951, 276.7756,  35.1333
 40.7388,  12.4947, 276.5499,  35.1344
 40.7409,  12.4964, 276.5513,  35.1348
 40.7404,  12.4978, 276.7929,  35.1331
 40.7363,  12.4961, 277.1141,  35.1305
 40.7310,  12.4912, 277.3099,  35.1299
 40.7261,  12.4860, 277.2912,  35.1300
 40.7258,  12.4836, 277.1060,  35.1321
 40.7269,  12.4840, 276.9236,  35.1328
 40.7302,  12.4864, 276.9303,  35.1338
 40.7311,  12.4888, 277.1460,  35.1323
 40.7242,  12.4856, 277.4247,  35.1285
 40.7164,  12.4801, 277.6161,  35.1261
 40.7112,  12.4735, 277.6347,  35.1272
 40.7094,  12.4694, 277.5194,  35.1294
 40.7089,  12.4681, 277.4111,  35.1302
 40.7122,  12.4691, 277.4020,  35.1324
 40.7124,  12.4711, 277.4904,  35.1306
 40.7124,  12.4719, 277.5550,  35.1300
 40.7123,  12.4717, 277.5216,  35.1300
 40.7129,  12.4719, 277.5269,  35.1304
 40.7125,  12.4721, 277.5820,  35.1297
 40.7132,  12.4717, 277.6532,  35.1309
 40.7139,  12.4702, 277.7036,  35.1328
 40.7119,  12.4681, 277.6977,  35.1329
 40.7123,  12.4676, 277.7031,  35.1338
 40.7133,  12.4684, 277.7711,  35.1339
 40.7122,  12.4690, 277.8442,  35.1323
 40.7108,  12.4667, 277.8532,  35.1331
 40.7102,  12.4656, 277.8739,  35.1335
 40.7049,  12.4634, 278.0439,  35.1304
 40.6940,  12.4573, 278.4199,  35.1254
 40.6619,  12.4341, 278.8600,  35.1159
 40.6337,  12.4096, 279.3082,  35.1113
 40.6126,  12.3883, 279.7157,  35.1107
 40.5882,  12.3676, 280.4061,  35.1062
 40.5498,  12.3346, 281.3495,  35.0995
 40.5207,  12.3057, 282.3785,  35.0978
 40.4798,  12.2719, 283.2529,  35.0896
 40.4445,  12.2433, 283.9231,  35.0819
 40.4169,  12.2167, 284.5279,  35.0797
 40.3744,  12.1835, 285.2448,  35.0691
 40.3077,  12.1267, 286.0957,  35.0573
 40.2473,  12.0669, 286.9574,  35.0542
 40.2025,  12.0223, 287.7560,  35.0521
 40.1581,  11.9751, 288.5939,  35.0527
 40.1213,  11.9408, 289.5710,  35.0486
 40.0838,  11.9080, 290.5628,  35.0424
 40.0001,  11.8498, 291.2325,  35.0150
 39.9388,  11.7975, 291.5439,  35.0040
 39.9005,  11.7595, 291.7540,  35.0021
 39.8727,  11.7292, 291.9688,  35.0033
 39.8503,  11.7015, 292.1056,  35.0074
 39.8315,  11.6792, 291.9235,  35.0100
 39.8498,  11.6747, 291.4816,  35.0324
 39.8779,  11.6927, 290.9321,  35.0431
 39.8885,  11.7182, 290.3741,  35.0298
 39.9074,  11.7395, 289.8636,  35.0285
 39.9346,  11.7533, 289.3691,  35.0424
 39.9772,  11.7772, 288.7996,  35.0619
 40.0158,  11.8143, 288.1844,  35.0650
 40.0510,  11.8546, 287.6321,  35.0618
 40.0960,  11.8995, 287.2625,  35.0637
 40.1451,  11.9393, 287.1466,  35.0743
 40.1736,  11.9723, 287.2295,  35.0710
 40.1914,  11.9930, 287.3864,  35.0688
 40.1859,  12.0026, 287.5407,  35.0545
 40.1834,  12.0000, 287.6754,  35.0544
 40.1849,  11.9956, 287.7482,  35.0600
 40.1796,  11.9886, 287.7629,  35.0614
 40.1804,  11.9853, 287.7792,  35.0653
 40.1846,  11.9894, 287.8019,  35.0655
 40.1928,  11.9968, 287.8170,  35.0666
 40.2029,  12.0035, 287.8260,  35.0701
 40.2120,  12.0098, 287.8817,  35.0730
 40.2171,  12.0168, 287.9907,  35.0714
 40.2130,  12.0195, 288.0949,  35.0648
 40.2148,  12.0188, 288.0759,  35.0672
 40.2187,  12.0201, 287.8468,  35.0699
 40.2229,  12.0226, 287.5383,  35.0718
 40.2234,  12.0242, 287.4354,  35.0707
 40.2246,  12.0265, 287.6554,  35.0697
 40.2201,  12.0250, 288.0193,  35.0665
 40.2182,  12.0218, 288.2282,  35.0676
 40.2158,  12.0191, 288.1178,  35.0678
 40.2162,  12.0182, 287.8037,  35.0693
 40.2160,  12.0180, 287.5590,  35.0693
 40.2138,  12.0175, 287.5949,  35.0677
 40.2120,  12.0163, 287.8787,  35.0669
 40.2096,  12.0147, 288.1299,  35.0660
 40.2074,  12.0120, 288.1434,  35.0663
 40.2042,  12.0094, 287.8911,  35.0657
 40.2043,  12.0074, 287.5763,  35.0679
 40.2043,  12.0072, 287.4370,  35.0681
 40.2042,  12.0083, 287.5686,  35.0669
 40.2039,  12.0074, 287.8180,  35.0673
 40.2059,  12.0076, 287.9496,  35.0691
 40.2067,  12.0084, 287.8485,  35.0692
 40.2081,  12.0095, 287.5795,  35.0696
 40.2102,  12.0108, 287.3683,  35.0705
 40.2199,  12.0151, 287.4016,  35.0760
 40.2173,  12.0187, 287.6706,  35.0699
 40.2102,  12.0147, 287.9933,  35.0666
 40.2065,  12.0104, 288.1195,  35.0670
 40.2039,  12.0073, 287.9523,  35.0674
 40.2066,  12.0078, 287.5817,  35.0697
 40.2093,  12.0118, 287.2465,  35.0688
 40.2240,  12.0192, 287.1554,  35.0762
 40.2368,  12.0342, 287.3333,  35.0745
 40.2375,  12.0375, 287.6148,  35.0720
 40.2368,  12.0379, 287.6473,  35.0709
 40.2350,  12.0376, 287.3704,  35.0696
 40.2407,  12.0390, 286.7465,  35.0741
 40.2536,  12.0466, 285.8539,  35.0799
 40.2887,  12.0699, 284.8864,  35.0926
 40.3271,  12.1034, 284.0768,  35.0988
 40.3609,  12.1369, 283.5391,  35.1005
 40.3874,  12.1627, 283.1866,  35.1022
 40.4056,  12.1824, 282.8000,  35.1015
 40.4200,  12.1978, 282.2171,  35.1014
 40.4374,  12.2128, 281.4362,  35.1046
 40.4509,  12.2286, 280.6805,  35.1031
 40.4722,  12.2449, 280.1003,  35.1088
 40.5011,  12.2674, 279.8386,  35.1159
 40.5262,  12.2929, 279.8970,  35.1163
 40.5354,  12.3073, 280.1326,  35.1116
 40.5387,  12.3129, 280.3275,  35.1095
 40.5411,  12.3150, 280.4043,  35.1098
 40.5431,  12.3161, 280.3832,  35.1108
 40.5440,  12.3162, 280.3182,  35.1115
 40.5462,  12.3165, 280.2453,  35.1134
 40.5483,  12.3173, 280.1815,  35.1147
 40.5496,  12.3195, 280.1631,  35.1139
 40.5522,  12.3209, 280.1631,  35.1151
 40.5541,  12.3211, 280.2019,  35.1167
 40.5537,  12.3224, 280.2711,  35.1152
 40.5506,  12.3226, 280.3913,  35.1119
 40.5444,  12.3206, 280.5411,  35.1077
 40.5368,  12.3165, 280.6822,  35.1041
 40.5325,  12.3092, 280.7471,  35.1067
 40.5277,  12.3028, 280.6805,  35.1081
 40.5272,  12.2999, 280.5513,  35.1104
 40.5247,  12.2983, 280.4958,  35.1096
 40.5240,  12.2986, 280.5690,  35.1085
 40.5200,  12.2965, 280.7006,  35.1065
 40.5179,  12.2934, 280.7806,  35.1074
 40.5149,  12.2908, 280.7829,  35.1070
 40.5138,  12.2887, 280.8071,  35.1078
 40.5114,  12.2871, 280.8818,  35.1070
 40.5052,  12.2847, 280.9654,  35.1032
 40.5023,  12.2808, 280.9523,  35.1040
 40.5005,  12.2779, 280.8073,  35.1050
 40.5011,  12.2768, 280.6281,  35.1067
 40.5012,  12.2767, 280.5867,  35.1069
 40.5049,  12.2809, 280.7568,  35.1065
 40.5014,  12.2801, 281.0068,  35.1037
 40.4991,  12.2776, 281.0931,  35.1038
 40.4979,  12.2757, 280.9375,  35.1046
 40.4989,  12.2757, 280.7040,  35.1057
 40.5009,  12.2765, 280.6340,  35.1068
 40.5086,  12.2834, 280.8064,  35.1077
 40.5074,  12.2853, 281.0334,  35.1047
 40.5075,  12.2844, 281.1102,  35.1057
 40.5066,  12.2832, 280.9944,  35.1059
 40.5076,  12.2831, 280.8098,  35.1070
 40.5083,  12.2827, 280.7605,  35.1081
 40.5101,  12.2867, 280.9401,  35.1061
 40.5057,  12.2846, 281.1822,  35.1036
 40.5021,  12.2812, 281.2024,  35.1033
 40.5012,  12.2791, 280.9084,  35.1045
 40.5025,  12.2796, 280.5504,  35.1055
 40.5095,  12.2824, 280.5019,  35.1096
 40.5191,  12.2926, 280.8295,  35.1093
 40.5099,  12.2890, 281.2473,  35.1036
 40.5034,  12.2825, 281.4211,  35.1033
 40.4986,  12.2773, 281.2480,  35.1036
 40.4970,  12.2739, 280.9131,  35.1053
 40.4953,  12.2723, 280.7036,  35.1053
 40.5061,  12.2782, 280.7356,  35.1102
 40.5072,  12.2828, 280.8697,  35.1070
 40.5074,  12.2832, 280.9417,  35.1067
 40.5065,  12.2821, 280.9391,  35.1068
 40.5050,  12.2812, 280.9660,  35.1063
 40.5010,  12.2785, 281.0635,  35.1049
 40.4975,  12.2759, 281.1546,  35.1038
 40.4968,  12.2733, 281.1408,  35.1056
 40.4960,  12.2713, 281.0323,  35.1068
 40.4970,  12.2713, 280.9189,  35.1078
 40.4989,  12.2720, 280.9026,  35.1090
 40.5057,  12.2779, 280.9933,  35.1100
 40.5086,  12.2825, 281.0854,  35.1085
 40.5122,  12.2846, 281.1012,  35.1100
 40.5148,  12.2861, 281.0786,  35.1110
 40.5153,  12.2883, 281.1164,  35.1096
 40.5139,  12.2893, 281.1979,  35.1071
 40.5116,  12.2883, 281.2422,  35.1059
 40.5100,  12.2868, 281.1830,  35.1057
 40.5116,  12.2864, 281.0605,  35.1078
 40.5112,  12.2872, 280.9456,  35.1067
 40.5127,  12.2877, 280.9116,  35.1077
 40.5186,  12.2907, 280.9569,  35.1105
 40.5228,  12.2947, 281.0114,  35.1108
 40.5261,  12.2978, 280.8277,  35.1113
 40.5331,  12.3019, 280.3960,  35.1143
 40.5432,  12.3085, 279.7238,  35.1183
 40.5592,  12.3195, 278.8745,  35.1238
 40.5891,  12.3415, 277.9953,  35.1325
 40.6114,  12.3659, 277.2413,  35.1316
 40.6352,  12.3877, 276.6015,  35.1345
 40.6673,  12.4139, 275.9528,  35.1413
 40.7014,  12.4441, 275.1920,  35.1462
 40.7369,  12.4750, 274.3617,  35.1520
 40.7693,  12.5045, 273.5453,  35.1561
 40.7912,  12.5331, 272.7830,  35.1507
 40.8244,  12.5590, 272.0408,  35.1588
 40.8555,  12.5852, 271.2567,  35.1646
 40.8856,  12.6131, 270.3957,  35.1679
 40.9200,  12.6414, 269.4974,  35.1750
 40.9402,  12.6691, 268.6942,  35.1690
 40.9609,  12.6857, 268.0606,  35.1737
 40.9836,  12.7045, 267.5302,  35.1780
 41.0124,  12.7304, 266.9312,  35.1819
 41.0354,  12.7529, 266.1656,  35.1833
 41.0538,  12.7707, 265.2908,  35.1847
 41.0681,  12.7851, 264.4321,  35.1854
 41.0772,  12.7962, 263.6686,  35.1841
 41.0860,  12.8037, 262.9279,  35.1858
 41.0961,  12.8120, 262.1374,  35.1881
 41.1042,  12.8204, 261.2895,  35.1884
 41.1096,  12.8267, 260.5286,  35.1880
 41.1132,  12.8305, 259.9695,  35.1883
 41.1162,  12.8337, 259.4815,  35.1883
 41.1189,  12.8366, 258.8134,  35.1885
 41.1206,  12.8389, 257.8740,  35.1883
 41.1216,  12.8404, 256.8195,  35.1884
 41.1220,  12.8413, 255.9280,  35.1883
 41.1224,  12.8419, 255.2901,  35.1884
 41.1234,  12.8424, 254.7719,  35.1891
 41.1239,  12.8430, 254.1975,  35.1892
 41.1242,  12.8437, 253.4641,  35.1892
 41.1255,  12.8448, 252.5732,  35.1898
 41.1295,  12.8476, 251.5615,  35.1914
 41.1336,  12.8515, 250.5899,  35.1921
 41.1357,  12.8547, 249.8308,  35.1915
 41.1423,  12.8589, 249.3361,  35.1942
 41.1549,  12.8730, 248.9152,  35.1933
 41.1780,  12.8919, 248.3297,  35.1980
 41.1970,  12.9091, 247.5066,  35.2005
 41.2132,  12.9231, 246.5580,  35.2033
 41.2261,  12.9371, 245.6466,  35.2030
 41.2390,  12.9485, 244.8970,  35.2051
 41.2505,  12.9578, 244.2510,  35.2077
 41.2738,  12.9697, 243.5835,  35.2192
 41.3055,  12.9941, 242.8009,  35.2271
 41.3371,  13.0209, 241.9304,  35.2326
 41.3620,  13.0471, 241.1090,  35.2324
 41.3798,  13.0663, 240.4491,  35.2318
 41.3980,  13.0826, 239.9061,  35.2342
 41.4157,  13.1011, 239.2891,  35.2342
 41.4350,  13.1184, 238.4801,  35.2368
 41.4529,  13.1348, 237.5301,  35.2390
 41.4643,  13.1505, 236.6236,  35.2357
 41.4793,  13.1612, 235.8811,  35.2403
 41.4932,  13.1735, 235.3159,  35.2423
 41.5023,  13.1865, 234.7585,  35.2392
 41.5180,  13.1986, 234.0562,  35.2432
 41.5408,  13.2151, 233.2215,  35.2500
 41.5614,  13.2321, 232.5835,  35.2539
 41.5878,  13.2540, 232.2127,  35.2589
 41.6147,  13.2786, 232.1008,  35.2616
 41.6302,  13.2966, 232.1140,  35.2597
 41.6394,  13.3071, 232.1074,  35.2585
 41.6457,  13.3138, 232.0224,  35.2584
 41.6506,  13.3187, 231.8936,  35.2586
 41.6524,  13.3219, 231.8543,  35.2573
 41.6561,  13.3244, 231.9725,  35.2585
 41.6548,  13.3250, 232.1696,  35.2566
 41.6526,  13.3236, 232.2867,  35.2558
 41.6510,  13.3220, 232.2485,  35.2557
 41.6509,  13.3212, 232.1424,  35.2564
 41.6493,  13.3199, 232.1042,  35.2562
 41.6512,  13.3202, 232.2340,  35.2577
 41.6495,  13.3194, 232.5116,  35.2566
 41.6415,  13.3147, 232.8321,  35.2532
 41.6311,  13.3075, 233.0252,  35.2501
 41.6263,  13.3015, 232.9168,  35.2510
 41.6257,  13.2992, 232.5805,  35.2527
 41.6231,  13.2980, 232.3007,  35.2516
 41.6314,  13.3010, 232.3607,  35.2566
 41.6332,  13.3054, 232.7554,  35.2541
 41.6238,  13.2996, 233.2191,  35.2503
 41.6139,  13.2905, 233.4246,  35.2494
 41.6117,  13.2854, 233.2773,  35.2520
 41.6102,  13.2836, 232.8895,  35.2524
 41.6074,  13.2835, 232.4880,  35.2500
 41.6125,  13.2842, 232.2813,  35.2543
 41.6287,  13.2954, 232.3787,  35.2592
 41.6345,  13.3035, 232.7303,  35.2570
 41.6297,  13.3030, 233.1595,  35.2528
 41.6215,  13.2973, 233.4148,  35.2501
 41.6172,  13.2922, 233.3497,  35.2508
 41.6139,  13.2889, 232.9617,  35.2510
 41.6148,  13.2883, 232.4518,  35.2526
 41.6208,  13.2900, 232.1438,  35.2568
 41.6395,  13.3035, 232.2454,  35.2620
 41.6388,  13.3077, 232.6990,  35.2572
 41.6321,  13.3044, 233.2012,  35.2537
 41.6229,  13.2980, 233.4434,  35.2508
 41.6193,  13.2936, 233.3279,  35.2515
 41.6161,  13.2901, 232.9949,  35.2520
 41.6121,  13.2882, 232.6774,  35.2500
 41.6181,  13.2878, 232.5596,  35.2561
 41.6293,  13.2963, 232.6522,  35.2588
 41.6342,  13.3027, 232.8269,  35.2575
 41.6356,  13.3059, 232.9379,  35.2559
 41.6367,  13.3068, 232.9357,  35.2560
 41.6381,  13.3080, 232.8609,  35.2563
 41.6372,  13.3090, 232.7875,  35.2545
 41.6372,  13.3085, 232.7745,  35.2550
 41.6386,  13.3082, 232.8204,  35.2566
 41.6398,  13.3091, 232.6387,  35.2569
 41.6424,  13.3105, 232.2545,  35.2583
 41.6507,  13.3146, 231.6850,  35.2625
 41.6621,  13.3222, 231.0031,  35.2666
 41.6710,  13.3323, 230.3188,  35.2659
 41.6747,  13.3406, 229.6610,  35.2621
 41.6861,  13.3472, 228.9205,  35.2671
 41.6984,  13.3576, 227.9893,  35.2695
 41.7141,  13.3711, 226.9353,  35.2722
 41.7244,  13.3856, 225.9818,  35.2691
 41.7391,  13.3968, 225.2926,  35.2729
 41.7512,  13.4083, 224.7203,  35.2739
 41.7639,  13.4204, 224.0215,  35.2750
 41.7759,  13.4313, 223.1259,  35.2766
 41.7840,  13.4413, 222.2468,  35.2754
 41.7940,  13.4484, 221.5714,  35.2785
 41.8023,  13.4549, 220.9520,  35.2806
 41.8111,  13.4629, 220.1198,  35.2818
 41.8184,  13.4710, 219.0196,  35.2817
 41.8229,  13.4774, 217.9198,  35.2806
 41.8265,  13.4813, 217.1273,  35.2807
 41.8300,  13.4848, 216.7183,  35.2809
 41.8326,  13.4875, 216.4374,  35.2810
 41.8344,  13.4896, 215.9469,  35.2809
 41.8357,  13.4913, 215.0447,  35.2811
 41.8380,  13.4936, 213.7873,  35.2816
 41.8402,  13.4968, 212.4477,  35.2813
 41.8452,  13.5005, 211.3966,  35.2830
 41.8580,  13.5109, 210.8156,  35.2856
 41.8685,  13.5211, 210.6185,  35.2863
 41.8717,  13.5256, 210.4645,  35.2852
 41.8745,  13.5288, 210.0149,  35.2851
 41.8788,  13.5330, 209.1056,  35.2857
 41.8831,  13.5375, 207.8203,  35.2860
 41.8911,  13.5475, 206.4575,  35.2849
 41.9069,  13.5582, 205.3913,  35.2904
 41.9287,  13.5761, 204.7787,  35.2947
 41.9447,  13.5907, 204.4444,  35.2964
 41.9547,  13.6019, 204.0793,  35.2957
 41.9639,  13.6105, 203.4316,  35.2966
 41.9742,  13.6195, 202.4776,  35.2983
 41.9946,  13.6346, 201.3892,  35.3041
 42.0133,  13.6531, 200.4086,  35.3050
 42.0454,  13.6742, 199.6561,  35.3161
 42.0759,  13.6992, 199.0335,  35.3219
 42.1142,  13.7219, 198.3744,  35.3372
 42.1526,  13.7520, 197.5878,  35.3459
 42.1885,  13.7862, 196.7664,  35.3483
 42.2120,  13.8169, 196.0527,  35.3423
 42.2566,  13.8484, 195.4424,  35.3554
 42.3072,  13.8903, 194.7733,  35.3644
 42.3747,  13.9442, 193.9043,  35.3783
 42.4427,  14.0037, 192.8363,  35.3874
 42.4957,  14.0605, 191.7362,  35.3850
 42.5386,  14.1023, 190.8415,  35.3871
 42.5820,  14.1397, 190.2419,  35.3934
 42.6163,  14.1710, 189.8285,  35.3968
 42.6427,  14.1985, 189.3398,  35.3962
 42.6698,  14.2224, 188.5992,  35.3998
 42.6964,  14.2459, 187.6277,  35.4033
 42.7143,  14.2673, 186.6530,  35.4007
 42.7314,  14.2824, 185.8142,  35.4031
 42.7455,  14.2946, 185.0932,  35.4053
 42.7608,  14.3053, 184.3337,  35.4100
 42.7755,  14.3175, 183.4752,  35.4127
 42.7866,  14.3300, 182.6197,  35.4120
 42.7938,  14.3402, 181.9494,  35.4096
 42.8061,  14.3500, 181.4032,  35.4123
 42.8187,  14.3591, 180.7350,  35.4158
 42.8313,  14.3707, 179.7828,  35.4173
 42.8410,  14.3815, 178.6553,  35.4169
 42.8482,  14.3897, 177.6612,  35.4164
 42.8542,  14.3955, 176.9798,  35.4169
 42.8581,  14.4000, 176.4971,  35.4166
 42.8611,  14.4039, 175.9695,  35.4160
 42.8639,  14.4067, 175.2670,  35.4163
 42.8668,  14.4094, 174.3681,  35.4170
 42.8710,  14.4128, 173.3185,  35.4181
 42.8741,  14.4168, 172.2661,  35.4177
 42.8767,  14.4196, 171.4408,  35.4180
 42.8803,  14.4220, 170.9203,  35.4193
 42.8825,  14.4245, 170.4908,  35.4193
 42.8857,  14.4275, 169.7811,  35.4197
 42.8894,  14.4309, 168.7141,  35.4205
 42.8925,  14.4351, 167.5528,  35.4200
 42.8976,  14.4396, 166.6346,  35.4210
 42.9029,  14.4442, 166.0120,  35.4219
 42.9052,  14.4482, 165.4776,  35.4206
 42.9084,  14.4517, 164.8047,  35.4207
 42.9107,  14.4543, 163.9612,  35.4208
 42.9127,  14.4566, 163.0447,  35.4209
 42.9141,  14.4591, 162.1507,  35.4202
 42.9147,  14.4616, 161.3597,  35.4188
 42.9177,  14.4643, 160.6323,  35.4194
 42.9205,  14.4677, 159.9690,  35.4193
 42.9239,  14.4706, 159.2907,  35.4200
 42.9278,  14.4737, 158.5368,  35.4211
 42.9319,  14.4775, 157.6969,  35.4218
 42.9352,  14.4810, 156.8160,  35.4219
 42.9408,  14.4851, 155.9405,  35.4237
 42.9443,  14.4911, 155.1454,  35.4218
 42.9471,  14.4963, 154.4290,  35.4199
 42.9488,  14.5027, 153.7597,  35.4159
 42.9704,  14.5132, 153.0526,  35.4265
 42.9912,  14.5286, 152.2291,  35.4320
 43.0107,  14.5452, 151.2886,  35.4351
 43.0257,  14.5608, 150.3650,  35.4351
 43.0354,  14.5709, 149.6122,  35.4352
 43.0470,  14.5796, 149.0529,  35.4382
 43.0526,  14.5899, 148.5041,  35.4342
 43.0682,  14.6013, 147.7438,  35.4384
 43.0827,  14.6135, 146.7311,  35.4410
 43.0984,  14.6271, 145.6350,  35.4436
 43.1118,  14.6427, 144.6721,  35.4420
 43.1368,  14.6591, 143.9343,  35.4505
 43.1549,  14.6747, 143.3282,  35.4531
 43.1767,  14.6916, 142.6845,  35.4579
 43.1966,  14.7088, 141.9086,  35.4609
 43.2116,  14.7249, 141.0798,  35.4603
 43.2213,  14.7382, 140.2847,  35.4574
 43.2294,  14.7487, 139.5141,  35.4556
 43.2437,  14.7583, 138.7287,  35.4603
 43.2570,  14.7690, 137.9197,  35.4630
 43.2669,  14.7792, 137.1075,  35.4632
 43.2746,  14.7876, 136.2934,  35.4629
 43.2811,  14.7948, 135.4767,  35.4627
 43.2867,  14.8008, 134.6798,  35.4627
 43.2892,  14.8058, 133.9530,  35.4607
 43.2888,  14.8105, 133.2978,  35.4564
 43.3061,  14.8171, 132.6005,  35.4665
 43.3300,  14.8317, 131.7519,  35.4755
 43.3530,  14.8528, 130.7450,  35.4777
 43.3707,  14.8725, 129.7429,  35.4764
 43.3827,  14.8857, 128.8952,  35.4757
 43.3959,  14.8955, 128.2042,  35.4792
 43.4030,  14.9049, 127.5643,  35.4774
 43.4215,  14.9178, 126.8681,  35.4829
 43.4422,  14.9350, 126.0773,  35.4865
 43.4609,  14.9514, 125.2308,  35.4889
 43.4759,  14.9676, 124.4046,  35.4883
 43.4909,  14.9830, 123.6098,  35.4883
 43.5119,  14.9996, 122.8140,  35.4928
 43.5334,  15.0180, 121.9403,  35.4960
 43.5583,  15.0393, 120.9667,  35.4998
 43.5788,  15.0618, 120.0033,  35.4984
 43.6008,  15.0828, 119.2114,  35.4997
 43.6303,  15.1029, 118.6915,  35.5087
 43.6569,  15.1241, 118.2962,  35.5138
 43.6841,  15.1484, 117.7385,  35.5167
 43.7087,  15.1699, 116.8077,  35.5200
 43.7580,  15.2031, 115.5839,  35.5351
 43.7948,  15.2465, 114.4004,  35.5298
 43.8380,  15.2803, 113.5515,  35.5387
 43.8722,  15.3119, 113.0747,  35.5413
 43.8957,  15.3370, 112.7078,  35.5401
 43.9134,  15.3542, 112.1348,  35.5408
 43.9297,  15.3680, 111.2512,  35.5433
 43.9538,  15.3847, 110.1864,  35.5505
 43.9741,  15.4047, 109.1525,  35.5512
 44.0011,  15.4238, 108.3151,  35.5587
 44.0243,  15.4431, 107.6682,  35.5625
 44.0356,  15.4634, 107.0997,  35.5545
 44.0745,  15.4853, 106.4570,  35.5702
 44.1071,  15.5119, 105.6691,  35.5759
 44.1333,  15.5370, 104.7407,  35.5773
 44.1546,  15.5591, 103.7769,  35.5769
 44.1832,  15.5820, 102.8165,  35.5824
 44.2199,  15.6086, 101.8948,  35.5919
 44.2619,  15.6426, 101.0579,  35.5993
 44.2889,  15.6828, 100.3699,  35.5877
 44.3165,  15.7039,  99.8175,  35.5937
 44.3356,  15.7196,  99.3013,  35.5968
 44.3770,  15.7432,  98.6656,  35.6131
 44.4177,  15.7746,  97.7817,  35.6217
 44.4618,  15.8132,  96.7025,  35.6269
 44.4960,  15.8485,  95.6116,  35.6263
 44.5194,  15.8746,  94.6919,  35.6241
 44.5472,  15.8937,  93.9487,  35.6321
 44.5617,  15.9116,  93.2476,  35.6293
 44.6065,  15.9377,  92.5181,  35.6462
 44.6407,  15.9707,  91.8356,  35.6474
 44.6636,  15.9975,  91.2621,  35.6440
 44.6858,  16.0185,  90.7152,  35.6452
 44.7503,  16.0501,  90.0032,  35.6747
 44.8331,  16.1130,  89.0136,  35.6923
 44.9141,  16.1830,  87.8250,  35.7022
 44.9704,  16.2457,  86.6521,  35.6965
 45.0218,  16.2915,  85.6915,  35.7014
 45.0779,  16.3351,  85.0243,  35.7124
 45.1236,  16.3738,  84.5548,  35.7184
 45.1667,  16.4154,  84.0601,  35.7196
 45.2079,  16.4503,  83.3905,  35.7251
 45.2527,  16.4840,  82.5533,  35.7350
 45.2991,  16.5220,  81.6239,  35.7423
 45.3539,  16.5631,  80.6544,  35.7544
 45.4141,  16.6092,  79.6511,  35.7668
 45.4732,  16.6557,  78.6382,  35.7778
 45.5159,  16.7028,  77.7277,  35.7736
 45.5503,  16.7369,  77.0226,  35.7737
 45.5863,  16.7647,  76.5142,  35.7808
 45.6162,  16.7992,  76.0322,  35.7765
 45.6607,  16.8395,  75.3410,  35.7800
 45.7274,  16.8852,  74.3327,  35.7982
 45.8356,  16.9545,  73.1643,  35.8317
 45.9184,  17.0317,  72.1445,  35.8359
 46.0267,  17.1097,  71.4768,  35.8614
 46.1320,  17.1962,  71.0220,  35.8765
 46.2090,  17.2711,  70.4879,  35.8772
 46.2642,  17.3273,  69.7334,  35.8757
 46.2975,  17.3664,  68.8061,  35.8703
 46.3175,  17.3947,  67.9137,  35.8629
 46.3355,  17.4139,  67.1526,  35.8618
 46.3474,  17.4299,  66.4232,  35.8583
 46.4070,  17.4642,  65.6005,  35.8799
 46.4678,  17.5129,  64.7065,  35.8898
 46.4918,  17.5610,  63.9244,  35.8683
 46.5394,  17.5943,  63.3597,  35.8803
 46.5688,  17.6354,  62.8812,  35.8695
 46.6363,  17.6847,  62.2346,  35.8845
 46.6940,  17.7266,  61.3361,  35.8977
 46.7671,  17.7723,  60.3104,  35.9207
 46.8452,  17.8400,  59.3531,  35.9286
 46.9414,  17.9053,  58.5641,  35.9541
 47.0324,  17.9727,  57.8951,  35.9730
 47.1197,  18.0385,  57.2633,  35.9901
 47.2009,  18.1077,  56.6025,  35.9990
 47.2698,  18.1712,  55.8993,  36.0023
 47.3282,  18.2226,  55.1329,  36.0072
 47.3745,  18.2665,  54.3175,  36.0085
 47.4439,  18.3106,  53.4604,  36.0293
 47.5463,  18.3838,  52.6187,  36.0525
 47.6829,  18.4713,  51.7839,  36.0921
 47.8507,  18.5809,  50.9411,  36.1387
 47.9818,  18.6972,  50.1535,  36.1480
 48.0447,  18.8068,  49.4757,  36.1054
 48.1111,  18.8724,  48.8564,  36.1043
 48.2868,  18.9475,  48.1788,  36.1869
 48.4535,  19.0631,  47.3542,  36.2263
 48.6273,  19.1891,  46.4279,  36.2623
 48.7191,  19.3261,  45.5683,  36.2200
 48.8958,  19.4183,  44.8804,  36.2875
 49.0367,  19.5209,  44.2845,  36.3157
 49.1935,  19.6271,  43.6195,  36.3539
 49.3358,  19.7457,  42.7611,  36.3692
 49.4752,  19.8588,  41.8133,  36.3867
 49.5747,  19.9753,  40.9409,  36.3681
 49.6930,  20.0615,  40.1630,  36.3914
 49.7826,  20.1285,  39.4157,  36.4073
 49.9372,  20.2211,  38.6570,  36.4545
 50.0693,  20.3309,  37.9248,  36.4682
 50.2139,  20.4426,  37.2059,  36.4904
 50.3846,  20.5780,  36.4417,  36.5132
 50.5543,  20.7242,  35.6246,  36.5257
 50.6880,  20.8602,  34.8194,  36.5176
 50.7560,  20.9833,  34.0665,  36.4673
 50.8136,  21.0690,  33.3333,  36.4409
 50.8951,  21.1419,  32.5218,  36.4446
 50.9319,  21.1970,  31.6179,  36.4276
 50.9417,  21.2318,  30.7593,  36.4061
 50.9412,  21.2483,  30.0507,  36.3920
 50.9305,  21.2572,  29.4340,  36.3759
 50.8678,  21.2684,  28.7194,  36.3163
 50.8344,  21.3165,  27.8136,  36.2491
 50.8512,  21.4194,  26.8016,  36.1760
 50.8697,  21.5231,  25.9127,  36.1037
 50.9395,  21.6048,  25.2559,  36.0909
 50.9867,  21.7183,  24.7310,  36.0336
 51.2749,  21.9695,  24.1347,  36.0525
 51.8643,  22.4086,  23.3820,  36.1515
 52.4773,  23.0602,  22.6300,  36.0909
 53.0034,  23.6014,  21.9932,  36.0532
 53.3581,  24.1023,  21.5418,  35.9177
 53.8831,  24.5463,  21.3480,  35.9572
 54.2556,  24.9972,  21.3902,  35.8760
 54.4122,  25.2784,  21.5636,  35.7695
 54.4640,  25.4116,  21.6895,  35.7027
 54.4922,  25.4650,  21.6446,  35.6816
 54.5204,  25.5018,  21.5156,  35.6736
 54.5151,  25.5262,  21.4561,  35.6506
 54.6056,  25.5781,  21.5071,  35.6765
 54.6246,  25.6178,  21.6006,  35.6594
 54.6147,  25.6250,  21.6577,  35.6464
 54.6034,  25.6230,  21.6977,  35.6397
 54.5848,  25.6083,  21.7828,  35.6374
 54.5581,  25.5803,  21.8876,  35.6396
 54.5210,  25.5457,  21.9435,  35.6394
 54.5068,  25.5270,  21.8907,  35.6437
 54.5057,  25.5181,  21.7909,  35.6498
 54.4706,  25.5229,  21.7105,  35.6203
 54.4715,  25.5069,  21.6541,  35.6335
 54.4756,  25.5138,  21.6294,  35.6311
 54.4951,  25.5173,  21.6729,  35.6428
 54.5303,  25.5243,  21.7923,  35.6631
 54.5304,  25.5309,  21.8041,  35.6580
 54.5420,  25.5378,  21.6470,  35.6613
 54.6221,  25.5734,  21.2156,  35.6924
 54.7918,  25.7284,  20.5353,  35.6959
 54.9416,  25.9171,  19.8166,  35.6585
 55.0974,  26.0439,  19.2760,  35.6736
 55.2368,  26.1680,  18.8895,  35.6788
 55.3362,  26.2862,  18.3980,  35.6594
 55.4204,  26.3771,  17.6131,  35.6502
 55.4871,  26.4527,  16.5721,  35.6404
 55.5299,  26.5213,  15.4904,  35.6186
 55.5739,  26.5714,  14.5633,  35.6120
 55.6120,  26.6189,  13.8753,  35.6031
 55.6327,  26.6501,  13.3262,  35.5942
 55.6593,  26.6834,  12.6689,  35.5878
 55.6826,  26.7142,  11.8115,  35.5812
 55.6891,  26.7368,  10.9801,  35.5688
 55.6979,  26.7486,  10.2216,  35.5663
 55.7064,  26.7568,   9.5705,  35.5663
 55.7011,  26.7637,   8.9150,  35.5574
 55.7166,  26.7767,   8.1407,  35.5588
 55.7507,  26.7979,   7.2974,  35.5673
 55.7587,  26.8283,   6.5030,  35.5499
 55.7863,  26.8581,   5.8153,  35.5471
 55.8291,  26.8967,   5.1575,  35.5484
 55.9030,  26.9463,   4.4172,  35.5636
 55.9771,  27.0082,   3.5742,  35.5695
 56.0332,  27.0573,   2.6874,  35.5723
 56.0662,  27.1042,   1.8849,  35.5603
 38.4172,  27.1075,   1.3421,  23.3123
 25.7327,  27.0718,   0.9853,  15.0061
 17.4429,  27.0263,   0.7489,   9.8298
 11.6911,  26.9691,   0.5814,   6.3829
  7.8410,  26.8741,   0.4712,   4.1629
  5.2748,  26.7500,   0.3992,   2.7327
  3.5482,  26.6023,   0.3503,   1.7991
  2.4056,  26.4440,   0.3157,   1.1975
  1.6361,  26.2865,   0.2925,   0.8016
  1.1160,  26.1019,   0.2757,   0.5400
  0.7686,  25.9194,   0.2678,   0.3686
  0.5329,  25.7380,   0.2627,   0.2542
  0.3759,  25.5809,   0.2532,   0.1792
  0.2688,  25.4472,   0.2604,   0.1288
  0.1948,  25.3259,   0.2646,   0.0945
  0.1339,  25.2172,   0.2781,   0.0668
