   COND      TEMP      PRES      SALT   
 (mmho/cm)   (C)      (dbar)   (PSU-78) 
 36.2464,  22.1759,   3.2414,  24.3732
 41.4029,  22.3521,   4.2335,  28.1377
 44.8390,  22.4686,   4.9890,  30.6716
 47.1299,  22.5474,   5.5619,  32.3707
 48.6557,  22.5996,   6.1849,  33.5070
 49.6766,  22.6342,   7.0738,  34.2694
 50.3576,  22.6577,   8.2690,  34.7784
 50.8124,  22.6736,   9.6287,  35.1184
 51.1157,  22.6840,  10.9521,  35.3452
 51.3182,  22.6908,  12.1439,  35.4968
 51.4522,  22.6953,  13.1163,  35.5971
 51.5406,  22.6975,  13.9078,  35.6637
 51.6001,  22.6993,  14.6938,  35.7083
 51.6404,  22.7007,  15.6423,  35.7383
 51.6675,  22.7017,  16.7715,  35.7582
 51.6846,  22.7027,  17.6938,  35.7704
 51.6948,  22.7032,  18.3711,  35.7777
 51.6991,  22.7024,  18.7957,  35.7815
 51.7067,  22.7020,  18.9352,  35.7877
 51.7103,  22.7025,  18.9016,  35.7901
 51.7116,  22.7020,  18.9170,  35.7915
 51.7170,  22.7023,  19.1506,  35.7954
 51.7231,  22.7048,  19.5012,  35.7980
 51.7255,  22.7066,  19.7464,  35.7983
 51.7296,  22.7087,  19.7420,  35.7998
 51.7307,  22.7095,  19.5531,  35.8000
 51.7293,  22.7093,  19.3776,  35.7992
 51.7296,  22.7080,  19.3761,  35.8005
 51.7316,  22.7085,  19.5716,  35.8015
 51.7364,  22.7100,  19.8512,  35.8040
 51.7397,  22.7111,  20.0792,  35.8055
 51.7380,  22.7118,  20.1847,  35.8036
 51.7380,  22.7115,  20.1826,  35.8038
 51.7360,  22.7107,  20.1473,  35.8029
 51.7355,  22.7089,  20.1708,  35.8040
 51.7373,  22.7079,  20.3050,  35.8062
 51.7398,  22.7090,  20.5084,  35.8072
 51.7402,  22.7098,  20.6578,  35.8068
 51.7389,  22.7099,  20.7042,  35.8057
 51.7365,  22.7093,  20.6753,  35.8043
 51.7340,  22.7101,  20.6360,  35.8017
 51.7315,  22.7106,  20.6344,  35.7993
 51.7323,  22.7087,  20.6926,  35.8015
 51.7358,  22.7073,  20.8050,  35.8054
 51.7394,  22.7086,  20.9298,  35.8071
 51.7404,  22.7081,  21.0292,  35.8082
 51.7373,  22.7080,  21.0468,  35.8058
 51.7364,  22.7070,  20.9650,  35.8060
 51.7367,  22.7069,  20.8042,  35.8065
 51.7355,  22.7063,  20.6276,  35.8060
 51.7342,  22.7057,  20.5401,  35.8055
 51.7343,  22.7059,  20.5865,  35.8054
 51.7366,  22.7061,  20.7775,  35.8070
 51.7399,  22.7073,  21.0014,  35.8085
 51.7402,  22.7089,  21.1550,  35.8074
 51.7418,  22.7104,  21.1707,  35.8074
 51.7416,  22.7110,  21.0519,  35.8068
 51.7397,  22.7111,  20.8133,  35.8052
 51.7370,  22.7107,  20.5512,  35.8036
 51.7367,  22.7096,  20.4031,  35.8044
 51.7343,  22.7089,  20.4880,  35.8030
 51.7357,  22.7092,  20.7640,  35.8038
 51.7360,  22.7099,  21.0493,  35.8034
 51.7363,  22.7110,  21.1744,  35.8026
 51.7363,  22.7113,  21.0451,  35.8024
 51.7335,  22.7108,  20.7483,  35.8008
 51.7317,  22.7095,  20.4693,  35.8006
 51.7298,  22.7082,  20.3873,  35.8000
 51.7297,  22.7080,  20.5373,  35.8001
 51.7288,  22.7080,  20.7905,  35.7993
 51.7263,  22.7080,  20.9772,  35.7973
 51.7264,  22.7085,  20.9726,  35.7970
 51.7257,  22.7085,  20.8209,  35.7966
 51.7234,  22.7079,  20.6856,  35.7952
 51.7221,  22.7070,  20.7065,  35.7950
 51.7233,  22.7067,  20.9015,  35.7961
 51.7256,  22.7069,  21.1523,  35.7976
 51.7259,  22.7076,  21.3659,  35.7972
 51.7288,  22.7096,  21.5157,  35.7978
 51.7301,  22.7107,  21.6793,  35.7978
 51.7327,  22.7105,  21.9936,  35.7999
 51.7393,  22.7117,  22.4887,  35.8040
 51.7477,  22.7137,  23.2471,  35.8085
 51.7548,  22.7155,  24.2726,  35.8123
 51.9261,  22.7432,  25.3992,  35.9224
 52.0610,  22.7631,  26.4223,  36.0108
 52.1352,  22.7588,  27.2854,  36.0719
 52.1417,  22.7263,  28.1127,  36.1035
 52.1664,  22.6815,  29.0697,  36.1595
 52.1895,  22.6464,  30.1859,  36.2061
 52.1639,  22.5785,  31.3845,  36.2422
 52.0542,  22.4602,  32.5432,  36.2542
 51.9100,  22.3170,  33.5966,  36.2601
 51.7691,  22.1773,  34.5115,  36.2656
 51.6260,  22.0465,  35.3261,  36.2618
 51.4775,  21.9125,  36.1914,  36.2564
 51.2770,  21.7431,  37.2086,  36.2392
 50.8743,  21.4484,  38.4161,  36.1658
 50.4013,  21.0610,  39.7221,  36.1129
 49.9040,  20.6614,  40.9110,  36.0490
 49.4483,  20.2995,  41.8856,  35.9854
 49.0730,  19.9335,  42.7418,  35.9899
 48.7322,  19.6059,  43.6701,  35.9892
 48.4187,  19.3034,  44.7450,  35.9891
 48.0718,  18.9897,  45.8829,  35.9701
 47.7853,  18.7222,  46.9334,  35.9612
 47.5311,  18.4916,  47.8714,  35.9469
 47.3444,  18.3111,  48.7768,  35.9458
 47.1943,  18.1700,  49.7947,  35.9411
 47.0430,  18.0354,  51.0050,  35.9295
 46.8745,  17.8918,  52.3209,  35.9108
 46.7280,  17.7696,  53.5415,  35.8921
 46.5880,  17.6414,  54.5501,  35.8841
 46.4522,  17.5127,  55.3836,  35.8802
 46.3147,  17.3970,  56.1983,  35.8631
 46.1794,  17.2862,  57.1141,  35.8433
 46.0558,  17.1850,  58.1536,  35.8251
 45.9157,  17.0719,  59.3162,  35.8028
 45.7981,  16.9719,  60.5481,  35.7883
 45.6952,  16.8810,  61.7252,  35.7786
 45.6233,  16.8131,  62.7469,  35.7756
 45.5762,  16.7667,  63.6273,  35.7752
 45.5403,  16.7349,  64.4880,  35.7717
 45.5117,  16.7100,  65.4402,  35.7684
 45.4878,  16.6879,  66.5231,  35.7666
 45.4462,  16.6571,  67.6909,  35.7570
 45.4007,  16.6214,  68.8452,  35.7483
 45.3524,  16.5809,  69.8847,  35.7414
 45.3090,  16.5422,  70.8220,  35.7373
 45.2718,  16.5100,  71.7692,  35.7328
 45.2395,  16.4829,  72.8305,  35.7281
 45.2090,  16.4573,  73.9579,  35.7236
 45.1782,  16.4303,  75.0441,  35.7201
 45.1558,  16.4086,  76.0282,  35.7193
 45.1405,  16.3936,  76.9449,  35.7187
 45.1275,  16.3819,  77.9029,  35.7173
 45.1177,  16.3725,  78.9937,  35.7167
 45.1096,  16.3648,  80.1744,  35.7159
 45.0979,  16.3560,  81.3565,  35.7128
 45.0805,  16.3404,  82.4570,  35.7110
 45.0644,  16.3272,  83.4642,  35.7082
 45.0444,  16.3109,  84.3884,  35.7046
 45.0210,  16.2941,  85.3189,  35.6986
 44.9970,  16.2735,  86.3295,  35.6953
 44.9704,  16.2521,  87.3806,  35.6905
 44.8977,  16.2000,  88.5712,  35.6720
 44.7712,  16.1165,  89.8150,  35.6337
 44.6475,  16.0114,  91.0002,  35.6171
 44.5368,  15.9128,  92.0083,  35.6064
 44.4598,  15.8353,  92.7871,  35.6068
 44.4123,  15.7827,  93.4479,  35.6113
 44.3653,  15.7433,  94.2433,  35.6043
 44.3137,  15.6995,  95.3792,  35.5969
 44.2428,  15.6461,  96.8264,  35.5806
 44.1879,  15.5956,  98.3229,  35.5763
 44.1499,  15.5587,  99.5980,  35.5747
 44.1275,  15.5352, 100.5050,  35.5754
 44.1167,  15.5217, 101.1433,  35.5775
 44.1079,  15.5133, 101.7599,  35.5770
 44.0965,  15.5055, 102.5537,  35.5734
 44.0827,  15.4942, 103.6142,  35.5707
 44.0637,  15.4800, 104.8933,  35.5659
 44.0195,  15.4471, 106.2750,  35.5551
 43.9115,  15.3738, 107.6278,  35.5230
 43.7267,  15.2271, 108.8414,  35.4877
 43.5829,  15.0896, 109.8156,  35.4811
 43.4834,  14.9848, 110.5782,  35.4852
 43.3955,  14.9072, 111.3067,  35.4751
 43.3162,  14.8412, 112.1638,  35.4622
 43.2593,  14.7894, 113.2142,  35.4568
 43.1926,  14.7376, 114.3861,  35.4423
 43.1343,  14.6868, 115.5913,  35.4345
 43.0844,  14.6420, 116.7713,  35.4289
 43.0171,  14.5954, 117.9031,  35.4090
 42.9467,  14.5320, 118.9342,  35.4016
 42.8711,  14.4686, 119.8765,  35.3893
 42.7732,  14.3872, 120.7718,  35.3728
 42.6977,  14.3146, 121.6765,  35.3690
 42.6382,  14.2578, 122.5940,  35.3653
 42.5625,  14.1950, 123.5538,  35.3522
 42.4833,  14.1275, 124.5997,  35.3401
 42.4111,  14.0620, 125.7476,  35.3324
 42.3373,  13.9939, 126.9079,  35.3256
 42.2875,  13.9431, 127.9728,  35.3253
 42.2502,  13.9062, 128.9182,  35.3240
 42.2212,  13.8790, 129.8690,  35.3215
 42.2021,  13.8586, 130.9207,  35.3220
 42.1882,  13.8445, 132.0792,  35.3214
 42.1783,  13.8340, 133.2206,  35.3213
 42.1721,  13.8268, 134.2074,  35.3217
 42.1691,  13.8191, 134.9892,  35.3257
 42.1692,  13.8111, 135.6705,  35.3329
 42.1458,  13.8003, 136.5166,  35.3205
 42.1080,  13.7733, 137.6859,  35.3095
 42.0560,  13.7293, 139.0626,  35.3006
 42.0016,  13.6817, 140.3457,  35.2928
 41.9661,  13.6458, 141.3842,  35.2922
 41.9421,  13.6213, 142.2712,  35.2919
 41.9214,  13.6034, 143.1935,  35.2885
 41.9069,  13.5894, 144.2037,  35.2874
 41.8875,  13.5745, 145.2663,  35.2823
 41.8566,  13.5518, 146.2977,  35.2737
 41.8155,  13.5203, 147.2352,  35.2636
 41.7782,  13.4859, 148.1564,  35.2600
 41.7481,  13.4546, 149.1289,  35.2600
 41.7202,  13.4291, 150.2363,  35.2568
 41.6654,  13.3913, 151.4483,  35.2394
 41.5988,  13.3348, 152.6964,  35.2280
 41.5368,  13.2780, 153.8693,  35.2214
 41.4931,  13.2350, 154.9206,  35.2193
 41.4589,  13.2022, 155.8714,  35.2169
 41.4332,  13.1773, 156.7427,  35.2152
 41.4150,  13.1591, 157.6031,  35.2143
 41.3975,  13.1437, 158.5122,  35.2116
 41.3805,  13.1294, 159.4785,  35.2083
 41.3669,  13.1160, 160.5364,  35.2073
 41.3475,  13.0993, 161.7069,  35.2038
 41.3183,  13.0724, 162.9342,  35.2005
 41.2920,  13.0469, 164.1539,  35.1986
 41.2635,  13.0202, 165.3118,  35.1958
 41.2402,  12.9985, 166.3405,  35.1933
 41.2173,  12.9760, 167.1821,  35.1919
 41.2013,  12.9570, 167.8559,  35.1940
 41.1890,  12.9455, 168.5076,  35.1927
 41.1749,  12.9343, 169.4117,  35.1892
 41.1599,  12.9208, 170.7002,  35.1869
 41.1450,  12.9070, 172.2078,  35.1849
 41.1305,  12.8925, 173.5686,  35.1839
 41.1205,  12.8823, 174.6053,  35.1833
 41.1185,  12.8729, 175.3314,  35.1898
 41.1190,  12.8667, 175.9966,  35.1959
 41.1084,  12.8628, 176.8258,  35.1890
 41.1002,  12.8577, 177.8792,  35.1855
 41.0921,  12.8518, 179.0770,  35.1827
 41.0846,  12.8454, 180.2925,  35.1809
 41.0808,  12.8413, 181.3960,  35.1806
 41.0784,  12.8394, 182.3345,  35.1798
 41.0774,  12.8377, 183.1779,  35.1799
 41.0763,  12.8367, 184.0811,  35.1794
 41.0758,  12.8362, 185.1672,  35.1790
 41.0745,  12.8351, 186.4072,  35.1782
 41.0717,  12.8328, 187.6328,  35.1771
 41.0700,  12.8298, 188.6724,  35.1779
 41.0682,  12.8258, 189.5094,  35.1794
 41.0649,  12.8228, 190.2736,  35.1789
 41.0550,  12.8161, 191.1176,  35.1753
 41.0432,  12.8058, 192.1339,  35.1731
 41.0252,  12.7912, 193.2785,  35.1689
 41.0106,  12.7775, 194.4671,  35.1671
 40.9914,  12.7627, 195.5596,  35.1620
 40.9749,  12.7471, 196.4763,  35.1604
 40.9582,  12.7304, 197.3254,  35.1596
 40.9430,  12.7164, 198.2543,  35.1577
 40.9300,  12.7043, 199.3812,  35.1560
 40.9133,  12.6906, 200.6725,  35.1521
 40.8877,  12.6676, 201.9234,  35.1484
 40.8716,  12.6488, 202.9038,  35.1500
 40.8605,  12.6343, 203.5743,  35.1526
 40.8532,  12.6213, 204.1409,  35.1575
 40.8401,  12.6150, 204.8702,  35.1504
 40.8188,  12.5990, 205.9275,  35.1444
 40.7919,  12.5774, 207.2875,  35.1381
 40.7619,  12.5524, 208.6401,  35.1320
 40.7367,  12.5266, 209.2724,  35.1315
 40.7237,  12.5114, 209.0947,  35.1332
 40.7240,  12.5073, 208.4685,  35.1377
 40.7289,  12.5110, 207.8872,  35.1392
 40.7363,  12.5180, 207.6198,  35.1399
 40.7457,  12.5267, 207.7199,  35.1408
 40.7467,  12.5305, 207.9854,  35.1381
 40.7519,  12.5305, 208.2244,  35.1429
 40.7511,  12.5279, 208.3885,  35.1446
 40.7509,  12.5254, 208.5058,  35.1466
 40.7498,  12.5241, 208.5438,  35.1468
 40.7474,  12.5229, 208.4315,  35.1456
 40.7480,  12.5240, 208.2494,  35.1452
 40.7521,  12.5273, 208.2298,  35.1462
 40.7469,  12.5279, 208.5237,  35.1405
 40.7412,  12.5252, 209.0366,  35.1372
 40.7348,  12.5214, 209.4971,  35.1345
 40.7278,  12.5121, 209.6081,  35.1364
 40.7230,  12.5061, 209.2854,  35.1375
 40.7255,  12.5058, 208.7401,  35.1404
 40.7278,  12.5094, 208.3793,  35.1394
 40.7283,  12.5128, 208.4985,  35.1367
 40.7251,  12.5120, 209.0555,  35.1340
 40.7152,  12.5059, 209.6842,  35.1299
 40.7111,  12.4978, 210.0094,  35.1334
 40.7077,  12.4929, 209.8671,  35.1348
 40.7084,  12.4927, 209.3558,  35.1359
 40.7142,  12.4964, 208.7893,  35.1382
 40.7195,  12.5023, 208.4865,  35.1379
 40.7224,  12.5073, 208.6061,  35.1361
 40.7195,  12.5065, 209.0324,  35.1338
 40.7118,  12.5015, 209.4822,  35.1309
 40.7126,  12.4959, 209.7436,  35.1367
 40.7095,  12.4920, 209.7785,  35.1374
 40.7094,  12.4908, 209.6286,  35.1385
 40.7105,  12.4913, 209.3249,  35.1392
 40.7167,  12.4947, 208.9304,  35.1422
 40.7208,  12.5000, 208.6263,  35.1413
 40.7240,  12.5056, 208.6641,  35.1392
 40.7218,  12.5079, 209.0672,  35.1348
 40.7136,  12.5025, 209.5605,  35.1316
 40.7121,  12.4969, 209.8022,  35.1353
 40.7093,  12.4944, 209.6551,  35.1351
 40.7107,  12.4938, 209.3113,  35.1370
 40.7127,  12.4962, 208.9951,  35.1369
 40.7166,  12.4999, 208.8294,  35.1372
 40.7213,  12.5048, 208.8428,  35.1371
 40.7249,  12.5092, 208.9975,  35.1365
 40.7254,  12.5115, 209.2384,  35.1348
 40.7206,  12.5111, 209.4464,  35.1305
 40.7222,  12.5084, 209.4659,  35.1345
 40.7245,  12.5082, 209.2675,  35.1370
 40.7299,  12.5102, 208.9955,  35.1404
 40.7309,  12.5129, 208.8677,  35.1389
 40.7300,  12.5145, 209.0231,  35.1365
 40.7223,  12.5111, 209.3713,  35.1321
 40.7159,  12.5044, 209.6505,  35.1321
 40.7114,  12.4987, 209.6391,  35.1330
 40.7124,  12.4979, 209.3240,  35.1349
 40.7172,  12.5000, 208.9409,  35.1377
 40.7200,  12.5035, 208.7952,  35.1372
 40.7200,  12.5059, 209.0844,  35.1348
 40.7119,  12.5005, 209.8117,  35.1318
 40.7004,  12.4919, 210.6905,  35.1283
 40.6780,  12.4783, 211.5456,  35.1191
 40.6550,  12.4582, 212.3596,  35.1153
 40.6320,  12.4371, 213.1633,  35.1125
 40.6124,  12.4175, 213.9884,  35.1115
 40.5933,  12.3989, 214.8644,  35.1101
 40.5753,  12.3819, 215.8717,  35.1081
 40.5567,  12.3647, 216.9921,  35.1057
 40.5281,  12.3409, 218.0801,  35.0998
 40.5063,  12.3182, 219.0614,  35.0995
 40.4759,  12.2937, 220.0327,  35.0925
 40.4487,  12.2677, 221.1692,  35.0901
 40.4194,  12.2402, 222.4361,  35.0869
 40.3964,  12.2173, 223.6407,  35.0855
 40.3804,  12.2005, 224.6248,  35.0852
 40.3707,  12.1893, 225.3645,  35.0860
 40.3650,  12.1802, 226.0296,  35.0887
 40.3557,  12.1735, 226.9202,  35.0857
 40.3437,  12.1639, 228.1682,  35.0824
 40.3005,  12.1324, 229.6258,  35.0693
 40.2572,  12.0922, 230.9313,  35.0643
 40.2322,  12.0621, 231.8578,  35.0678
 40.2158,  12.0431, 232.5234,  35.0695
 40.2026,  12.0313, 233.2408,  35.0672
 40.1900,  12.0209, 234.2432,  35.0644
 40.1761,  12.0100, 235.5373,  35.0605
 40.1614,  11.9967, 236.9021,  35.0580
 40.1486,  11.9837, 238.0822,  35.0572
 40.1414,  11.9748, 239.0199,  35.0582
 40.1362,  11.9693, 239.8482,  35.0579
 40.1273,  11.9627, 240.7573,  35.0550
 40.1004,  11.9453, 241.8416,  35.0447
 40.0643,  11.9115, 243.0331,  35.0407
 40.0224,  11.8759, 244.1649,  35.0328
 39.9901,  11.8440, 245.1077,  35.0307
 39.9668,  11.8208, 245.9171,  35.0294
 39.9489,  11.8019, 246.7656,  35.0293
 39.9361,  11.7887, 247.5444,  35.0287
 39.9275,  11.7795, 248.2702,  35.0286
 39.9264,  11.7716, 248.7429,  35.0348
 39.9202,  11.7648, 248.8160,  35.0352
 39.9204,  11.7631, 248.7114,  35.0369
 39.9174,  11.7624, 248.3990,  35.0349
 39.9176,  11.7620, 247.9516,  35.0356
 39.9183,  11.7624, 247.5541,  35.0361
 39.9166,  11.7624, 247.4388,  35.0345
 39.9133,  11.7609, 247.7204,  35.0325
 39.9098,  11.7586, 248.3040,  35.0310
 39.9078,  11.7565, 248.8921,  35.0308
 39.9089,  11.7550, 249.1962,  35.0331
 39.9087,  11.7541, 249.1237,  35.0338
 39.9096,  11.7538, 248.8012,  35.0350
 39.9119,  11.7546, 248.4445,  35.0368
 39.9112,  11.7559, 248.2596,  35.0349
 39.9094,  11.7563, 248.3733,  35.0328
 39.9074,  11.7556, 248.7238,  35.0313
 39.9064,  11.7545, 249.1413,  35.0312
 39.9109,  11.7538, 249.3987,  35.0362
 39.9097,  11.7533, 249.4219,  35.0355
 39.9101,  11.7534, 249.2751,  35.0358
 39.9142,  11.7533, 249.0708,  35.0400
 39.9157,  11.7555, 248.9818,  35.0394
 39.9128,  11.7571, 249.1213,  35.0351
 39.9099,  11.7558, 249.4031,  35.0332
 39.9101,  11.7555, 249.6378,  35.0337
 39.9102,  11.7544, 249.6602,  35.0348
 39.9093,  11.7539, 249.4153,  35.0344
 39.9105,  11.7538, 249.0273,  35.0358
 39.9137,  11.7558, 248.7174,  35.0373
 39.9113,  11.7566, 248.6876,  35.0342
 39.9081,  11.7553, 248.9674,  35.0322
 39.9059,  11.7536, 249.4386,  35.0314
 39.9060,  11.7530, 249.8350,  35.0319
 39.9063,  11.7526, 249.9084,  35.0326
 39.9061,  11.7524, 249.5639,  35.0327
 39.9072,  11.7522, 248.9951,  35.0342
 39.9069,  11.7533, 248.5802,  35.0331
 39.9049,  11.7532, 248.6105,  35.0312
 39.9031,  11.7520, 249.0504,  35.0303
 39.9025,  11.7513, 249.5523,  35.0301
 39.9039,  11.7501, 249.7534,  35.0325
 39.9043,  11.7501, 249.5555,  35.0331
 39.9059,  11.7506, 249.1298,  35.0344
 39.9070,  11.7527, 248.8188,  35.0336
 39.9051,  11.7532, 248.8267,  35.0312
 39.9038,  11.7524, 249.0598,  35.0306
 39.9049,  11.7524, 249.3134,  35.0315
 39.9071,  11.7514, 249.4557,  35.0346
 39.9070,  11.7518, 249.4446,  35.0342
 39.9081,  11.7513, 249.2835,  35.0357
 39.9080,  11.7513, 248.9607,  35.0359
 39.9125,  11.7514, 248.6263,  35.0403
 39.9121,  11.7540, 248.5014,  35.0375
 39.9084,  11.7539, 248.7249,  35.0338
 39.9057,  11.7525, 249.2162,  35.0323
 39.9048,  11.7516, 249.7122,  35.0321
 39.9071,  11.7510, 249.9477,  35.0348
 39.9062,  11.7505, 249.7647,  35.0344
 39.9061,  11.7505, 249.2489,  35.0346
 39.9083,  11.7511, 248.7038,  35.0364
 39.9061,  11.7517, 248.4620,  35.0337
 39.9035,  11.7509, 248.6922,  35.0319
 39.9022,  11.7499, 249.2001,  35.0314
 39.9041,  11.7496, 249.5681,  35.0333
 39.9036,  11.7491, 249.5648,  35.0333
 39.9047,  11.7493, 249.3123,  35.0343
 39.9060,  11.7502, 249.1135,  35.0349
 39.9037,  11.7503, 249.3795,  35.0324
 39.9022,  11.7494, 250.0005,  35.0314
 39.9013,  11.7488, 250.7460,  35.0309
 39.9013,  11.7483, 251.4663,  35.0309
 39.9013,  11.7479, 252.1842,  35.0311
 39.9013,  11.7480, 253.0186,  35.0307
 39.9012,  11.7476, 254.0390,  35.0304
 39.9014,  11.7473, 255.1641,  35.0303
 39.9009,  11.7463, 256.2258,  35.0304
 39.8986,  11.7438, 257.1601,  35.0302
 39.8949,  11.7410, 258.0686,  35.0288
 39.8930,  11.7383, 259.0670,  35.0290
 39.8727,  11.7260, 260.1369,  35.0202
 39.8368,  11.6967, 261.1702,  35.0121
 39.8058,  11.6661, 262.1146,  35.0101
 39.7806,  11.6421, 263.0053,  35.0076
 39.7588,  11.6209, 263.9065,  35.0057
 39.7410,  11.6033, 264.8966,  35.0044
 39.7247,  11.5876, 266.0346,  35.0026
 39.7051,  11.5697, 267.2644,  34.9997
 39.6903,  11.5553, 268.3542,  34.9982
 39.6774,  11.5418, 269.1964,  34.9979
 39.6679,  11.5300, 269.8926,  34.9993
 39.6603,  11.5200, 270.4154,  35.0010
 39.6526,  11.5112, 270.9295,  35.0015
 39.6372,  11.5017, 271.5229,  34.9950
 39.6255,  11.4916, 272.0471,  34.9929
 39.6182,  11.4812, 272.3210,  34.9953
 39.6104,  11.4735, 272.2383,  34.9950
 39.6066,  11.4694, 271.9079,  34.9952
 39.6078,  11.4685, 271.5799,  34.9974
 39.6080,  11.4701, 271.4984,  34.9962
 39.6119,  11.4739, 271.7107,  34.9963
 39.6083,  11.4736, 272.0466,  34.9929
 39.6102,  11.4717, 272.3062,  34.9965
 39.6064,  11.4671, 272.4298,  34.9970
 39.6033,  11.4639, 272.3386,  34.9971
 39.6019,  11.4635, 271.8925,  34.9962
 39.6056,  11.4653, 271.1783,  34.9985
 39.6151,  11.4723, 270.3204,  35.0016
 39.6268,  11.4827, 269.4702,  35.0037
 39.6353,  11.4937, 268.7138,  35.0020
 39.6470,  11.5035, 268.0293,  35.0046
 39.6534,  11.5111, 267.3259,  35.0041
 39.6650,  11.5200, 266.5111,  35.0074
 39.6781,  11.5317, 265.6101,  35.0097
 39.6913,  11.5436, 264.7076,  35.0119
 39.7046,  11.5551, 263.8362,  35.0145
 39.7180,  11.5669, 263.0217,  35.0169
 39.7321,  11.5810, 262.3609,  35.0177
 39.7623,  11.6056, 261.7829,  35.0245
 39.7878,  11.6322, 261.3029,  35.0247
 39.8078,  11.6559, 261.0073,  35.0221
 39.8269,  11.6758, 260.9204,  35.0221
 39.8385,  11.6873, 260.9940,  35.0228
 39.8446,  11.6908, 261.0913,  35.0253
 39.8435,  11.6891, 261.1307,  35.0258
 39.8422,  11.6873, 261.0674,  35.0262
 39.8435,  11.6867, 260.9649,  35.0281
 39.8484,  11.6880, 260.9037,  35.0317
 39.8547,  11.6953, 260.8682,  35.0311
 39.8608,  11.7019, 260.7685,  35.0309
 39.8648,  11.7059, 260.5795,  35.0312
 39.8709,  11.7098, 260.4027,  35.0336
 39.8774,  11.7144, 260.3612,  35.0356
 39.8801,  11.7189, 260.4452,  35.0340
 39.8830,  11.7212, 260.5466,  35.0346
 39.8745,  11.7171, 260.5808,  35.0302
 39.8743,  11.7146, 260.4989,  35.0323
 39.8763,  11.7156, 260.2932,  35.0334
 39.8794,  11.7180, 260.0599,  35.0343
 39.8847,  11.7203, 259.9420,  35.0374
 39.8903,  11.7222, 259.9517,  35.0412
 39.8930,  11.7234, 260.0446,  35.0427
 39.8913,  11.7247, 260.2024,  35.0395
 39.8862,  11.7246, 260.4347,  35.0346
 39.8757,  11.7179, 260.6271,  35.0305
 39.8613,  11.7051, 260.6044,  35.0284
 39.8545,  11.6972, 260.3050,  35.0294
 39.8568,  11.6968, 259.8988,  35.0321
 39.8586,  11.6993, 259.6720,  35.0316
 39.8635,  11.7051, 259.7754,  35.0309
 39.8617,  11.7071, 260.1292,  35.0272
 39.8547,  11.7025, 260.4716,  35.0245
 39.8400,  11.6880, 260.5844,  35.0236
 39.8345,  11.6788, 260.4281,  35.0271
 39.8450,  11.6816, 260.1081,  35.0348
 39.8552,  11.6919, 259.8294,  35.0352
 39.8582,  11.7010, 259.7459,  35.0297
 39.8679,  11.7095, 259.9052,  35.0311
 39.8720,  11.7162, 260.1969,  35.0287
 39.8646,  11.7112, 260.4544,  35.0261
 39.8473,  11.6952, 260.5014,  35.0240
 39.8431,  11.6858, 260.3004,  35.0289
 39.8479,  11.6869, 260.0048,  35.0328
 39.8492,  11.6928, 259.8104,  35.0285
 39.8595,  11.7018, 259.8218,  35.0302
 39.8657,  11.7104, 259.9968,  35.0281
 39.8665,  11.7120, 260.2343,  35.0272
 39.8676,  11.7097, 260.4146,  35.0304
 39.8638,  11.7065, 260.3687,  35.0298
 39.8695,  11.7089, 260.0040,  35.0332
 39.8777,  11.7160, 259.3647,  35.0348
 39.8837,  11.7235, 258.6309,  35.0339
 39.8895,  11.7290, 257.8719,  35.0348
 39.8945,  11.7336, 257.1136,  35.0357
 39.8974,  11.7374, 256.3468,  35.0353
 39.8988,  11.7397, 255.5423,  35.0348
 39.9002,  11.7413, 254.7304,  35.0350
 39.9013,  11.7424, 253.9192,  35.0354
 39.9014,  11.7432, 253.0551,  35.0352
 39.9016,  11.7441, 252.0683,  35.0350
 39.9021,  11.7449, 250.9645,  35.0352
 39.9032,  11.7462, 250.1203,  35.0353
 39.9050,  11.7480, 249.5652,  35.0357
 39.9078,  11.7495, 249.2948,  35.0371
 39.9105,  11.7518, 249.2258,  35.0377
 39.9124,  11.7517, 249.2414,  35.0396
 39.9110,  11.7507, 249.2464,  35.0392
 39.9104,  11.7500, 249.2427,  35.0392
 39.9101,  11.7492, 249.3185,  35.0397
 39.9106,  11.7501, 249.4935,  35.0393
 39.9124,  11.7508, 249.6322,  35.0403
 39.9111,  11.7507, 249.5814,  35.0392
 39.9104,  11.7509, 249.2960,  35.0384
 39.9114,  11.7519, 248.8773,  35.0386
 39.9140,  11.7539, 248.5110,  35.0394
 39.9155,  11.7564, 248.4007,  35.0386
 39.9154,  11.7578, 248.6077,  35.0371
 39.9122,  11.7566, 249.0717,  35.0349
 39.9085,  11.7534, 249.6047,  35.0341
 39.9078,  11.7503, 249.9041,  35.0362
 39.9053,  11.7481, 249.7562,  35.0359
 39.9044,  11.7471, 249.2495,  35.0361
 39.9049,  11.7474, 248.7404,  35.0366
 39.9060,  11.7489, 248.5607,  35.0363
 39.9084,  11.7522, 248.7965,  35.0355
 39.9068,  11.7516, 249.2353,  35.0342
 39.9064,  11.7500, 249.5378,  35.0352
 39.9052,  11.7485, 249.4318,  35.0355
 39.9048,  11.7479, 248.9665,  35.0359
 39.9055,  11.7482, 248.5259,  35.0364
 39.9064,  11.7496, 248.5277,  35.0360
 39.9054,  11.7498, 249.0273,  35.0347
 39.9042,  11.7487, 249.6787,  35.0342
 39.9043,  11.7472, 250.0075,  35.0356
 39.9030,  11.7460, 249.7671,  35.0356
 39.9027,  11.7458, 249.0719,  35.0358
 39.9041,  11.7468, 248.2475,  35.0366
 39.9065,  11.7493, 247.7150,  35.0368
 39.9099,  11.7531, 247.7520,  35.0365
 39.9081,  11.7532, 248.2851,  35.0344
 39.9058,  11.7511, 248.9003,  35.0338
 39.9049,  11.7489, 249.1157,  35.0350
 39.9036,  11.7476, 248.6642,  35.0351
 39.9036,  11.7474, 247.6431,  35.0357
 39.9135,  11.7542, 246.3347,  35.0396
 39.9258,  11.7637, 245.2061,  35.0432
 39.9401,  11.7769, 244.4325,  35.0451
 39.9543,  11.7922, 243.9154,  35.0449
 39.9681,  11.8055, 243.4136,  35.0462
 39.9774,  11.8153, 242.6592,  35.0463
 39.9981,  11.8300, 241.4866,  35.0532
 40.0347,  11.8607, 240.0240,  35.0608
 40.0620,  11.8907, 238.6555,  35.0599
 40.0844,  11.9125, 237.6615,  35.0618
 40.1039,  11.9312, 237.0526,  35.0634
 40.1183,  11.9453, 236.5152,  35.0645
 40.1318,  11.9566, 235.6704,  35.0674
 40.1432,  11.9681, 234.4189,  35.0683
 40.1522,  11.9773, 232.9791,  35.0690
 40.1611,  11.9879, 231.6475,  35.0683
 40.1758,  11.9991, 230.6078,  35.0725
 40.1942,  12.0138, 229.8428,  35.0771
 40.2230,  12.0344, 229.2308,  35.0860
 40.2480,  12.0586, 228.5775,  35.0879
 40.2679,  12.0790, 227.6921,  35.0885
 40.2843,  12.0962, 226.4934,  35.0889
 40.2993,  12.1110, 225.0573,  35.0902
 40.3134,  12.1246, 223.6003,  35.0918
 40.3235,  12.1357, 222.3912,  35.0917
 40.3337,  12.1455, 221.5749,  35.0928
 40.3434,  12.1543, 221.0221,  35.0942
 40.3507,  12.1618, 220.4504,  35.0945
 40.3569,  12.1679, 219.6485,  35.0951
 40.3696,  12.1772, 218.5565,  35.0993
 40.3901,  12.1935, 217.2425,  35.1044
 40.4240,  12.2201, 215.8545,  35.1130
 40.4525,  12.2490, 214.5611,  35.1141
 40.4750,  12.2716, 213.5429,  35.1152
 40.4984,  12.2923, 212.8392,  35.1188
 40.5207,  12.3139, 212.2411,  35.1205
 40.5400,  12.3316, 211.4718,  35.1229
 40.5651,  12.3553, 210.5957,  35.1254
 40.5872,  12.3752, 209.7289,  35.1285
 40.6081,  12.3962, 209.0645,  35.1293
 40.6331,  12.4174, 208.8012,  35.1338
 40.6539,  12.4372, 208.9502,  35.1353
 40.6616,  12.4478, 209.2262,  35.1327
 40.6629,  12.4492, 209.2828,  35.1327
 40.6626,  12.4485, 209.0169,  35.1331
 40.6666,  12.4502, 208.6174,  35.1355
 40.6696,  12.4530, 208.3813,  35.1359
 40.6783,  12.4595, 208.4616,  35.1382
 40.6832,  12.4654, 208.7608,  35.1374
 40.6808,  12.4651, 209.0734,  35.1351
 40.6756,  12.4607, 209.2373,  35.1342
 40.6703,  12.4555, 209.2425,  35.1340
 40.6683,  12.4522, 209.1630,  35.1350
 40.6693,  12.4518, 209.0820,  35.1364
 40.6721,  12.4541, 209.0013,  35.1370
 40.6760,  12.4581, 208.9125,  35.1371
 40.6802,  12.4621, 208.7829,  35.1375
 40.6846,  12.4659, 208.6586,  35.1382
 40.6889,  12.4694, 208.6323,  35.1392
 40.6898,  12.4721, 208.7507,  35.1375
 40.6865,  12.4713, 208.9780,  35.1349
 40.6804,  12.4683, 209.1817,  35.1317
 40.6742,  12.4608, 209.2449,  35.1327
 40.6689,  12.4541, 209.1593,  35.1339
 40.6685,  12.4512, 209.0120,  35.1363
 40.6713,  12.4517, 208.8571,  35.1386
 40.6760,  12.4569, 208.7284,  35.1384
 40.6814,  12.4625, 208.6741,  35.1383
 40.6862,  12.4669, 208.7239,  35.1387
 40.6876,  12.4696, 208.8021,  35.1376
 40.6862,  12.4687, 208.7745,  35.1372
 40.6859,  12.4669, 208.5346,  35.1386
 40.6879,  12.4686, 208.1492,  35.1392
 40.6904,  12.4708, 207.7219,  35.1396
 40.6928,  12.4739, 207.3768,  35.1392
 40.7031,  12.4806, 206.9156,  35.1432
 40.7202,  12.4945, 206.0437,  35.1470
 40.7436,  12.5139, 204.7638,  35.1519
 40.7688,  12.5381, 203.3857,  35.1542
 40.7875,  12.5575, 202.2151,  35.1547
 40.8034,  12.5728, 201.2994,  35.1560
 40.8265,  12.5896, 200.4912,  35.1630
 40.8491,  12.6101, 199.6145,  35.1660
 40.8673,  12.6286, 198.6129,  35.1666
 40.8841,  12.6443, 197.5271,  35.1686
 40.9031,  12.6608, 196.4208,  35.1719
 40.9211,  12.6786, 195.3402,  35.1732
 40.9394,  12.6955, 194.2738,  35.1754
 40.9600,  12.7132, 193.2484,  35.1792
 40.9780,  12.7305, 192.2430,  35.1806
 40.9921,  12.7447, 191.2481,  35.1815
 41.0056,  12.7576, 190.2229,  35.1828
 41.0172,  12.7691, 189.1674,  35.1836
 41.0266,  12.7785, 188.1001,  35.1844
 41.0346,  12.7866, 187.0821,  35.1848
 41.0406,  12.7930, 186.1706,  35.1851
 41.0453,  12.7978, 185.3449,  35.1854
 41.0494,  12.8022, 184.5031,  35.1856
 41.0525,  12.8059, 183.5060,  35.1855
 41.0554,  12.8092, 182.2591,  35.1858
 41.0586,  12.8126, 180.8370,  35.1863
 41.0622,  12.8172, 179.5310,  35.1860
 41.0674,  12.8217, 178.6351,  35.1872
 41.0731,  12.8268, 178.1084,  35.1882
 41.0770,  12.8307, 177.5481,  35.1885
 41.0796,  12.8335, 176.6250,  35.1887
 41.0819,  12.8361, 175.3313,  35.1891
 41.0865,  12.8401, 173.9124,  35.1905
 41.0919,  12.8455, 172.6162,  35.1911
 41.0985,  12.8512, 171.5663,  35.1926
 41.1057,  12.8578, 170.7421,  35.1937
 41.1147,  12.8652, 170.0110,  35.1957
 41.1239,  12.8735, 169.1968,  35.1971
 41.1377,  12.8847, 168.1981,  35.2003
 41.1543,  12.8991, 167.0700,  35.2033
 41.1705,  12.9152, 165.9389,  35.2043
 41.1862,  12.9322, 164.8849,  35.2039
 41.2068,  12.9497, 163.8833,  35.2078
 41.2382,  12.9743, 162.8272,  35.2153
 41.2683,  13.0035, 161.7151,  35.2173
 41.2924,  13.0292, 160.6482,  35.2169
 41.3106,  13.0496, 159.6959,  35.2157
 41.3289,  13.0662, 158.8072,  35.2181
 41.3459,  13.0817, 157.8823,  35.2203
 41.3607,  13.0955, 156.8977,  35.2220
 41.3755,  13.1080, 155.8802,  35.2249
 41.3974,  13.1234, 154.8072,  35.2319
 41.4386,  13.1529, 153.6624,  35.2442
 41.4926,  13.1954, 152.4689,  35.2566
 41.5416,  13.2408, 151.2910,  35.2615
 41.5826,  13.2821, 150.2070,  35.2626
 41.6179,  13.3188, 149.3124,  35.2624
 41.6575,  13.3548, 148.5927,  35.2669
 41.7041,  13.3928, 147.9152,  35.2761
 41.7443,  13.4294, 147.0881,  35.2805
 41.7787,  13.4609, 146.0085,  35.2843
 41.8043,  13.4859, 144.6903,  35.2860
 41.8220,  13.5038, 143.2605,  35.2868
 41.8341,  13.5166, 141.9194,  35.2868
 41.8431,  13.5273, 140.8492,  35.2859
 41.8540,  13.5384, 140.1351,  35.2863
 41.8727,  13.5542, 139.6208,  35.2896
 41.8862,  13.5657, 139.0180,  35.2919
 41.9012,  13.5759, 138.1598,  35.2970
 41.9243,  13.5930, 137.0255,  35.3034
 41.9706,  13.6280, 135.6561,  35.3152
 42.0167,  13.6700, 134.1673,  35.3204
 42.0490,  13.7044, 132.7982,  35.3197
 42.0735,  13.7284, 131.8062,  35.3209
 42.0908,  13.7454, 131.2082,  35.3217
 42.1018,  13.7567, 130.7566,  35.3219
 42.1086,  13.7638, 130.1158,  35.3220
 42.1124,  13.7680, 129.1013,  35.3221
 42.1187,  13.7728, 127.7599,  35.3242
 42.1341,  13.7838, 126.2990,  35.3290
 42.1488,  13.8024, 124.9766,  35.3262
 42.1791,  13.8229, 123.9643,  35.3361
 42.2222,  13.8544, 123.1943,  35.3479
 42.2654,  13.8931, 122.4385,  35.3529
 42.3005,  13.9265, 121.5155,  35.3555
 42.3512,  13.9645, 120.4192,  35.3683
 42.4025,  14.0104, 119.2760,  35.3745
 42.4566,  14.0685, 118.2407,  35.3720
 42.5142,  14.1285, 117.3991,  35.3709
 42.6192,  14.2021, 116.6300,  35.4013
 42.7363,  14.2972, 115.7232,  35.4231
 42.8252,  14.3811, 114.5801,  35.4291
 42.8950,  14.4459, 113.2545,  35.4349
 42.9588,  14.5030, 111.9285,  35.4421
 43.0076,  14.5524, 110.7944,  35.4425
 43.0518,  14.5889, 109.9322,  35.4502
 43.1043,  14.6333, 109.2438,  35.4583
 43.1612,  14.6817, 108.5389,  35.4668
 43.2220,  14.7327, 107.6786,  35.4765
 43.3421,  14.8171, 106.6169,  35.5102
 43.5199,  14.9487, 105.4113,  35.5535
 43.6745,  15.0899, 104.1557,  35.5667
 43.7858,  15.2047, 102.9919,  35.5642
 43.8643,  15.2856, 101.9694,  35.5624
 43.9282,  15.3446, 101.0167,  35.5674
 43.9771,  15.3897, 100.0692,  35.5712
 44.0112,  15.4222,  99.1334,  35.5730
 44.0452,  15.4496,  98.2436,  35.5794
 44.0799,  15.4783,  97.3474,  35.5851
 44.1118,  15.5053,  96.3899,  35.5899
 44.1507,  15.5376,  95.2695,  35.5963
 44.1935,  15.5742,  93.9700,  35.6024
 44.2513,  15.6254,  92.6960,  35.6087
 44.3190,  15.6788,  91.6812,  35.6218
 44.3914,  15.7404,  90.9460,  35.6317
 44.4908,  15.8227,  90.2535,  35.6470
 44.5745,  15.8933,  89.3228,  35.6588
 44.6676,  15.9667,  88.0985,  35.6765
 44.7465,  16.0381,  86.7879,  35.6834
 44.8036,  16.0914,  85.6719,  35.6868
 44.8592,  16.1352,  84.8595,  35.6974
 44.9075,  16.1797,  84.2210,  35.7006
 44.9448,  16.2137,  83.5045,  35.7036
 44.9771,  16.2407,  82.5582,  35.7085
 45.0074,  16.2673,  81.4067,  35.7120
 45.0296,  16.2882,  80.1541,  35.7135
 45.0448,  16.3036,  78.9108,  35.7137
 45.0558,  16.3150,  77.7343,  35.7137
 45.0637,  16.3243,  76.6957,  35.7129
 45.0701,  16.3307,  75.8331,  35.7131
 45.0803,  16.3377,  75.0928,  35.7162
 45.0972,  16.3476,  74.3328,  35.7226
 45.1155,  16.3611,  73.4458,  35.7270
 45.1351,  16.3770,  72.4170,  35.7306
 45.1557,  16.3937,  71.2761,  35.7344
 45.1921,  16.4202,  70.0622,  35.7434
 45.2432,  16.4568,  68.8448,  35.7564
 45.2830,  16.5002,  67.7275,  35.7532
 45.3102,  16.5334,  66.7671,  35.7479
 45.3393,  16.5575,  65.8983,  35.7524
 45.3719,  16.5809,  65.0471,  35.7606
 45.3978,  16.6021,  64.1651,  35.7648
 45.4197,  16.6201,  63.2161,  35.7685
 45.4489,  16.6417,  62.2282,  35.7752
 45.5058,  16.6754,  61.2059,  35.7957
 45.5942,  16.7357,  60.1159,  35.8201
 45.7067,  16.8244,  58.9458,  35.8404
 45.8677,  16.9423,  57.7055,  35.8769
 46.0260,  17.0781,  56.4999,  35.8948
 46.1441,  17.2015,  55.4464,  35.8885
 46.2364,  17.2953,  54.5525,  35.8859
 46.3223,  17.3758,  53.7720,  35.8894
 46.4442,  17.4635,  53.0309,  35.9177
 46.5716,  17.5638,  52.2598,  35.9395
 46.6778,  17.6572,  51.3040,  35.9490
 46.7843,  17.7452,  50.0301,  35.9636
 46.9452,  17.8709,  48.4954,  35.9916
 47.1495,  18.0353,  46.9860,  36.0225
 47.3448,  18.1823,  45.8461,  36.0605
 47.5795,  18.3759,  45.1537,  36.0906
 47.7747,  18.5610,  44.6736,  36.0940
 47.9492,  18.7091,  44.0786,  36.1123
 48.1711,  18.8993,  43.1791,  36.1334
 48.4983,  19.1709,  41.9858,  36.1718
 48.9491,  19.5352,  40.6419,  36.2318
 49.5038,  19.9970,  39.3226,  36.2915
 49.9238,  20.4489,  38.1933,  36.2476
 50.3254,  20.7715,  37.3496,  36.2986
 50.6227,  21.0251,  36.6763,  36.3230
 50.8814,  21.2331,  35.9079,  36.3547
 51.1157,  21.4460,  34.8723,  36.3623
 51.3431,  21.6453,  33.6224,  36.3756
 51.5183,  21.8284,  32.4056,  36.3608
 51.6692,  21.9653,  31.3968,  36.3656
 51.8096,  22.0728,  30.5805,  36.3867
 51.8977,  22.1712,  29.7685,  36.3738
 51.9691,  22.2640,  28.7871,  36.3527
 52.0320,  22.3554,  27.6569,  36.3260
 52.0958,  22.4615,  26.5049,  36.2879
 52.1482,  22.5617,  25.4121,  36.2459
 52.1880,  22.6376,  24.4103,  36.2143
 52.1463,  22.6916,  23.4749,  36.1373
 52.0427,  22.7115,  22.6307,  36.0403
 51.9604,  22.7103,  22.1106,  35.9775
 51.8928,  22.7049,  21.7025,  35.9293
 51.8374,  22.7007,  21.3546,  35.8898
 51.7946,  22.6999,  21.0700,  35.8572
 51.7649,  22.6967,  20.7587,  35.8368
 51.7479,  22.6928,  20.4533,  35.8268
 51.7285,  22.6839,  20.3307,  35.8191
 51.7320,  22.6837,  20.5319,  35.8219
 51.7414,  22.6902,  20.9013,  35.8238
 51.7571,  22.6958,  21.1650,  35.8313
 51.7666,  22.6987,  21.2013,  35.8363
 51.7690,  22.7003,  21.0997,  35.8369
 51.7565,  22.7015,  20.9566,  35.8262
 51.7452,  22.6967,  20.8232,  35.8214
 51.7419,  22.6939,  20.7127,  35.8212
 51.7408,  22.6982,  20.6569,  35.8167
 51.7271,  22.6990,  20.7843,  35.8055
 51.7359,  22.6967,  21.0623,  35.8141
 51.7391,  22.6986,  21.2799,  35.8149
 51.7448,  22.7013,  21.2471,  35.8171
 51.7454,  22.7023,  20.9591,  35.8169
 51.7379,  22.7018,  20.5863,  35.8116
 51.7397,  22.6965,  20.3976,  35.8174
 51.7458,  22.6982,  20.5341,  35.8207
 51.7523,  22.7018,  20.8976,  35.8227
 51.7526,  22.7027,  21.2180,  35.8221
 51.7540,  22.7057,  21.2230,  35.8207
 51.7529,  22.7059,  20.8934,  35.8198
 51.7447,  22.7053,  20.4915,  35.8141
 51.7478,  22.7034,  20.3589,  35.8181
 51.7537,  22.7057,  20.5905,  35.8207
 51.7568,  22.7063,  20.9933,  35.8226
 51.7518,  22.7069,  21.2518,  35.8180
 51.7535,  22.7079,  21.1817,  35.8185
 51.7507,  22.7060,  20.8732,  35.8181
 51.7429,  22.7028,  20.5788,  35.8146
 51.7424,  22.6976,  20.4591,  35.8185
 51.7481,  22.6994,  20.5713,  35.8215
 51.7522,  22.7016,  20.8161,  35.8229
 51.7514,  22.7034,  20.9845,  35.8207
 51.7491,  22.7027,  20.9636,  35.8195
 51.7430,  22.7003,  20.8361,  35.8167
 51.7350,  22.6955,  20.7897,  35.8145
 51.7364,  22.6924,  20.8933,  35.8181
 51.7410,  22.6929,  21.0196,  35.8211
 51.7378,  22.6945,  20.9839,  35.8173
 51.7380,  22.6947,  20.7161,  35.8174
 51.7336,  22.6941,  20.3674,  35.8146
 51.7328,  22.6879,  20.1618,  35.8192
 51.7400,  22.6902,  20.1914,  35.8229
 51.7456,  22.6950,  20.3521,  35.8232
 51.7451,  22.6978,  20.4529,  35.8205
 51.7449,  22.6978,  20.3738,  35.8204
 51.7445,  22.6978,  20.0782,  35.8202
 51.7448,  22.6990,  19.5160,  35.8197
 51.7392,  22.7010,  18.7972,  35.8139
 51.7354,  22.7020,  18.0413,  35.8104
 51.7276,  22.6994,  17.2622,  35.8067
 51.7214,  22.6954,  16.3928,  35.8054
 51.7150,  22.6940,  15.4111,  35.8019
 51.7090,  22.6937,  14.4155,  35.7978
 51.6997,  22.6939,  13.4811,  35.7908
 51.6905,  22.6939,  12.5859,  35.7839
 51.6935,  22.6920,  11.6076,  35.7881
 51.6963,  22.6934,  10.4772,  35.7896
 51.6961,  22.6949,   9.2883,  35.7886
 51.6914,  22.6939,   8.2675,  35.7861
 51.6925,  22.6908,   7.4394,  35.7898
 51.6877,  22.6889,   6.6084,  35.7878
 51.6901,  22.6908,   5.5677,  35.7885
 51.6925,  22.6943,   4.3394,  35.7879
 51.6820,  22.6971,   3.0971,  35.7779
 47.4369,  22.6945,   2.2050,  32.4985
 32.1469,  22.6518,   1.6088,  21.1158
 21.6676,  22.5829,   1.2158,  13.7201
 14.6438,  22.4865,   0.9475,   8.9803
 10.0741,  22.3804,   0.7723,   6.0105
  7.0037,  22.2750,   0.6541,   4.0782
  4.8275,  22.1716,   0.5791,   2.7477
  3.3958,  22.0361,   0.5187,   1.8969
  2.3366,  21.8668,   0.4930,   1.2830
  1.6330,  21.6997,   0.4656,   0.8838
  1.1426,  21.5473,   0.4471,   0.6106
  0.8157,  21.4232,   0.4307,   0.4315
