   COND      TEMP      PRES      SALT   
 (mmho/cm)   (C)      (dbar)   (PSU-78) 
 33.0194,  25.3613,   1.8888,  20.4761
 40.5468,  25.8378,   2.5868,  25.4357
 45.5570,  26.1474,   3.2157,  28.7642
 48.8875,  26.3487,   3.8932,  30.9888
 51.1045,  26.4744,   4.7419,  32.4792
 52.5481,  26.5133,   5.7616,  33.4825
 53.5821,  26.4471,   6.7983,  34.2729
 54.3891,  26.4033,   7.6352,  34.8872
 54.9305,  26.3823,   8.2394,  35.2942
 55.3025,  26.3676,   8.8072,  35.5749
 55.5564,  26.3474,   9.6032,  35.7744
 55.6346,  26.2874,  10.6993,  35.8777
 55.4277,  26.0446,  11.9162,  35.9165
 55.1619,  25.7085,  13.0492,  35.9858
 54.9883,  25.4462,  13.9568,  36.0653
 54.8388,  25.2422,  14.6499,  36.1166
 54.6988,  25.0789,  15.1929,  36.1428
 54.5649,  24.9306,  15.7412,  36.1617
 54.3844,  24.7599,  16.5473,  36.1635
 54.1890,  24.5705,  17.7230,  36.1689
 54.0182,  24.3979,  19.0220,  36.1792
 53.8855,  24.2659,  19.8374,  36.1855
 53.8049,  24.1784,  20.1310,  36.1953
 53.7590,  24.1297,  20.1015,  36.2001
 53.7286,  24.1009,  20.0163,  36.2005
 53.7114,  24.0814,  20.0483,  36.2032
 53.6962,  24.0680,  20.2345,  36.2025
 53.6988,  24.0616,  20.5245,  36.2095
 53.6889,  24.0581,  20.8327,  36.2048
 53.6789,  24.0505,  21.0631,  36.2033
 53.6716,  24.0435,  21.1178,  36.2034
 53.6807,  24.0392,  21.0208,  36.2139
 53.6962,  24.0497,  20.9099,  36.2171
 53.7004,  24.0655,  20.9373,  36.2075
 53.7280,  24.0846,  21.1233,  36.2128
 53.7456,  24.1024,  21.3852,  36.2117
 53.7535,  24.1085,  21.5318,  36.2127
 53.7400,  24.0952,  21.4840,  36.2133
 53.7471,  24.0956,  21.3538,  36.2183
 53.7443,  24.1034,  21.3339,  36.2098
 53.7715,  24.1207,  21.4819,  36.2164
 53.7877,  24.1361,  21.6442,  36.2161
 53.7951,  24.1442,  21.6637,  36.2151
 53.8147,  24.1543,  21.4983,  36.2219
 53.8307,  24.1714,  21.2726,  36.2202
 53.8504,  24.1832,  21.2000,  36.2256
 53.8833,  24.2058,  21.3620,  36.2320
 53.8784,  24.2124,  21.6481,  36.2229
 53.8729,  24.2059,  21.8029,  36.2240
 53.8556,  24.1920,  21.6731,  36.2222
 53.8611,  24.1923,  21.3750,  36.2262
 53.8656,  24.2006,  21.2095,  36.2230
 53.9529,  24.2405,  21.3168,  36.2567
 53.9476,  24.2815,  21.5442,  36.2193
 53.9338,  24.2737,  21.6690,  36.2151
 53.9331,  24.2630,  21.6077,  36.2233
 53.9513,  24.2637,  21.4589,  36.2365
 53.9404,  24.2685,  21.3514,  36.2245
 53.9463,  24.2658,  21.3540,  36.2311
 53.9896,  24.2992,  21.4645,  36.2367
 53.9927,  24.3170,  21.6430,  36.2245
 53.9855,  24.3072,  21.7369,  36.2271
 53.9618,  24.2845,  21.6368,  36.2275
 53.9655,  24.2799,  21.4038,  36.2342
 53.9587,  24.2816,  21.2411,  36.2276
 53.9936,  24.2965,  21.2549,  36.2420
 54.0131,  24.3172,  21.3836,  36.2399
 53.9856,  24.3217,  21.5334,  36.2154
 53.9528,  24.3048,  21.6690,  36.2043
 53.9247,  24.2835,  21.7616,  36.2003
 53.9120,  24.2578,  21.7422,  36.2115
 53.8962,  24.2380,  21.5571,  36.2156
 53.8939,  24.2277,  21.2702,  36.2223
 53.8844,  24.2271,  21.0826,  36.2158
 53.9297,  24.2463,  21.1903,  36.2344
 53.8979,  24.2413,  21.5313,  36.2142
 53.8578,  24.2073,  21.8412,  36.2114
 53.8139,  24.1627,  21.8610,  36.2143
 53.7991,  24.1437,  21.5905,  36.2186
 53.7896,  24.1424,  21.2458,  36.2126
 53.8002,  24.1443,  21.0561,  36.2192
 53.8473,  24.1696,  21.1098,  36.2343
 53.8315,  24.1789,  21.3377,  36.2147
 53.7995,  24.1677,  21.5531,  36.1994
 53.7700,  24.1355,  21.6214,  36.2032
 53.7599,  24.1182,  21.5672,  36.2096
 53.7439,  24.1156,  21.4859,  36.1995
 53.7396,  24.1077,  21.4664,  36.2028
 53.6769,  24.0885,  21.5535,  36.1707
 53.6020,  24.0330,  21.7455,  36.1589
 53.5392,  23.9703,  21.9176,  36.1620
 53.5016,  23.9244,  21.8629,  36.1707
 53.4647,  23.8883,  21.5394,  36.1721
 53.4417,  23.8555,  21.3125,  36.1814
 53.4269,  23.8380,  21.5484,  36.1843
 53.4180,  23.8244,  22.2878,  36.1883
 53.2990,  23.7233,  23.2684,  36.1796
 52.9873,  23.5024,  24.1559,  36.1210
 52.6543,  23.1828,  24.8353,  36.1262
 52.3163,  22.8368,  25.4608,  36.1490
 51.9765,  22.5214,  26.2143,  36.1447
 51.7258,  22.2636,  27.0105,  36.1621
 51.5396,  22.0771,  27.6956,  36.1706
 51.3442,  21.9035,  28.3342,  36.1611
 51.1609,  21.6971,  29.1906,  36.1884
 50.9792,  21.4842,  30.3549,  36.2223
 50.7933,  21.2698,  31.6551,  36.2542
 50.6511,  21.1044,  32.7675,  36.2798
 50.5528,  20.9753,  33.4621,  36.3102
 50.4877,  20.8905,  33.7893,  36.3297
 50.4274,  20.8382,  34.1100,  36.3255
 50.3463,  20.7727,  34.8510,  36.3154
 50.0968,  20.5792,  36.1231,  36.2777
 49.7963,  20.3394,  37.6207,  36.2375
 49.5419,  20.1296,  38.9257,  36.2087
 49.3419,  19.9531,  39.8431,  36.1957
 49.2131,  19.8293,  40.4007,  36.1961
 49.1312,  19.7512,  40.7771,  36.1957
 49.0631,  19.6981,  41.2421,  36.1849
 48.9880,  19.6405,  42.0282,  36.1723
 48.8586,  19.5406,  43.1962,  36.1509
 48.6494,  19.3706,  44.5955,  36.1236
 48.4779,  19.2257,  45.8520,  36.1055
 48.3412,  19.0973,  46.7491,  36.1025
 48.2489,  19.0015,  47.3035,  36.1082
 48.1924,  18.9468,  47.8312,  36.1082
 48.1033,  18.8862,  48.6428,  36.0858
 47.9498,  18.7712,  49.7250,  36.0563
 47.7978,  18.6485,  50.7848,  36.0346
 47.6845,  18.5529,  51.6617,  36.0219
 47.5574,  18.4686,  52.4101,  35.9876
 47.4484,  18.3721,  53.1708,  35.9792
 47.3784,  18.2986,  54.0316,  35.9838
 47.2991,  18.2276,  54.9997,  35.9781
 47.2120,  18.1586,  56.0205,  35.9639
 47.1390,  18.0946,  56.9837,  35.9574
 47.0875,  18.0448,  57.8239,  35.9568
 47.0508,  18.0087,  58.5367,  35.9568
 47.0127,  17.9784,  59.1837,  35.9506
 46.9824,  17.9496,  59.9380,  35.9497
 46.9385,  17.9141,  60.8709,  35.9429
 46.8817,  17.8716,  61.9591,  35.9311
 46.8167,  17.8204,  63.1005,  35.9200
 46.7567,  17.7697,  64.0787,  35.9126
 46.7256,  17.7313,  64.7440,  35.9194
 46.6990,  17.7038,  65.2075,  35.9207
 46.6768,  17.6865,  65.7811,  35.9165
 46.6194,  17.6515,  66.6778,  35.8975
 46.5564,  17.6018,  67.8010,  35.8866
 46.4898,  17.5466,  68.9282,  35.8773
 46.4218,  17.4947,  69.8998,  35.8640
 46.3620,  17.4447,  70.6963,  35.8562
 46.3162,  17.4035,  71.3922,  35.8527
 46.2774,  17.3700,  72.1200,  35.8484
 46.2458,  17.3421,  72.9812,  35.8453
 46.2045,  17.3084,  73.9448,  35.8389
 46.1684,  17.2768,  74.8670,  35.8352
 46.1403,  17.2498,  75.6331,  35.8344
 46.1155,  17.2290,  76.3616,  35.8309
 46.0932,  17.2100,  77.2320,  35.8280
 46.0628,  17.1882,  78.2593,  35.8205
 46.0164,  17.1521,  79.2295,  35.8117
 45.9750,  17.1196,  80.0330,  35.8041
 45.9255,  17.0801,  80.7930,  35.7956
 45.8813,  17.0396,  81.7003,  35.7926
 45.8349,  17.0013,  82.8006,  35.7857
 45.7881,  16.9610,  83.8936,  35.7801
 45.7579,  16.9282,  84.7022,  35.7825
 45.7318,  16.9005,  85.1957,  35.7841
 45.7229,  16.8865,  85.6324,  35.7887
 45.7124,  16.8802,  86.3370,  35.7847
 45.6847,  16.8604,  87.4339,  35.7777
 45.6351,  16.8234,  88.7386,  35.7665
 45.5906,  16.7883,  89.9386,  35.7582
 45.5373,  16.7427,  90.8549,  35.7517
 45.4934,  16.6967,  91.5207,  35.7538
 45.4546,  16.6651,  92.1018,  35.7476
 45.4027,  16.6310,  92.7807,  35.7320
 45.3430,  16.5858,  93.6526,  35.7193
 45.2848,  16.5371,  94.6786,  35.7110
 45.2349,  16.4940,  95.7396,  35.7051
 45.1892,  16.4567,  96.6805,  35.6975
 45.1560,  16.4255,  97.4138,  35.6958
 45.1317,  16.3930,  98.0500,  35.7030
 45.0661,  16.3549,  98.8198,  35.6787
 45.0031,  16.3044,  99.8285,  35.6677
 44.9324,  16.2461, 100.8923,  35.6566
 44.8784,  16.1980, 101.8198,  35.6513
 44.8401,  16.1629, 102.6093,  35.6484
 44.8012,  16.1334, 103.4064,  35.6399
 44.7691,  16.1022, 104.2724,  35.6388
 44.7386,  16.0742, 105.1137,  35.6364
 44.7022,  16.0527, 105.8672,  35.6230
 44.6577,  16.0202, 106.5743,  35.6121
 44.6015,  15.9739, 107.3557,  35.6032
 44.5458,  15.9245, 108.3068,  35.5974
 44.4789,  15.8639, 109.4036,  35.5915
 44.4246,  15.8128, 110.4846,  35.5884
 44.3688,  15.7666, 111.3779,  35.5795
 44.3358,  15.7299, 112.0519,  35.5826
 44.3080,  15.7015, 112.6533,  35.5830
 44.2767,  15.6765, 113.3610,  35.5771
 44.2436,  15.6515, 114.1762,  35.5695
 44.2153,  15.6250, 115.0282,  35.5677
 44.1939,  15.6046, 115.8922,  35.5664
 44.1745,  15.5869, 116.8277,  35.5645
 44.1567,  15.5718, 117.8466,  35.5617
 44.1387,  15.5553, 118.8705,  35.5598
 44.1208,  15.5414, 119.7897,  35.5559
 44.1128,  15.5274, 120.5199,  35.5611
 44.1023,  15.5102, 121.0850,  35.5669
 44.0813,  15.4995, 121.6547,  35.5573
 44.0423,  15.4735, 122.4273,  35.5452
 44.0093,  15.4445, 123.4496,  35.5412
 43.9744,  15.4156, 124.6021,  35.5353
 43.9369,  15.3845, 125.6466,  35.5290
 43.9009,  15.3562, 126.5207,  35.5217
 43.8664,  15.3255, 127.3204,  35.5180
 43.8350,  15.2968, 128.1435,  35.5151
 43.8083,  15.2745, 128.8953,  35.5107
 43.7946,  15.2558, 129.4881,  35.5150
 43.7815,  15.2421, 130.0828,  35.5153
 43.7549,  15.2236, 130.9715,  35.5075
 43.7228,  15.1963, 132.1833,  35.5026
 43.6895,  15.1680, 133.4311,  35.4974
 43.6470,  15.1346, 134.3822,  35.4886
 43.6222,  15.1039, 134.9684,  35.4937
 43.6085,  15.0847, 135.4464,  35.4984
 43.5911,  15.0731, 136.0685,  35.4929
 43.5724,  15.0579, 136.9490,  35.4893
 43.5528,  15.0417, 138.0358,  35.4856
 43.5341,  15.0270, 139.1601,  35.4814
 43.5009,  15.0046, 140.1863,  35.4711
 43.4784,  14.9831, 141.0128,  35.4697
 43.4649,  14.9634, 141.5937,  35.4751
 43.4555,  14.9453, 142.0976,  35.4827
 43.4337,  14.9330, 142.8280,  35.4737
 43.3793,  14.8957, 143.9038,  35.4574
 43.3140,  14.8414, 145.0773,  35.4465
 43.2641,  14.7960, 146.0540,  35.4417
 43.2374,  14.7590, 146.8267,  35.4505
 43.2025,  14.7330, 147.6060,  35.4419
 43.1615,  14.7017, 148.5222,  35.4324
 43.1122,  14.6639, 149.5059,  35.4211
 43.0438,  14.6089, 150.4577,  35.4078
 42.9899,  14.5584, 151.2964,  35.4040
 42.9500,  14.5191, 152.0434,  35.4027
 42.9204,  14.4909, 152.7913,  35.4008
 42.8973,  14.4689, 153.6611,  35.3992
 42.8743,  14.4492, 154.7031,  35.3956
 42.8533,  14.4307, 155.8241,  35.3927
 42.8367,  14.4150, 156.8263,  35.3913
 42.8304,  14.4039, 157.6088,  35.3952
 42.8291,  14.3978, 158.2427,  35.3993
 42.8193,  14.3935, 158.9375,  35.3940
 42.8084,  14.3858, 159.8272,  35.3905
 42.7808,  14.3657, 160.9402,  35.3829
 42.7529,  14.3407, 162.1181,  35.3795
 42.7312,  14.3203, 163.1517,  35.3775
 42.7198,  14.3057, 163.9653,  35.3800
 42.7043,  14.2940, 164.6720,  35.3761
 42.6875,  14.2817, 165.4110,  35.3715
 42.6758,  14.2701, 166.2104,  35.3709
 42.6653,  14.2605, 167.0639,  35.3697
 42.6372,  14.2406, 167.9970,  35.3614
 42.6016,  14.2123, 168.9833,  35.3538
 42.5647,  14.1814, 169.9678,  35.3475
 42.5343,  14.1519, 170.9523,  35.3458
 42.5075,  14.1268, 171.9494,  35.3435
 42.4881,  14.1066, 172.8798,  35.3436
 42.4752,  14.0918, 173.6498,  35.3448
 42.4642,  14.0795, 174.3102,  35.3456
 42.4528,  14.0706, 175.0134,  35.3429
 42.4417,  14.0612, 175.8606,  35.3408
 42.4283,  14.0501, 176.8916,  35.3380
 42.3862,  14.0183, 178.0161,  35.3275
 42.3489,  13.9852, 179.0910,  35.3227
 42.3158,  13.9539, 179.9820,  35.3201
 42.2950,  13.9317, 180.7191,  35.3208
 42.2810,  13.9163, 181.4445,  35.3215
 42.2592,  13.9002, 182.2764,  35.3157
 42.2342,  13.8788, 183.2370,  35.3115
 42.2014,  13.8524, 184.1680,  35.3047
 42.1759,  13.8269, 184.9720,  35.3039
 42.1598,  13.8078, 185.7023,  35.3062
 42.1346,  13.7884, 186.4883,  35.3001
 42.1092,  13.7651, 187.4447,  35.2974
 42.0698,  13.7330, 188.5246,  35.2895
 42.0296,  13.6985, 189.5862,  35.2831
 41.9927,  13.6661, 190.4551,  35.2778
 41.9714,  13.6398, 191.1123,  35.2817
 41.9446,  13.6198, 191.7420,  35.2747
 41.9139,  13.5921, 192.5264,  35.2711
 41.8882,  13.5674, 193.5094,  35.2692
 41.8659,  13.5465, 194.6111,  35.2671
 41.8448,  13.5266, 195.6805,  35.2651
 41.8298,  13.5101, 196.5236,  35.2658
 41.8221,  13.4974, 197.1587,  35.2700
 41.8051,  13.4873, 197.8279,  35.2631
 41.7773,  13.4648, 198.7227,  35.2572
 41.7342,  13.4292, 199.7936,  35.2490
 41.6845,  13.3875, 200.8203,  35.2401
 41.6162,  13.3376, 201.6783,  35.2213
 41.5615,  13.2857, 202.4727,  35.2171
 41.5253,  13.2449, 203.3270,  35.2202
 41.4928,  13.2133, 204.2403,  35.2182
 41.4700,  13.1900, 205.1147,  35.2179
 41.4538,  13.1726, 205.9774,  35.2182
 41.4407,  13.1591, 206.8999,  35.2178
 41.4276,  13.1474, 207.8245,  35.2158
 41.4143,  13.1356, 208.6989,  35.2137
 41.4025,  13.1235, 209.5428,  35.2134
 41.3953,  13.1149, 210.3809,  35.2142
 41.3890,  13.1087, 211.2059,  35.2136
 41.3819,  13.1025, 212.0496,  35.2123
 41.3740,  13.0960, 212.9832,  35.2104
 41.3550,  13.0817, 213.9268,  35.2052
 41.3276,  13.0606, 214.8083,  35.1982
 41.3055,  13.0395, 215.6600,  35.1964
 41.2861,  13.0203, 216.5488,  35.1953
 41.2620,  12.9995, 217.4726,  35.1913
 41.2404,  12.9797, 218.3598,  35.1888
 41.2227,  12.9624, 219.2118,  35.1875
 41.2074,  12.9466, 220.0654,  35.1872
 41.1953,  12.9347, 220.9195,  35.1864
 41.1823,  12.9242, 221.7294,  35.1834
 41.1667,  12.9122, 222.5262,  35.1794
 41.1297,  12.8860, 223.4389,  35.1680
 41.0823,  12.8486, 224.4933,  35.1569
 41.0207,  12.7943, 225.5509,  35.1480
 40.9677,  12.7435, 226.4478,  35.1440
 40.9346,  12.7035, 227.1091,  35.1493
 40.9145,  12.6774, 227.6487,  35.1540
 40.8917,  12.6596, 228.2973,  35.1484
 40.8769,  12.6456, 229.2316,  35.1469
 40.8623,  12.6328, 230.4299,  35.1442
 40.8476,  12.6196, 231.6492,  35.1419
 40.8290,  12.6046, 232.6741,  35.1376
 40.8236,  12.5891, 233.4428,  35.1465
 40.8206,  12.5793, 234.0305,  35.1526
 40.8084,  12.5728, 234.5970,  35.1466
 40.7863,  12.5594, 235.2862,  35.1376
 40.7550,  12.5382, 236.1412,  35.1269
 40.7022,  12.5007, 237.1360,  35.1105
 40.6235,  12.4345, 238.2397,  35.0959
 40.5334,  12.3588, 239.4176,  35.0791
 40.4379,  12.2764, 240.4761,  35.0631
 40.3801,  12.2045, 241.2010,  35.0741
 40.3302,  12.1510, 241.6216,  35.0756
 40.2998,  12.1183, 242.0498,  35.0765
 40.2716,  12.0963, 242.7774,  35.0693
 40.2417,  12.0700, 243.8364,  35.0645
 40.2138,  12.0437, 245.1086,  35.0615
 40.1676,  12.0071, 246.3463,  35.0502
 40.1243,  11.9677, 247.3530,  35.0446
 40.1029,  11.9376, 248.0708,  35.0516
 40.0849,  11.9137, 248.5795,  35.0563
 40.0761,  11.8995, 249.0822,  35.0609
 40.0571,  11.8894, 249.7452,  35.0515
 40.0408,  11.8776, 250.6692,  35.0463
 40.0269,  11.8664, 251.7922,  35.0427
 40.0153,  11.8565, 252.9878,  35.0402
 40.0056,  11.8473, 254.1021,  35.0388
 39.9977,  11.8394, 255.0189,  35.0382
 39.9942,  11.8341, 255.7406,  35.0393
 39.9960,  11.8326, 256.3370,  35.0423
 39.9923,  11.8317, 256.9498,  35.0392
 39.9852,  11.8270, 257.7530,  35.0364
 39.9677,  11.8151, 258.7831,  35.0300
 39.9291,  11.7839, 259.8928,  35.0211
 39.8928,  11.7516, 260.8997,  35.0155
 39.8624,  11.7229, 261.7902,  35.0122
 39.8299,  11.6958, 262.6343,  35.0056
 39.8017,  11.6683, 263.4387,  35.0034
 39.7779,  11.6416, 264.1530,  35.0048
 39.7536,  11.6229, 264.7978,  34.9983
 39.7312,  11.6013, 265.5359,  34.9963
 39.6978,  11.5708, 266.5562,  34.9917
 39.6588,  11.5357, 267.7807,  34.9860
 39.6218,  11.5028, 268.9215,  34.9800
 39.5945,  11.4756, 269.7811,  34.9784
 39.5791,  11.4574, 270.4570,  34.9801
 39.5594,  11.4404, 271.1149,  34.9764
 39.5380,  11.4195, 271.8208,  34.9748
 39.5230,  11.4040, 272.6117,  34.9743
 39.4948,  11.3811, 273.5711,  34.9676
 39.4658,  11.3547, 274.7160,  34.9634
 39.4301,  11.3227, 275.9463,  34.9578
 39.4038,  11.2962, 276.9904,  34.9564
 39.3921,  11.2773, 277.6880,  34.9622
 39.3858,  11.2651, 278.0930,  34.9675
 39.3804,  11.2608, 278.5591,  34.9660
 39.3676,  11.2531, 279.3792,  34.9602
 39.3545,  11.2433, 280.2967,  34.9561
 39.3435,  11.2333, 281.1198,  34.9543
 39.3390,  11.2237, 281.6289,  34.9587
 39.3333,  11.2174, 281.7262,  34.9589
 39.3318,  11.2154, 281.4979,  34.9595
 39.3360,  11.2150, 281.1707,  34.9642
 39.3337,  11.2164, 281.0305,  34.9605
 39.3292,  11.2159, 281.2071,  34.9565
 39.3257,  11.2139, 281.5722,  34.9548
 39.3244,  11.2122, 281.9109,  34.9550
 39.3253,  11.2097, 282.0692,  34.9582
 39.3251,  11.2096, 281.9725,  34.9581
 39.3268,  11.2106, 281.6485,  34.9590
 39.3334,  11.2124, 281.2693,  34.9640
 39.3317,  11.2147, 281.1215,  34.9602
 39.3275,  11.2141, 281.3260,  34.9565
 39.3235,  11.2121, 281.7011,  34.9542
 39.3268,  11.2102, 281.9586,  34.9592
 39.3258,  11.2091, 282.0123,  34.9592
 39.3271,  11.2092, 281.8805,  34.9605
 39.3305,  11.2105, 281.6337,  34.9628
 39.3374,  11.2128, 281.4294,  34.9676
 39.3360,  11.2165, 281.4666,  34.9626
 39.3301,  11.2153, 281.7920,  34.9577
 39.3241,  11.2127, 282.2278,  34.9540
 39.3253,  11.2086, 282.4819,  34.9589
 39.3210,  11.2061, 282.3812,  34.9572
 39.3216,  11.2058, 282.0438,  34.9582
 39.3221,  11.2080, 281.8087,  34.9567
 39.3196,  11.2082, 281.9104,  34.9540
 39.3161,  11.2065, 282.2457,  34.9520
 39.3162,  11.2053, 282.5807,  34.9531
 39.3215,  11.2022, 282.8322,  34.9611
 39.3226,  11.1964, 283.0141,  34.9677
 39.3170,  11.1927, 283.0300,  34.9656
 39.3133,  11.1913, 282.8375,  34.9634
 39.3171,  11.1923, 282.5637,  34.9663
 39.3182,  11.1976, 282.4366,  34.9624
 39.3172,  11.2006, 282.5667,  34.9585
 39.3145,  11.2015, 282.8513,  34.9549
 39.3157,  11.1990, 283.0378,  34.9584
 39.3095,  11.1943, 282.9599,  34.9566
 39.3098,  11.1923, 282.7420,  34.9589
 39.3108,  11.1948, 282.6351,  34.9576
 39.3110,  11.1972, 282.7300,  34.9556
 39.3111,  11.1986, 282.9006,  34.9542
 39.3159,  11.1978, 282.9944,  34.9597
 39.3129,  11.1946, 282.9450,  34.9598
 39.3130,  11.1937, 282.7788,  34.9608
 39.3173,  11.1946, 282.5815,  34.9642
 39.3236,  11.1993, 282.5031,  34.9661
 39.3214,  11.2027, 282.6414,  34.9607
 39.3169,  11.2023, 282.9021,  34.9565
 39.3175,  11.2005, 283.1289,  34.9587
 39.3145,  11.1954, 283.2163,  34.9605
 39.3112,  11.1923, 283.1430,  34.9602
 39.3104,  11.1918, 282.8976,  34.9600
 39.3137,  11.1929, 282.5727,  34.9623
 39.3185,  11.1962, 282.3430,  34.9641
 39.3181,  11.1999, 282.3824,  34.9602
 39.3148,  11.2004, 282.6729,  34.9562
 39.3096,  11.1978, 283.0215,  34.9534
 39.3082,  11.1940, 283.2441,  34.9556
 39.3048,  11.1897, 283.2529,  34.9563
 39.3043,  11.1885, 283.0551,  34.9569
 39.3079,  11.1894, 282.7635,  34.9598
 39.3127,  11.1929, 282.5260,  34.9613
 39.3145,  11.1968, 282.4547,  34.9595
 39.3154,  11.1992, 282.5662,  34.9580
 39.3146,  11.2008, 282.8016,  34.9557
 39.3128,  11.2000, 283.0508,  34.9545
 39.3140,  11.1969, 283.1582,  34.9586
 39.3100,  11.1936, 283.0226,  34.9579
 39.3109,  11.1929, 282.7557,  34.9595
 39.3127,  11.1955, 282.5967,  34.9589
 39.3124,  11.1978, 282.6558,  34.9564
 39.3119,  11.1985, 282.8095,  34.9551
 39.3153,  11.1978, 282.8533,  34.9593
 39.3138,  11.1968, 282.7369,  34.9587
 39.3169,  11.1972, 282.5670,  34.9615
 39.3213,  11.1999, 282.4445,  34.9633
 39.3218,  11.2031, 282.5576,  34.9608
 39.3218,  11.2035, 282.6969,  34.9603
 39.3266,  11.2025, 282.8120,  34.9659
 39.3285,  11.2002, 282.8898,  34.9700
 39.3272,  11.1970, 282.9767,  34.9717
 39.3316,  11.1975, 283.1072,  34.9755
 39.3326,  11.2003, 283.2481,  34.9738
 39.3321,  11.2002, 283.3127,  34.9733
 39.3275,  11.1963, 283.3826,  34.9724
 39.3224,  11.1991, 283.6263,  34.9646
 39.3095,  11.1937, 284.0188,  34.9567
 39.2969,  11.1855, 284.4598,  34.9518
 39.2912,  11.1735, 284.7978,  34.9575
 39.2839,  11.1597, 285.1927,  34.9632
 39.2646,  11.1500, 285.8930,  34.9528
 39.2385,  11.1312, 286.8876,  34.9443
 39.2073,  11.1060, 287.8764,  34.9366
 39.1840,  11.0830, 288.6397,  34.9349
 39.1737,  11.0658, 289.2448,  34.9408
 39.1560,  11.0531, 289.9037,  34.9348
 39.1394,  11.0385, 290.7796,  34.9318
 39.1252,  11.0254, 291.8317,  34.9296
 39.1120,  11.0134, 292.8561,  34.9274
 39.0994,  11.0029, 293.7000,  34.9245
 39.0915,  10.9928, 294.3930,  34.9259
 39.0799,  10.9835, 295.0670,  34.9228
 39.0710,  10.9754, 295.8577,  34.9213
 39.0611,  10.9661, 296.7633,  34.9200
 39.0396,  10.9502, 297.7375,  34.9130
 38.9901,  10.9149, 298.7190,  34.8967
 38.9443,  10.8713, 299.6613,  34.8920
 38.9056,  10.8342, 300.5083,  34.8882
 38.8769,  10.8041, 301.2964,  34.8878
 38.8560,  10.7806, 302.1596,  34.8888
 38.8384,  10.7623, 303.1386,  34.8881
 38.8249,  10.7478, 304.1078,  34.8879
 38.8161,  10.7380, 304.9599,  34.8881
 38.8093,  10.7303, 305.7415,  34.8881
 38.8025,  10.7234, 306.5713,  34.8876
 38.7937,  10.7167, 307.4565,  34.8848
 38.7842,  10.7070, 308.3827,  34.8841
 38.7776,  10.6993, 309.3292,  34.8843
 38.7640,  10.6903, 310.2229,  34.8788
 38.7531,  10.6791, 311.0155,  34.8783
 38.7441,  10.6683, 311.7325,  34.8791
 38.7311,  10.6573, 312.5165,  34.8763
 38.7169,  10.6438, 313.5286,  34.8744
 38.7017,  10.6282, 314.7276,  34.8734
 38.6900,  10.6159, 315.8420,  34.8729
 38.6858,  10.6076, 316.6563,  34.8763
 38.6870,  10.6013, 317.2823,  34.8832
 38.6809,  10.5985, 317.9903,  34.8793
 38.6753,  10.5949, 318.8484,  34.8768
 38.6712,  10.5918, 319.7061,  34.8753
 38.6687,  10.5896, 320.5256,  34.8744
 38.6641,  10.5861, 321.4222,  34.8728
 38.6597,  10.5821, 322.5293,  34.8717
 38.6536,  10.5772, 323.7109,  34.8697
 38.6473,  10.5707, 324.6707,  34.8690
 38.6466,  10.5650, 325.3315,  34.8736
 38.6444,  10.5615, 325.6397,  34.8746
 38.6433,  10.5618, 325.9385,  34.8730
 38.6415,  10.5612, 326.3567,  34.8716
 38.6389,  10.5594, 326.7381,  34.8706
 38.6424,  10.5567, 326.9503,  34.8765
 38.6440,  10.5550, 327.0656,  34.8797
 38.6439,  10.5572, 327.2738,  34.8774
 38.6398,  10.5566, 327.5637,  34.8737
 38.6419,  10.5548, 327.6543,  34.8775
 38.6403,  10.5545, 327.4479,  34.8763
 38.6415,  10.5552, 327.2287,  34.8770
 38.6374,  10.5549, 327.3791,  34.8730
 38.6337,  10.5530, 327.8655,  34.8710
 38.6331,  10.5509, 328.2408,  34.8721
 38.6320,  10.5494, 328.2263,  34.8725
 38.6338,  10.5496, 327.9942,  34.8742
 38.6331,  10.5510, 327.8719,  34.8722
 38.6322,  10.5514, 327.8981,  34.8710
 38.6352,  10.5516, 327.8691,  34.8737
 38.6357,  10.5517, 327.7041,  34.8742
 38.6386,  10.5531, 327.6190,  34.8759
 38.6359,  10.5538, 327.8291,  34.8724
 38.6328,  10.5520, 328.1794,  34.8708
 38.6353,  10.5503, 328.3635,  34.8749
 38.6344,  10.5496, 328.2661,  34.8746
 38.6362,  10.5504, 327.9806,  34.8758
 38.6393,  10.5516, 327.6819,  34.8779
 38.6386,  10.5538, 327.5390,  34.8753
 38.6358,  10.5536, 327.6397,  34.8726
 38.6330,  10.5520, 327.9461,  34.8711
 38.6314,  10.5505, 328.2566,  34.8707
 38.6322,  10.5494, 328.3449,  34.8727
 38.6332,  10.5501, 328.1578,  34.8730
 38.6367,  10.5509, 327.8433,  34.8759
 38.6362,  10.5526, 327.6418,  34.8739
 38.6342,  10.5529, 327.7029,  34.8716
 38.6314,  10.5511, 327.9676,  34.8704
 38.6320,  10.5498, 328.1944,  34.8721
 38.6320,  10.5488, 328.2002,  34.8730
 38.6335,  10.5498, 328.0200,  34.8736
 38.6377,  10.5506, 327.8087,  34.8773
 38.6374,  10.5523, 327.7151,  34.8754
 38.6356,  10.5525, 327.7845,  34.8733
 38.6340,  10.5517, 327.9391,  34.8724
 38.6349,  10.5512, 328.0905,  34.8737
 38.6406,  10.5502, 328.1525,  34.8804
 38.6396,  10.5498, 328.0637,  34.8798
 38.6406,  10.5509, 327.8940,  34.8799
 38.6421,  10.5532, 327.8050,  34.8792
 38.6393,  10.5545, 327.8843,  34.8750
 38.6366,  10.5538, 328.0229,  34.8730
 38.6400,  10.5522, 328.0684,  34.8780
 38.6391,  10.5509, 328.0132,  34.8783
 38.6411,  10.5508, 327.9815,  34.8804
 38.6408,  10.5525, 328.0424,  34.8785
 38.6399,  10.5530, 328.1437,  34.8770
 38.6432,  10.5530, 328.1292,  34.8804
 38.6413,  10.5530, 327.9404,  34.8785
 38.6424,  10.5538, 327.6426,  34.8790
 38.6418,  10.5561, 327.4443,  34.8764
 38.6381,  10.5553, 327.5160,  34.8733
 38.6348,  10.5531, 327.8319,  34.8719
 38.6332,  10.5512, 328.1438,  34.8719
 38.6326,  10.5503, 328.1771,  34.8722
 38.6333,  10.5506, 327.9536,  34.8727
 38.6358,  10.5523, 327.6740,  34.8738
 38.6351,  10.5529, 327.5384,  34.8725
 38.6332,  10.5522, 327.6456,  34.8712
 38.6311,  10.5509, 327.9530,  34.8702
 38.6305,  10.5498, 328.2793,  34.8706
 38.6334,  10.5491, 328.4200,  34.8741
 38.6342,  10.5494, 328.3874,  34.8746
 38.6344,  10.5506, 328.4082,  34.8736
 38.6336,  10.5508, 328.6071,  34.8726
 38.6313,  10.5497, 328.8463,  34.8712
 38.6311,  10.5482, 328.8627,  34.8724
 38.6303,  10.5485, 328.8497,  34.8714
 38.6297,  10.5484, 329.0257,  34.8707
 38.6269,  10.5470, 329.6497,  34.8690
 38.6236,  10.5440, 330.6875,  34.8681
 38.6207,  10.5405, 331.8496,  34.8680
 38.6198,  10.5375, 332.7647,  34.8695
 38.6197,  10.5354, 333.2994,  34.8712
 38.6225,  10.5352, 333.6810,  34.8740
 38.6220,  10.5361, 334.1866,  34.8724
 38.6186,  10.5349, 334.9967,  34.8699
 38.6155,  10.5323, 336.0770,  34.8686
 38.6134,  10.5298, 337.2416,  34.8684
 38.6117,  10.5277, 338.3495,  34.8682
 38.6091,  10.5257, 339.3291,  34.8671
 38.6077,  10.5233, 340.1342,  34.8675
 38.6092,  10.5218, 340.7099,  34.8703
 38.6094,  10.5216, 341.1617,  34.8705
 38.6058,  10.5203, 341.7384,  34.8678
 38.5998,  10.5153, 342.4623,  34.8662
 38.5948,  10.5105, 343.2084,  34.8654
 38.5927,  10.5051, 343.8253,  34.8682
 38.5892,  10.5012, 344.1486,  34.8683
 38.5883,  10.4994, 344.2038,  34.8690
 38.5901,  10.4988, 344.0873,  34.8715
 38.5916,  10.4994, 343.8574,  34.8724
 38.5962,  10.5017, 343.5983,  34.8752
 38.5973,  10.5042, 343.4150,  34.8739
 38.5956,  10.5051, 343.3677,  34.8713
 38.5947,  10.5059, 343.3527,  34.8697
 38.5948,  10.5065, 343.1221,  34.8693
 38.5954,  10.5076, 342.6035,  34.8690
 38.5975,  10.5085, 342.0385,  34.8706
 38.5974,  10.5101, 341.6550,  34.8692
 38.5992,  10.5120, 341.4149,  34.8693
 38.6020,  10.5137, 341.1532,  34.8706
 38.6038,  10.5140, 340.7999,  34.8722
 38.6079,  10.5162, 340.4442,  34.8744
 38.6078,  10.5183, 340.2747,  34.8724
 38.6103,  10.5201, 340.2192,  34.8732
 38.6126,  10.5218, 340.1761,  34.8739
 38.6166,  10.5229, 340.1269,  34.8769
 38.6207,  10.5255, 340.0514,  34.8786
 38.6267,  10.5263, 339.9913,  34.8840
 38.6232,  10.5267, 340.0204,  34.8800
 38.6180,  10.5261, 340.1354,  34.8753
 38.6155,  10.5254, 340.2528,  34.8734
 38.6188,  10.5243, 340.2687,  34.8778
 38.6177,  10.5235, 340.1610,  34.8774
 38.6201,  10.5237, 340.0271,  34.8797
 38.6179,  10.5248, 340.0152,  34.8764
 38.6145,  10.5243, 340.1184,  34.8735
 38.6142,  10.5236, 340.1631,  34.8738
 38.6134,  10.5230, 340.0651,  34.8737
 38.6154,  10.5234, 339.9273,  34.8753
 38.6147,  10.5244, 339.8380,  34.8738
 38.6151,  10.5256, 339.8130,  34.8730
 38.6150,  10.5265, 339.8546,  34.8719
 38.6146,  10.5260, 339.9594,  34.8721
 38.6145,  10.5261, 340.0424,  34.8718
 38.6171,  10.5255, 340.0022,  34.8750
 38.6161,  10.5252, 339.8145,  34.8743
 38.6186,  10.5257, 339.6248,  34.8764
 38.6167,  10.5266, 339.5787,  34.8738
 38.6143,  10.5258, 339.6796,  34.8720
 38.6120,  10.5245, 339.8105,  34.8709
 38.6144,  10.5239, 339.8780,  34.8739
 38.6166,  10.5216, 339.8817,  34.8783
 38.6187,  10.5229, 339.8221,  34.8793
 38.6194,  10.5232, 339.7039,  34.8797
 38.6209,  10.5236, 339.6318,  34.8808
 38.6197,  10.5256, 339.6784,  34.8777
 38.6182,  10.5264, 339.7806,  34.8753
 38.6226,  10.5263, 339.8094,  34.8799
 38.6216,  10.5261, 339.7732,  34.8791
 38.6236,  10.5273, 339.6945,  34.8800
 38.6278,  10.5277, 339.6075,  34.8839
 38.6289,  10.5291, 339.5628,  34.8836
 38.6274,  10.5306, 339.6302,  34.8806
 38.6232,  10.5303, 339.8248,  34.8767
 38.6202,  10.5283, 340.0195,  34.8754
 38.6198,  10.5271, 340.0278,  34.8762
 38.6179,  10.5269, 339.7288,  34.8747
 38.6182,  10.5269, 339.1797,  34.8751
 38.6176,  10.5276, 338.6211,  34.8741
 38.6163,  10.5280, 338.1866,  34.8726
 38.6168,  10.5283, 337.8249,  34.8731
 38.6207,  10.5282, 337.4564,  34.8772
 38.6212,  10.5290, 337.0252,  34.8771
 38.6203,  10.5302, 336.3942,  34.8754
 38.6189,  10.5308, 335.4393,  34.8738
 38.6185,  10.5310, 334.2996,  34.8737
 38.6184,  10.5317, 333.3442,  34.8734
 38.6179,  10.5325, 332.8138,  34.8724
 38.6167,  10.5325, 332.6303,  34.8713
 38.6181,  10.5321, 332.3069,  34.8731
 38.6183,  10.5328, 331.6526,  34.8731
 38.6199,  10.5336, 330.8992,  34.8742
 38.6198,  10.5350, 330.3807,  34.8730
 38.6202,  10.5360, 330.0244,  34.8725
 38.6222,  10.5366, 329.5985,  34.8742
 38.6239,  10.5381, 329.0560,  34.8747
 38.6250,  10.5403, 328.6363,  34.8739
 38.6259,  10.5421, 328.4716,  34.8732
 38.6263,  10.5429, 328.4184,  34.8728
 38.6294,  10.5430, 328.2634,  34.8759
 38.6309,  10.5437, 328.0674,  34.8769
 38.6318,  10.5452, 327.9356,  34.8764
 38.6324,  10.5464, 327.8780,  34.8759
 38.6352,  10.5471, 327.8597,  34.8781
 38.6383,  10.5488, 327.8987,  34.8795
 38.6388,  10.5503, 328.0182,  34.8785
 38.6369,  10.5503, 328.2376,  34.8766
 38.6357,  10.5491, 328.4297,  34.8764
 38.6361,  10.5480, 328.4763,  34.8778
 38.6364,  10.5485, 328.3377,  34.8777
 38.6371,  10.5496, 328.1601,  34.8774
 38.6372,  10.5506, 328.0145,  34.8767
 38.6376,  10.5514, 327.9422,  34.8763
 38.6368,  10.5518, 327.9613,  34.8751
 38.6362,  10.5514, 328.0714,  34.8749
 38.6361,  10.5506, 328.2110,  34.8755
 38.6404,  10.5501, 328.2761,  34.8802
 38.6399,  10.5492, 328.2136,  34.8806
 38.6405,  10.5497, 328.0709,  34.8808
 38.6438,  10.5503, 327.9071,  34.8837
 38.6450,  10.5513, 327.7916,  34.8840
 38.6431,  10.5517, 327.8038,  34.8817
 38.6400,  10.5511, 327.9856,  34.8789
 38.6367,  10.5497, 328.2524,  34.8769
 38.6361,  10.5488, 328.4352,  34.8770
 38.6350,  10.5476, 328.3824,  34.8772
 38.6346,  10.5477, 328.0993,  34.8768
 38.6361,  10.5480, 327.7582,  34.8781
 38.6351,  10.5483, 327.6201,  34.8770
 38.6333,  10.5481, 327.7993,  34.8752
 38.6317,  10.5469, 328.0995,  34.8745
 38.6332,  10.5459, 328.1256,  34.8771
 38.6337,  10.5458, 327.7966,  34.8778
 38.6344,  10.5463, 327.2284,  34.8783
 38.6353,  10.5474, 326.5484,  34.8784
 38.6374,  10.5492, 325.9037,  34.8791
 38.6419,  10.5522, 325.3036,  34.8810
 38.6477,  10.5566, 324.6996,  34.8830
 38.6511,  10.5612, 323.9722,  34.8824
 38.6543,  10.5662, 323.0957,  34.8812
 38.6565,  10.5694, 322.1552,  34.8807
 38.6595,  10.5718, 321.2920,  34.8818
 38.6609,  10.5744, 320.5909,  34.8811
 38.6636,  10.5771, 320.0325,  34.8815
 38.6661,  10.5792, 319.4058,  34.8823
 38.6673,  10.5815, 318.5455,  34.8817
 38.6687,  10.5837, 317.4889,  34.8815
 38.6709,  10.5857, 316.4454,  34.8823
 38.6728,  10.5879, 315.6120,  34.8824
 38.6766,  10.5912, 314.9745,  34.8834
 38.6815,  10.5948, 314.3657,  34.8851
 38.6871,  10.5992, 313.6963,  34.8868
 38.6932,  10.6057, 313.0277,  34.8871
 38.7021,  10.6128, 312.3042,  34.8897
 38.7162,  10.6214, 311.4705,  34.8959
 38.7298,  10.6343, 310.5786,  34.8978
 38.7410,  10.6464, 309.7592,  34.8979
 38.7487,  10.6559, 309.0778,  34.8968
 38.7570,  10.6635, 308.4529,  34.8981
 38.7662,  10.6717, 307.7946,  34.8999
 38.7738,  10.6802, 307.0780,  34.8997
 38.7804,  10.6880, 306.2526,  34.8994
 38.7865,  10.6949, 305.3344,  34.8992
 38.7922,  10.7013, 304.4266,  34.8993
 38.7970,  10.7070, 303.6781,  34.8990
 38.8027,  10.7118, 303.0447,  34.9004
 38.8099,  10.7168, 302.4694,  34.9032
 38.8168,  10.7225, 301.9139,  34.9048
 38.8245,  10.7290, 301.3015,  34.9067
 38.8357,  10.7391, 300.5400,  34.9086
 38.8577,  10.7539, 299.6475,  34.9169
 38.8805,  10.7794, 298.7509,  34.9160
 38.9125,  10.8042, 297.9202,  34.9248
 38.9375,  10.8256, 297.1331,  34.9298
 38.9671,  10.8476, 296.3729,  34.9388
 38.9849,  10.8707, 295.6811,  34.9349
 39.0045,  10.8907, 295.0893,  34.9357
 39.0212,  10.9072, 294.5187,  34.9371
 39.0373,  10.9221, 293.8078,  34.9392
 39.0545,  10.9406, 292.8572,  34.9393
 39.0696,  10.9569, 291.8521,  34.9393
 39.0796,  10.9694, 291.0689,  34.9377
 39.0916,  10.9812, 290.5802,  34.9386
 39.1007,  10.9911, 290.0782,  34.9386
 39.1067,  10.9984, 289.2852,  34.9379
 39.1173,  11.0072, 288.2125,  34.9407
 39.1287,  11.0211, 287.1588,  34.9393
 39.1509,  11.0379, 286.4237,  34.9458
 39.1697,  11.0562, 285.9612,  34.9473
 39.1824,  11.0695, 285.4705,  34.9476
 39.1914,  11.0790, 284.7919,  34.9478
 39.1986,  11.0883, 284.1338,  34.9464
 39.2135,  11.0978, 283.6976,  34.9524
 39.2249,  11.1092, 283.4422,  34.9531
 39.2302,  11.1170, 283.2534,  34.9510
 39.2356,  11.1213, 283.0447,  34.9524
 39.2395,  11.1233, 282.8792,  34.9545
 39.2341,  11.1222, 282.8978,  34.9501
 39.2356,  11.1218, 283.0955,  34.9519
 39.2376,  11.1249, 283.2607,  34.9509
 39.2390,  11.1259, 283.2278,  34.9514
 39.2441,  11.1291, 283.0709,  34.9535
 39.2443,  11.1306, 282.9726,  34.9522
 39.2458,  11.1319, 282.9893,  34.9525
 39.2501,  11.1360, 282.9798,  34.9530
 39.2579,  11.1430, 282.8304,  34.9542
 39.2621,  11.1471, 282.6412,  34.9545
 39.2643,  11.1500, 282.6593,  34.9539
 39.2698,  11.1540, 282.9688,  34.9555
 39.2608,  11.1506, 283.3239,  34.9496
 39.2557,  11.1444, 283.4098,  34.9504
 39.2561,  11.1417, 283.2117,  34.9534
 39.2578,  11.1437, 282.9207,  34.9533
 39.2645,  11.1463, 282.6967,  34.9575
 39.2733,  11.1531, 282.6109,  34.9599
 39.2815,  11.1604, 282.6758,  34.9611
 39.2875,  11.1670, 282.8725,  34.9608
 39.2863,  11.1687, 283.1339,  34.9578
 39.2846,  11.1675, 283.3490,  34.9572
 39.2836,  11.1658, 283.3861,  34.9578
 39.2828,  11.1649, 283.1909,  34.9580
 39.2844,  11.1657, 282.8236,  34.9589
 39.2853,  11.1678, 282.4820,  34.9579
 39.2899,  11.1707, 282.4290,  34.9598
 39.2911,  11.1743, 282.7105,  34.9575
 39.2874,  11.1716, 283.1180,  34.9561
 39.2862,  11.1685, 283.3664,  34.9578
 39.2838,  11.1665, 283.3564,  34.9574
 39.2839,  11.1659, 283.1839,  34.9581
 39.2836,  11.1661, 282.9698,  34.9576
 39.2847,  11.1665, 282.7763,  34.9585
 39.2867,  11.1675, 282.6668,  34.9595
 39.2897,  11.1694, 282.7103,  34.9608
 39.2927,  11.1729, 282.7820,  34.9603
 39.2943,  11.1746, 282.5743,  34.9604
 39.2979,  11.1776, 282.0450,  34.9614
 39.3034,  11.1821, 281.2947,  34.9629
 39.3073,  11.1873, 280.5396,  34.9622
 39.3117,  11.1915, 279.8564,  34.9629
 39.3169,  11.1954, 279.2060,  34.9647
 39.3266,  11.2028, 278.4625,  34.9675
 39.3394,  11.2135, 277.6133,  34.9705
 39.3489,  11.2254, 276.8130,  34.9690
 39.3573,  11.2343, 276.1437,  34.9692
 39.3713,  11.2436, 275.4159,  34.9746
 39.3891,  11.2584, 274.4738,  34.9787
 39.4104,  11.2779, 273.4494,  34.9817
 39.4277,  11.2937, 272.6320,  34.9843
 39.4482,  11.3097, 271.9868,  34.9898
 39.4656,  11.3257, 271.3203,  34.9921
 39.4862,  11.3440, 270.5493,  34.9955
 39.5064,  11.3633, 269.7357,  34.9976
 39.5231,  11.3821, 268.9446,  34.9966
 39.5383,  11.3972, 268.1692,  34.9978
 39.5541,  11.4108, 267.4120,  35.0008
 39.5650,  11.4245, 266.7115,  34.9989
 39.5751,  11.4356, 266.1064,  34.9987
 39.5936,  11.4453, 265.4434,  35.0081
 39.6223,  11.4683, 264.5728,  35.0151
 39.6555,  11.4975, 263.5378,  35.0207
 39.6773,  11.5312, 262.5338,  35.0107
 39.7060,  11.5553, 261.7113,  35.0167
 39.7323,  11.5757, 261.1017,  35.0235
 39.7556,  11.5968, 260.6181,  35.0267
 39.7791,  11.6185, 260.1018,  35.0296
 39.8027,  11.6392, 259.3954,  35.0336
 39.8395,  11.6673, 258.4802,  35.0436
 39.8762,  11.7007, 257.4543,  35.0486
 39.9013,  11.7305, 256.4476,  35.0456
 39.9181,  11.7528, 255.5756,  35.0414
 39.9332,  11.7664, 254.9244,  35.0438
 39.9475,  11.7780, 254.4746,  35.0470
 39.9560,  11.7878, 254.0474,  35.0462
 39.9653,  11.7961, 253.4171,  35.0478
 39.9772,  11.8063, 252.5015,  35.0503
 39.9920,  11.8191, 251.4214,  35.0532
 40.0021,  11.8304, 250.4065,  35.0529
 40.0093,  11.8382, 249.5858,  35.0529
 40.0149,  11.8438, 248.9167,  35.0534
 40.0184,  11.8479, 248.2961,  35.0533
 40.0218,  11.8512, 247.6428,  35.0538
 40.0251,  11.8543, 246.9356,  35.0545
 40.0286,  11.8576, 246.2046,  35.0550
 40.0324,  11.8612, 245.4810,  35.0557
 40.0501,  11.8696, 244.6838,  35.0655
 40.0790,  11.8912, 243.7538,  35.0738
 40.1035,  11.9157, 242.7792,  35.0751
 40.1209,  11.9361, 241.9511,  35.0733
 40.1380,  11.9524, 241.3397,  35.0749
 40.1505,  11.9686, 240.7758,  35.0722
 40.1729,  11.9860, 240.0728,  35.0780
 40.2088,  12.0140, 239.2373,  35.0871
 40.2348,  12.0508, 238.4144,  35.0781
 40.2677,  12.0780, 237.6814,  35.0849
 40.3057,  12.1021, 236.9462,  35.0997
 40.3901,  12.1562, 236.1488,  35.1312
 40.4684,  12.2266, 235.3162,  35.1415
 40.5221,  12.2937, 234.5321,  35.1311
 40.5685,  12.3437, 233.8215,  35.1295
 40.6066,  12.3788, 233.1646,  35.1338
 40.6509,  12.4102, 232.4630,  35.1475
 40.6986,  12.4506, 231.6151,  35.1562
 40.7385,  12.4911, 230.6629,  35.1572
 40.7646,  12.5235, 229.7552,  35.1525
 40.7854,  12.5433, 229.0275,  35.1544
 40.8016,  12.5587, 228.4517,  35.1558
 40.8103,  12.5701, 227.8863,  35.1538
 40.8185,  12.5781, 227.2014,  35.1545
 40.8287,  12.5865, 226.3266,  35.1569
 40.8545,  12.6035, 225.2919,  35.1663
 40.8868,  12.6314, 224.2268,  35.1718
 40.9114,  12.6568, 223.3541,  35.1721
 40.9643,  12.6926, 222.7928,  35.1898
 41.0114,  12.7363, 222.4321,  35.1944
 41.0388,  12.7693, 221.9747,  35.1901
 41.0654,  12.7950, 221.1265,  35.1920
 41.0970,  12.8228, 219.8768,  35.1968
 41.1235,  12.8505, 218.5677,  35.1971
 41.1496,  12.8730, 217.6022,  35.2015
 41.1744,  12.8955, 217.0920,  35.2046
 41.1850,  12.9085, 216.7735,  35.2028
 41.1917,  12.9162, 216.3192,  35.2021
 41.1992,  12.9229, 215.6276,  35.2034
 41.2096,  12.9310, 214.7690,  35.2061
 41.2300,  12.9459, 213.7949,  35.2122
 41.2583,  12.9684, 212.7196,  35.2188
 41.2822,  12.9947, 211.7060,  35.2175
 41.3046,  13.0141, 210.9777,  35.2212
 41.3249,  13.0324, 210.5284,  35.2237
 41.3380,  13.0464, 210.0950,  35.2233
 41.3469,  13.0558, 209.4865,  35.2234
 41.3546,  13.0631, 208.6956,  35.2242
 41.3648,  13.0715, 207.7667,  35.2265
 41.3772,  13.0818, 206.6799,  35.2293
 41.3872,  13.0921, 205.5313,  35.2296
 41.3950,  13.1008, 204.6297,  35.2294
 41.4049,  13.1095, 204.2113,  35.2309
 41.4090,  13.1145, 204.0948,  35.2303
 41.4112,  13.1177, 203.7230,  35.2296
 41.4139,  13.1202, 202.7701,  35.2302
 41.4438,  13.1374, 201.4077,  35.2433
 41.4799,  13.1724, 200.0892,  35.2456
 41.5416,  13.2208, 199.1955,  35.2597
 41.5858,  13.2676, 198.7859,  35.2585
 41.6076,  13.2921, 198.5439,  35.2566
 41.6280,  13.3121, 198.0815,  35.2576
 41.6494,  13.3287, 197.2540,  35.2628
 41.6782,  13.3549, 196.2254,  35.2662
 41.7030,  13.3821, 195.2229,  35.2650
 41.7278,  13.4020, 194.3238,  35.2704
 41.7435,  13.4174, 193.4943,  35.2712
 41.7596,  13.4319, 192.7145,  35.2735
 41.7749,  13.4476, 192.0108,  35.2737
 41.7862,  13.4621, 191.4092,  35.2712
 41.7962,  13.4711, 190.8936,  35.2726
 41.8085,  13.4805, 190.3337,  35.2756
 41.8491,  13.5060, 189.5728,  35.2908
 41.8913,  13.5413, 188.5404,  35.2984
 41.9360,  13.5793, 187.3432,  35.3059
 41.9720,  13.6160, 186.2716,  35.3064
 42.0125,  13.6495, 185.6170,  35.3138
 42.0413,  13.6796, 185.3607,  35.3132
 42.0541,  13.6946, 185.1190,  35.3115
 42.0665,  13.7067, 184.4897,  35.3123
 42.0847,  13.7204, 183.4459,  35.3172
 42.1098,  13.7431, 182.2654,  35.3204
 42.1326,  13.7643, 181.2290,  35.3226
 42.1580,  13.7847, 180.4208,  35.3279
 42.1781,  13.8017, 179.7650,  35.3314
 42.1919,  13.8139, 179.2302,  35.3334
 42.2030,  13.8229, 178.7725,  35.3356
 42.2226,  13.8366, 178.2736,  35.3415
 42.2532,  13.8604, 177.5682,  35.3486
 42.2946,  13.8993, 176.5588,  35.3520
 42.3320,  13.9368, 175.3550,  35.3529
 42.3576,  13.9652, 174.2494,  35.3512
 42.3788,  13.9854, 173.4716,  35.3527
 42.3972,  14.0025, 172.9972,  35.3544
 42.4076,  14.0143, 172.6056,  35.3534
 42.4170,  14.0241, 172.0387,  35.3534
 42.4261,  14.0326, 171.2043,  35.3544
 42.4366,  14.0421, 170.2575,  35.3559
 42.4497,  14.0526, 169.3784,  35.3588
 42.4612,  14.0615, 168.5900,  35.3617
 42.4763,  14.0711, 167.8299,  35.3672
 42.5060,  14.0900, 167.0858,  35.3779
 42.5300,  14.1153, 166.3747,  35.3773
 42.5419,  14.1400, 165.7267,  35.3660
 42.5579,  14.1588, 165.0910,  35.3639
 42.5892,  14.1800, 164.3165,  35.3739
 42.6158,  14.2023, 163.3317,  35.3785
 42.6347,  14.2204, 162.2743,  35.3800
 42.6508,  14.2351, 161.3579,  35.3817
 42.6698,  14.2483, 160.7702,  35.3876
 42.6855,  14.2631, 160.4609,  35.3887
 42.6941,  14.2730, 160.0602,  35.3877
 42.7078,  14.2838, 159.2179,  35.3909
 42.7313,  14.3025, 158.0056,  35.3961
 42.7489,  14.3205, 156.7989,  35.3964
 42.7683,  14.3358, 155.9336,  35.4008
 42.7838,  14.3506, 155.4292,  35.4018
 42.7914,  14.3594, 155.0265,  35.4010
 42.7965,  14.3655, 154.4714,  35.4003
 42.8044,  14.3713, 153.6632,  35.4026
 42.8153,  14.3798, 152.6860,  35.4053
 42.8238,  14.3897, 151.7141,  35.4045
 42.8398,  14.3999, 150.8674,  35.4104
 42.8555,  14.4110, 150.1461,  35.4150
 42.8681,  14.4230, 149.5184,  35.4160
 42.8822,  14.4402, 148.9397,  35.4135
 42.9169,  14.4632, 148.3539,  35.4248
 42.9552,  14.4935, 147.6586,  35.4327
 43.0020,  14.5316, 146.7367,  35.4415
 43.0491,  14.5732, 145.6721,  35.4473
 43.0859,  14.6081, 144.7645,  35.4497
 43.1266,  14.6421, 144.1410,  35.4564
 43.1572,  14.6711, 143.5886,  35.4583
 43.1998,  14.7075, 142.8734,  35.4646
 43.2494,  14.7481, 142.0199,  35.4735
 43.2793,  14.7866, 141.1913,  35.4662
 43.3064,  14.8128, 140.4307,  35.4675
 43.3367,  14.8363, 139.6960,  35.4741
 43.3727,  14.8658, 138.9762,  35.4806
 43.3928,  14.8931, 138.3146,  35.4743
 43.4082,  14.9128, 137.6579,  35.4708
 43.4404,  14.9321, 136.8693,  35.4830
 43.4755,  14.9582, 135.8986,  35.4918
 43.5063,  14.9861, 134.8813,  35.4950
 43.5394,  15.0101, 134.0495,  35.5038
 43.5668,  15.0332, 133.4579,  35.5080
 43.5848,  15.0517, 132.9525,  35.5078
 43.6017,  15.0689, 132.3546,  35.5078
 43.6158,  15.0820, 131.6460,  35.5091
 43.6274,  15.0947, 130.8617,  35.5085
 43.6449,  15.1087, 129.9855,  35.5121
 43.6675,  15.1263, 129.0217,  35.5171
 43.6882,  15.1454, 128.0298,  35.5189
 43.7032,  15.1618, 127.1249,  35.5181
 43.7179,  15.1738, 126.4056,  35.5209
 43.7355,  15.1840, 125.8288,  35.5279
 43.7493,  15.1968, 125.2491,  35.5291
 43.7764,  15.2161, 124.5711,  35.5364
 43.8047,  15.2414, 123.7789,  35.5396
 43.8286,  15.2652, 122.9167,  35.5400
 43.8514,  15.2864, 122.0426,  35.5418
 43.8659,  15.3058, 121.2209,  35.5378
 43.8807,  15.3181, 120.4750,  35.5403
 43.8981,  15.3274, 119.6967,  35.5480
 43.9377,  15.3547, 118.7964,  35.5597
 43.9753,  15.3885, 117.8393,  35.5634
 43.9984,  15.4148, 117.0741,  35.5608
 44.0290,  15.4391, 116.5845,  35.5667
 44.0483,  15.4587, 116.1334,  35.5667
 44.0686,  15.4751, 115.4190,  35.5704
 44.0879,  15.4934, 114.3919,  35.5717
 44.1057,  15.5101, 113.2096,  35.5732
 44.1194,  15.5263, 112.1047,  35.5714
 44.1424,  15.5398, 111.2880,  35.5803
 44.1677,  15.5601, 110.8187,  35.5850
 44.1837,  15.5772, 110.5526,  35.5841
 44.1925,  15.5899, 110.1752,  35.5808
 44.2171,  15.6088, 109.3626,  35.5862
 44.2502,  15.6361, 108.0939,  35.5918
 44.2999,  15.6778, 106.6327,  35.5995
 44.3801,  15.7312, 105.4118,  35.6240
 44.4690,  15.8036, 104.7696,  35.6388
 44.5074,  15.8497, 104.6066,  35.6318
 44.5249,  15.8716, 104.4363,  35.6278
 44.5557,  15.8945, 103.8272,  35.6350
 44.5902,  15.9215, 102.7555,  35.6421
 44.6259,  15.9563, 101.5056,  35.6432
 44.6593,  15.9864, 100.4517,  35.6464
 44.7099,  16.0216,  99.7795,  35.6603
 44.7547,  16.0609,  99.3733,  35.6651
 44.7944,  16.1024,  98.9322,  35.6634
 44.8397,  16.1386,  98.1698,  35.6716
 44.8846,  16.1764,  97.0658,  35.6781
 44.9314,  16.2197,  95.9133,  35.6814
 44.9831,  16.2575,  95.0724,  35.6938
 45.0290,  16.2945,  94.6303,  35.7016
 45.0569,  16.3245,  94.2753,  35.6995
 45.0868,  16.3503,  93.6559,  35.7033
 45.1210,  16.3761,  92.7102,  35.7109
 45.1616,  16.4111,  91.6255,  35.7159
 45.1882,  16.4506,  90.6130,  35.7046
 45.2465,  16.4799,  89.7204,  35.7303
 45.2943,  16.5141,  88.9336,  35.7423
 45.3421,  16.5528,  88.2615,  35.7502
 45.3795,  16.5957,  87.7360,  35.7450
 45.4302,  16.6376,  87.2493,  35.7526
 45.4805,  16.6776,  86.5828,  35.7614
 45.5269,  16.7161,  85.5909,  35.7684
 45.5694,  16.7512,  84.4024,  35.7749
 45.5955,  16.7818,  83.2717,  35.7709
 45.6285,  16.8031,  82.3975,  35.7813
 45.6577,  16.8310,  81.8124,  35.7824
 45.6939,  16.8607,  81.3718,  35.7878
 45.7215,  16.8840,  80.8515,  35.7915
 45.7491,  16.9048,  80.0940,  35.7975
 45.7794,  16.9272,  79.0866,  35.8045
 45.8265,  16.9619,  77.9691,  35.8153
 45.8553,  17.0014,  76.9832,  35.8058
 45.8977,  17.0291,  76.2765,  35.8184
 45.9482,  17.0666,  75.8015,  35.8294
 45.9885,  17.1021,  75.2906,  35.8333
 46.0192,  17.1279,  74.5244,  35.8375
 46.0474,  17.1513,  73.5578,  35.8416
 46.0715,  17.1733,  72.4881,  35.8435
 46.0913,  17.1931,  71.4539,  35.8437
 46.1065,  17.2139,  70.5721,  35.8387
 46.1272,  17.2285,  69.9469,  35.8440
 46.1752,  17.2627,  69.4936,  35.8557
 46.2129,  17.2940,  68.9751,  35.8609
 46.2458,  17.3183,  68.2043,  35.8683
 46.2763,  17.3426,  67.2300,  35.8736
 46.2959,  17.3685,  66.2430,  35.8681
 46.3130,  17.3910,  65.3514,  35.8634
 46.3657,  17.4220,  64.5261,  35.8819
 46.4357,  17.4704,  63.7530,  35.9001
 46.4872,  17.5151,  63.0874,  35.9053
 46.5211,  17.5504,  62.5511,  35.9037
 46.5712,  17.5880,  61.9912,  35.9139
 46.6209,  17.6267,  61.1917,  35.9229
 46.6741,  17.6684,  60.1189,  35.9325
 46.7237,  17.7096,  58.9669,  35.9393
 46.7481,  17.7448,  57.9884,  35.9296
 46.7976,  17.7741,  57.3025,  35.9466
 46.8501,  17.8181,  56.8139,  35.9532
 46.8940,  17.8545,  56.2919,  35.9589
 46.9391,  17.8863,  55.6379,  35.9700
 46.9871,  17.9248,  54.8667,  35.9775
 47.0304,  17.9629,  54.0089,  35.9814
 47.0705,  17.9996,  53.0084,  35.9839
 47.1593,  18.0611,  51.8892,  36.0062
 47.2254,  18.1379,  50.8692,  35.9956
 47.3124,  18.2027,  50.1590,  36.0131
 47.4081,  18.2909,  49.7299,  36.0175
 47.4897,  18.3609,  49.2822,  36.0257
 47.5682,  18.4195,  48.6032,  36.0414
 47.6557,  18.4864,  47.7175,  36.0573
 47.7706,  18.5704,  46.7279,  36.0816
 47.8755,  18.6589,  45.7057,  36.0932
 47.9650,  18.7424,  44.7496,  36.0962
 48.0451,  18.8254,  43.9381,  36.0916
 48.1500,  18.9369,  43.2962,  36.0828
 48.3225,  19.0685,  42.7205,  36.1133
 48.4753,  19.1885,  42.0767,  36.1372
 48.5928,  19.2857,  41.2571,  36.1512
 48.7041,  19.3728,  40.3204,  36.1688
 48.7986,  19.4660,  39.4359,  36.1670
 48.8680,  19.5451,  38.6801,  36.1564
 49.0263,  19.6401,  37.9715,  36.2060
 49.2153,  19.7662,  37.1771,  36.2537
 49.4483,  19.9336,  36.2394,  36.3017
 49.6874,  20.1336,  35.2534,  36.3262
 49.8498,  20.3099,  34.4042,  36.3078
 49.9850,  20.4309,  33.7969,  36.3145
 50.1739,  20.5863,  33.3065,  36.3355
 50.3136,  20.7102,  32.6649,  36.3432
 50.4497,  20.8309,  31.7167,  36.3507
 50.6082,  20.9884,  30.5589,  36.3448
 50.7499,  21.1495,  29.5262,  36.3222
 50.8883,  21.3054,  28.8850,  36.3013
 51.0296,  21.4739,  28.4517,  36.2721
 51.1460,  21.5965,  27.9027,  36.2617
 51.4079,  21.8196,  27.0314,  36.2825
 51.8167,  22.1755,  25.9685,  36.3077
 52.1167,  22.4906,  25.0554,  36.2806
 52.4208,  22.7628,  24.5277,  36.2920
 52.6592,  23.0247,  24.2042,  36.2605
 52.8432,  23.2167,  23.7311,  36.2446
 53.0133,  23.3853,  23.0755,  36.2373
 53.1109,  23.5175,  22.4881,  36.2041
 53.2301,  23.6076,  22.1155,  36.2218
 53.3246,  23.7019,  21.9097,  36.2171
 53.3887,  23.7812,  21.7505,  36.2013
 53.4603,  23.8533,  21.6353,  36.1972
 53.4771,  23.9044,  21.5968,  36.1684
 53.5094,  23.9365,  21.5261,  36.1669
 53.5476,  23.9625,  21.3996,  36.1749
 53.5485,  23.9795,  21.3474,  36.1618
 53.5807,  23.9753,  21.4531,  36.1897
 53.5957,  23.9829,  21.5864,  36.1949
 53.5970,  23.9824,  21.5317,  36.1963
 53.6068,  23.9819,  21.3103,  36.2042
 53.5987,  23.9812,  21.1504,  36.1987
 53.6223,  23.9880,  21.2782,  36.2111
 53.6138,  23.9898,  21.5742,  36.2031
 53.5907,  23.9731,  21.7195,  36.1990
 53.5781,  23.9572,  21.5752,  36.2023
 53.5740,  23.9536,  21.2988,  36.2023
 53.5755,  23.9489,  21.1331,  36.2073
 53.5997,  23.9597,  21.1728,  36.2170
 53.6191,  23.9782,  21.3311,  36.2166
 53.6189,  23.9858,  21.4755,  36.2102
 53.6071,  23.9853,  21.5288,  36.2016
 53.5921,  23.9789,  21.5101,  36.1954
 53.5726,  23.9670,  21.4332,  36.1903
 53.5550,  23.9562,  21.3046,  36.1857
 53.5360,  23.9499,  21.1821,  36.1765
 53.5341,  23.9387,  21.1734,  36.1840
 53.5561,  23.9402,  21.3525,  36.1995
 53.5646,  23.9484,  21.6212,  36.1992
 53.5625,  23.9490,  21.7152,  36.1971
 53.5638,  23.9454,  21.4788,  36.2011
 53.5610,  23.9436,  21.1045,  36.2006
 53.5743,  23.9431,  20.9435,  36.2112
 53.5898,  23.9570,  21.1454,  36.2116
 53.5851,  23.9579,  21.4910,  36.2072
 53.5706,  23.9464,  21.6174,  36.2054
 53.5661,  23.9365,  21.4425,  36.2102
 53.5529,  23.9337,  21.1906,  36.2025
 53.5613,  23.9329,  21.0708,  36.2095
 53.5719,  23.9380,  21.0975,  36.2134
 53.5727,  23.9410,  21.1063,  36.2116
 53.5707,  23.9417,  20.9973,  36.2095
 53.5666,  23.9415,  20.8178,  36.2067
 53.5581,  23.9385,  20.6932,  36.2027
 53.5645,  23.9361,  20.6790,  36.2095
 53.5761,  23.9410,  20.7071,  36.2144
 53.5688,  23.9439,  20.6361,  36.2064
 53.5844,  23.9490,  20.3874,  36.2143
 53.6531,  23.9956,  20.0038,  36.2287
 53.6658,  24.0610,  19.6293,  36.1853
 53.7826,  24.1037,  19.3786,  36.2394
 53.9606,  24.2227,  19.1915,  36.2776
 54.1109,  24.3332,  18.8501,  36.3016
 54.2423,  24.4743,  18.2844,  36.2866
 54.3555,  24.6162,  17.6061,  36.2572
 54.4224,  24.7241,  16.9332,  36.2207
 54.4884,  24.7884,  16.2234,  36.2185
 54.6429,  24.9040,  15.3809,  36.2413
 54.7525,  25.0495,  14.4383,  36.2066
 54.8443,  25.2068,  13.5688,  36.1494
 55.0437,  25.3638,  12.9045,  36.1722
 55.2027,  25.5072,  12.3393,  36.1757
 55.4240,  25.6970,  11.6485,  36.1882
 55.5530,  25.8791,  10.7685,  36.1390
 55.5659,  26.0077,   9.8319,  36.0471
 55.5632,  26.1089,   8.9612,  35.9659
 55.5240,  26.2004,   8.1534,  35.8659
 55.5093,  26.2963,   7.3876,  35.7807
 55.4998,  26.3963,   6.6524,  35.6963
 55.5020,  26.4835,   5.8854,  35.6306
 55.5154,  26.5627,   5.0595,  35.5795
 55.5349,  26.6269,   4.2590,  35.5443
 55.5608,  26.6828,   3.4984,  35.5202
 55.5859,  26.7295,   2.7035,  35.5026
 55.5982,  26.7610,   1.9168,  35.4876
 39.5181,  26.7620,   1.3762,  24.2324
 26.6600,  26.7070,   1.0188,  15.7212
 18.0735,  26.6245,   0.7832,  10.3040
 12.3776,  26.5423,   0.6274,   6.8499
  8.4869,  26.4438,   0.5196,   4.5731
  5.8105,  26.3252,   0.4506,   3.0569
  3.9595,  26.1889,   0.4057,   2.0386
  2.7199,  26.0691,   0.3743,   1.3738
  1.8678,  25.9591,   0.3529,   0.9273
  1.2988,  25.8711,   0.3342,   0.6355
  0.9102,  25.7950,   0.3251,   0.4400
  0.7073,  25.7196,   0.3212,   0.3397
