   COND      TEMP      PRES      SALT   
 (mmho/cm)   (C)      (dbar)   (PSU-78) 
 35.2835,  21.7287,   0.9796,  23.9023
 41.0647,  21.9355,   1.3226,  28.1508
 44.9279,  22.0752,   1.6356,  31.0194
 47.5065,  22.1693,   1.9881,  32.9464
 49.2261,  22.2311,   2.4509,  34.2377
 50.3715,  22.2709,   3.0550,  35.1012
 51.1353,  22.2973,   3.7400,  35.6783
 51.6451,  22.3149,   4.1518,  36.0639
 51.9821,  22.3253,   4.4755,  36.3201
 52.2073,  22.3309,   4.7576,  36.4925
 52.3572,  22.3346,   5.2160,  36.6071
 52.4593,  22.3384,   5.8425,  36.6842
 52.5279,  22.3408,   6.5027,  36.7359
 52.5723,  22.3419,   6.8016,  36.7699
 52.6029,  22.3424,   6.6264,  36.7936
 52.6205,  22.3428,   6.3100,  36.8072
 52.6312,  22.3422,   6.2540,  36.8162
 52.6411,  22.3424,   6.5163,  36.8238
 52.6493,  22.3430,   6.8408,  36.8296
 52.6530,  22.3440,   6.9411,  36.8317
 52.6552,  22.3444,   6.8176,  36.8331
 52.6564,  22.3444,   6.7010,  36.8341
 52.6568,  22.3443,   6.8086,  36.8344
 52.6576,  22.3433,   7.1159,  36.8358
 52.6581,  22.3435,   7.3725,  36.8359
 52.6598,  22.3443,   7.3918,  36.8365
 52.6586,  22.3444,   7.3275,  36.8356
 52.6584,  22.3429,   7.3656,  36.8366
 52.6591,  22.3418,   7.4671,  36.8382
 52.6576,  22.3411,   7.5160,  36.8376
 52.6537,  22.3409,   7.5522,  36.8345
 52.6539,  22.3391,   7.6026,  36.8363
 52.6515,  22.3395,   7.5872,  36.8341
 52.6536,  22.3396,   7.4983,  36.8356
 52.6539,  22.3396,   7.4232,  36.8359
 52.6554,  22.3392,   7.4779,  36.8374
 52.6578,  22.3401,   7.6427,  36.8384
 52.6574,  22.3410,   7.7626,  36.8374
 52.6578,  22.3422,   7.6908,  36.8367
 52.6576,  22.3425,   7.4572,  36.8364
 52.6560,  22.3417,   7.2895,  36.8359
 52.6571,  22.3412,   7.3633,  36.8370
 52.6585,  22.3419,   7.5724,  36.8375
 52.6594,  22.3426,   7.7073,  36.8376
 52.6603,  22.3433,   7.7109,  36.8377
 52.6599,  22.3439,   7.6759,  36.8369
 52.6592,  22.3441,   7.6076,  36.8363
 52.6576,  22.3438,   7.4710,  36.8352
 52.6562,  22.3434,   7.2923,  36.8346
 52.6553,  22.3426,   7.1755,  36.8345
 52.6569,  22.3416,   7.1919,  36.8366
 52.6614,  22.3414,   7.2720,  36.8403
 52.6591,  22.3417,   7.3389,  36.8383
 52.6584,  22.3424,   7.3401,  36.8371
 52.6574,  22.3433,   7.2897,  36.8357
 52.6560,  22.3437,   7.2430,  36.8341
 52.6571,  22.3428,   7.3375,  36.8357
 52.6590,  22.3430,   7.6118,  36.8369
 52.6605,  22.3435,   7.9874,  36.8376
 52.6622,  22.3440,   8.4741,  36.8384
 52.6635,  22.3443,   9.1258,  36.8388
 52.6628,  22.3443,   9.9076,  36.8381
 52.6624,  22.3439,  10.8206,  36.8377
 52.6634,  22.3436,  11.7643,  36.8384
 52.6633,  22.3433,  12.7436,  36.8383
 52.6644,  22.3432,  13.8574,  36.8388
 52.6643,  22.3429,  15.3102,  36.8385
 52.6655,  22.3432,  17.1551,  36.8386
 52.6680,  22.3441,  19.1597,  36.8391
 52.6714,  22.3454,  20.9853,  36.8399
 52.6706,  22.3447,  22.5814,  36.8393
 52.6704,  22.3440,  24.1245,  36.8392
 52.6729,  22.3444,  25.9330,  36.8402
 52.6745,  22.3446,  27.9625,  36.8406
 52.6761,  22.3452,  30.0485,  36.8406
 52.6766,  22.3449,  32.0003,  36.8405
 52.6768,  22.3445,  33.7280,  36.8405
 52.6775,  22.3443,  35.4172,  36.8406
 52.6771,  22.3443,  37.1005,  36.8397
 52.6764,  22.3434,  39.0274,  36.8392
 52.6774,  22.3435,  41.1635,  36.8392
 52.6770,  22.3429,  43.2168,  36.8386
 52.6775,  22.3425,  45.1474,  36.8386
 52.6769,  22.3418,  46.8476,  36.8383
 52.6761,  22.3409,  48.6038,  36.8377
 52.6774,  22.3409,  50.4684,  36.8381
 52.6842,  22.3447,  52.4538,  36.8396
 52.6840,  22.3442,  54.4329,  36.8390
 52.6805,  22.3418,  56.1985,  36.8377
 52.6814,  22.3414,  58.0310,  36.8381
 52.6795,  22.3405,  60.0215,  36.8367
 52.6297,  22.3099,  62.1535,  36.8227
 52.4421,  22.2050,  64.1787,  36.7629
 52.2230,  22.0389,  65.9249,  36.7299
 51.9958,  21.8774,  67.5304,  36.6863
 51.7760,  21.7146,  69.1698,  36.6492
 51.4899,  21.5055,  71.0880,  36.5982
 51.0071,  21.1778,  73.3243,  36.4895
 50.5807,  20.8350,  75.5358,  36.4374
 50.1702,  20.5376,  77.5726,  36.3581
 49.8181,  20.2561,  79.3778,  36.3117
 49.5404,  20.0244,  81.1164,  36.2826
 49.3093,  19.8329,  82.9105,  36.2568
 49.1067,  19.6636,  84.8632,  36.2348
 48.8326,  19.4500,  86.9606,  36.1915
 48.4823,  19.1787,  89.0959,  36.1339
 48.1648,  18.9136,  91.3129,  36.0976
 47.7836,  18.6174,  93.5562,  36.0336
 47.4347,  18.3320,  95.8016,  35.9865
 47.1417,  18.0872,  97.9061,  35.9505
 46.9030,  17.8916,  99.7484,  35.9172
 46.6418,  17.7013, 101.4471,  35.8594
 46.3552,  17.4717, 103.2949,  35.8137
 45.9838,  17.1886, 105.4716,  35.7406
 45.6027,  16.8531, 107.8962,  35.7041
 45.3331,  16.6076, 110.1455,  35.6846
 45.1098,  16.4168, 112.1667,  35.6568
 44.9014,  16.2361, 114.2219,  35.6327
 44.7366,  16.0853, 116.4013,  35.6203
 44.6169,  15.9743, 118.5601,  35.6121
 44.5338,  15.8956, 120.5366,  35.6077
 44.4737,  15.8397, 122.3739,  35.6034
 44.4255,  15.7958, 124.2124,  35.5989
 44.3925,  15.7643, 126.2799,  35.5968
 44.3603,  15.7355, 128.6379,  35.5930
 44.3022,  15.6886, 131.1461,  35.5820
 44.2307,  15.6276, 133.4950,  35.5717
 44.1582,  15.5649, 135.5484,  35.5621
 44.0967,  15.5100, 137.3544,  35.5555
 44.0545,  15.4705, 138.9796,  35.5524
 44.0112,  15.4337, 140.7153,  35.5458
 43.8730,  15.3339, 142.7517,  35.5101
 43.6338,  15.1466, 145.1554,  35.4614
 43.3540,  14.9169, 147.8281,  35.4133
 43.1226,  14.7055, 150.3045,  35.3924
 42.9538,  14.5497, 152.2831,  35.3782
 42.8235,  14.4200, 153.9524,  35.3756
 42.6981,  14.3098, 155.7242,  35.3596
 42.5923,  14.2144, 157.7189,  35.3480
 42.4945,  14.1285, 159.9410,  35.3348
 42.4003,  14.0451, 162.2424,  35.3226
 42.3165,  13.9678, 164.5927,  35.3144
 42.2735,  13.9186, 166.8864,  35.3185
 42.2587,  13.8965, 169.0600,  35.3241
 42.2522,  13.8846, 171.0532,  35.3281
 42.2507,  13.8786, 172.8739,  35.3315
 42.2542,  13.8768, 174.6781,  35.3357
 42.2559,  13.8746, 176.5829,  35.3385
 42.2480,  13.8645, 178.7918,  35.3394
 42.1730,  13.8097, 181.3005,  35.3186
 42.0916,  13.7374, 183.8924,  35.3078
 42.0011,  13.6627, 186.0553,  35.2908
 41.9359,  13.6009, 187.7614,  35.2857
 41.8848,  13.5549, 189.4537,  35.2793
 41.8402,  13.5152, 191.4151,  35.2731
 41.7989,  13.4777, 193.7281,  35.2678
 41.7684,  13.4476, 196.0714,  35.2658
 41.7474,  13.4269, 198.1766,  35.2643
 41.7304,  13.4104, 200.1378,  35.2626
 41.7076,  13.3902, 202.2360,  35.2589
 41.6744,  13.3597, 204.5298,  35.2548
 41.6441,  13.3317, 206.8243,  35.2510
 41.6095,  13.3000, 209.0095,  35.2466
 41.5807,  13.2729, 210.9339,  35.2437
 41.5561,  13.2489, 212.7717,  35.2417
 41.5074,  13.2116, 214.6839,  35.2293
 41.4467,  13.1597, 216.8778,  35.2188
 41.3690,  13.0950, 219.2648,  35.2038
 41.3015,  13.0330, 221.6216,  35.1961
 41.2175,  12.9656, 223.3122,  35.1779
 41.1648,  12.9122, 224.2042,  35.1768
 41.1471,  12.8806, 224.7317,  35.1890
 41.1422,  12.8728, 225.3126,  35.1914
 41.1150,  12.8583, 225.9461,  35.1785
 41.0973,  12.8393, 226.3567,  35.1792
 41.0796,  12.8218, 226.4321,  35.1784
 41.0698,  12.8093, 226.3240,  35.1807
 41.0727,  12.8036, 226.2571,  35.1888
 41.0634,  12.8023, 226.5600,  35.1810
 41.0434,  12.7890, 227.4853,  35.1738
 41.0063,  12.7596, 228.8544,  35.1651
 40.9684,  12.7299, 230.4355,  35.1557
 40.9247,  12.6925, 232.1072,  35.1479
 40.8704,  12.6465, 233.6994,  35.1379
 40.8218,  12.6035, 235.2783,  35.1306
 40.7697,  12.5546, 237.0850,  35.1253
 40.7274,  12.5134, 239.1325,  35.1221
 40.6902,  12.4780, 241.2507,  35.1183
 40.6567,  12.4456, 243.1168,  35.1155
 40.6326,  12.4214, 244.7984,  35.1141
 40.6136,  12.4032, 246.6355,  35.1120
 40.5966,  12.3864, 248.6309,  35.1104
 40.5777,  12.3692, 250.7167,  35.1073
 40.5615,  12.3535, 252.6667,  35.1054
 40.5337,  12.3298, 254.5465,  35.0999
 40.5043,  12.3030, 256.4139,  35.0958
 40.4843,  12.2826, 258.2027,  35.0946
 40.4701,  12.2680, 259.8208,  35.0939
 40.4602,  12.2580, 261.5074,  35.0929
 40.4545,  12.2514, 262.9894,  35.0929
 40.4517,  12.2483, 264.3356,  35.0925
 40.4499,  12.2460, 265.7052,  35.0923
 40.4427,  12.2402, 267.0984,  35.0902
 40.4390,  12.2356, 268.3925,  35.0904
 40.4308,  12.2305, 269.5696,  35.0866
 40.4223,  12.2228, 270.5394,  35.0853
 40.4204,  12.2147, 271.3127,  35.0907
 40.4126,  12.2104, 272.1516,  35.0867
 40.4008,  12.2018, 273.1913,  35.0829
 40.3824,  12.1869, 274.2186,  35.0785
 40.3728,  12.1711, 274.9204,  35.0837
 40.3567,  12.1549, 275.2692,  35.0831
 40.3527,  12.1466, 275.6098,  35.0868
 40.3375,  12.1394, 276.2649,  35.0786
 40.3248,  12.1298, 277.2781,  35.0748
 40.3166,  12.1191, 278.0458,  35.0765
 40.3115,  12.1119, 278.4095,  35.0781
 40.3099,  12.1086, 278.5268,  35.0797
 40.3131,  12.1090, 278.6453,  35.0824
 40.3120,  12.1100, 278.7959,  35.0803
 40.3182,  12.1088, 278.8457,  35.0874
 40.3102,  12.1045, 278.7383,  35.0837
 40.3108,  12.1012, 278.6411,  35.0875
 40.3073,  12.1042, 278.8088,  35.0811
 40.3005,  12.1016, 279.2205,  35.0767
 40.2966,  12.0993, 279.5964,  35.0750
 40.2925,  12.0941, 279.7305,  35.0758
 40.2914,  12.0918, 279.6467,  35.0769
 40.2939,  12.0916, 279.4205,  35.0796
 40.2987,  12.0942, 279.2921,  35.0819
 40.2956,  12.0977, 279.4850,  35.0755
 40.2863,  12.0940, 279.9347,  35.0698
 40.2812,  12.0878, 280.2783,  35.0704
 40.2759,  12.0811, 280.2361,  35.0716
 40.2775,  12.0810, 279.9012,  35.0734
 40.2818,  12.0839, 279.5930,  35.0750
 40.2834,  12.0877, 279.5440,  35.0730
 40.2822,  12.0889, 279.7406,  35.0707
 40.2806,  12.0887, 280.0057,  35.0692
 40.2875,  12.0882, 280.1668,  35.0762
 40.2866,  12.0860, 280.1741,  35.0774
 40.2859,  12.0860, 280.0520,  35.0769
 40.2891,  12.0880, 279.8444,  35.0782
 40.2984,  12.0904, 279.6781,  35.0850
 40.2990,  12.0963, 279.7006,  35.0801
 40.2960,  12.0985, 279.9222,  35.0750
 40.2939,  12.0989, 280.1552,  35.0725
 40.2961,  12.0955, 280.2472,  35.0777
 40.2946,  12.0944, 280.2337,  35.0774
 40.2956,  12.0930, 280.1162,  35.0797
 40.2945,  12.0947, 279.8358,  35.0771
 40.2994,  12.0959, 279.5444,  35.0809
 40.2996,  12.1005, 279.5280,  35.0767
 40.2946,  12.0994, 279.7872,  35.0729
 40.2929,  12.0973, 280.0069,  35.0731
 40.2902,  12.0941, 279.9436,  35.0734
 40.2906,  12.0935, 279.6920,  35.0746
 40.2926,  12.0958, 279.5711,  35.0743
 40.2905,  12.0965, 279.6291,  35.0716
 40.2936,  12.0965, 279.6296,  35.0747
 40.2911,  12.0947, 279.3892,  35.0740
 40.2939,  12.0941, 279.0736,  35.0775
 40.2953,  12.0970, 278.9316,  35.0762
 40.2938,  12.0987, 279.0427,  35.0730
 40.2907,  12.0983, 279.2814,  35.0703
 40.2940,  12.0974, 279.4561,  35.0742
 40.2932,  12.0964, 279.3986,  35.0745
 40.2941,  12.0964, 279.1273,  35.0755
 40.2990,  12.0996, 278.9849,  35.0772
 40.2965,  12.1010, 279.2799,  35.0734
 40.2924,  12.0989, 279.7337,  35.0712
 40.2887,  12.0939, 279.9015,  35.0723
 40.2892,  12.0931, 279.7374,  35.0735
 40.2928,  12.0949, 279.5882,  35.0754
 40.2929,  12.0973, 279.8004,  35.0732
 40.2839,  12.0929, 280.2810,  35.0684
 40.2774,  12.0858, 280.6956,  35.0685
 40.2725,  12.0787, 280.8486,  35.0702
 40.2698,  12.0752, 280.8130,  35.0710
 40.2747,  12.0737, 280.7151,  35.0772
 40.2743,  12.0747, 280.8392,  35.0758
 40.2655,  12.0707, 281.4567,  35.0707
 40.2498,  12.0605, 282.3993,  35.0646
 40.2322,  12.0456, 283.3929,  35.0610
 40.2181,  12.0324, 284.1249,  35.0593
 40.2086,  12.0195, 284.5789,  35.0620
 40.2065,  12.0121, 285.0262,  35.0668
 40.1937,  12.0063, 285.8597,  35.0593
 40.1724,  11.9908, 287.1319,  35.0526
 40.1169,  11.9461, 288.7336,  35.0397
 40.0148,  11.8664, 290.3376,  35.0141
 39.9222,  11.7859, 291.7851,  34.9985
 39.8494,  11.7133, 293.2724,  34.9949
 39.7839,  11.6491, 295.0431,  34.9902
 39.7207,  11.5932, 296.9649,  34.9799
 39.6641,  11.5365, 298.8225,  34.9769
 39.6231,  11.4947, 300.5301,  34.9751
 39.5906,  11.4634, 302.3315,  34.9718
 39.5592,  11.4344, 304.4812,  34.9673
 39.5342,  11.4096, 306.8554,  34.9650
 39.5049,  11.3818, 309.0563,  34.9613
 39.4672,  11.3503, 310.7632,  34.9531
 39.4271,  11.3160, 312.3722,  34.9452
 39.3855,  11.2783, 314.2085,  34.9388
 39.3366,  11.2317, 316.3641,  34.9335
 39.2935,  11.1888, 318.8040,  34.9303
 39.2335,  11.1345, 321.0853,  34.9211
 39.1845,  11.0860, 323.2189,  34.9173
 39.1449,  11.0469, 325.1356,  34.9141
 39.1183,  11.0198, 327.0589,  34.9126
 39.1002,  11.0007, 328.9366,  34.9118
 39.0854,  10.9853, 330.7336,  34.9109
 39.0729,  10.9733, 332.3129,  34.9091
 39.0617,  10.9586, 333.5861,  34.9113
 39.0490,  10.9476, 334.8508,  34.9085
 39.0392,  10.9386, 336.3143,  34.9066
 39.0262,  10.9281, 337.7171,  34.9030
 39.0184,  10.9177, 338.3055,  34.9048
 39.0158,  10.9118, 338.1812,  34.9079
 39.0168,  10.9114, 337.8020,  34.9094
 39.0189,  10.9146, 337.7641,  34.9085
 39.0170,  10.9156, 338.2133,  34.9054
 39.0122,  10.9131, 338.7999,  34.9027
 39.0123,  10.9087, 339.1438,  34.9069
 39.0095,  10.9051, 339.1845,  34.9075
 39.0108,  10.9038, 339.0408,  34.9101
 39.0175,  10.9043, 338.9067,  34.9164
 39.0217,  10.9085, 338.8943,  34.9166
 39.0195,  10.9117, 339.0200,  34.9113
 39.0169,  10.9127, 339.2289,  34.9077
 39.0174,  10.9139, 339.4420,  34.9069
 39.0234,  10.9122, 339.5962,  34.9145
 39.0191,  10.9072, 339.6818,  34.9150
 39.0213,  10.9032, 339.7742,  34.9209
 39.0211,  10.9032, 339.9524,  34.9206
 39.0182,  10.9053, 340.1016,  34.9156
 39.0140,  10.9032, 340.0375,  34.9135
 39.0098,  10.9005, 339.8037,  34.9120
 39.0121,  10.9011, 339.6892,  34.9137
 39.0072,  10.9011, 339.8730,  34.9087
 39.0035,  10.8993, 340.2659,  34.9065
 39.0034,  10.8981, 340.5453,  34.9075
 39.0022,  10.8972, 340.4332,  34.9072
 39.0019,  10.8971, 340.0049,  34.9072
 39.0038,  10.8985, 339.6989,  34.9079
 39.0007,  10.8985, 339.8062,  34.9047
 38.9987,  10.8972, 340.2037,  34.9038
 39.0018,  10.8968, 340.4540,  34.9071
 39.0014,  10.8966, 340.3729,  34.9070
 39.0035,  10.8969, 340.1194,  34.9089
 39.0072,  10.8989, 339.8916,  34.9108
 39.0073,  10.9007, 339.7909,  34.9092
 39.0097,  10.9021, 339.8086,  34.9102
 39.0120,  10.9052, 339.8803,  34.9096
 39.0194,  10.9082, 339.9531,  34.9142
 39.0210,  10.9102, 340.0518,  34.9137
 39.0214,  10.9093, 340.1500,  34.9149
 39.0165,  10.9095, 340.5718,  34.9097
 39.0114,  10.9063, 341.1978,  34.9074
 39.0085,  10.9039, 341.8639,  34.9065
 39.0068,  10.9024, 342.6524,  34.9059
 39.0045,  10.9008, 343.8424,  34.9046
 39.0012,  10.8984, 345.3054,  34.9029
 38.9996,  10.8961, 346.7181,  34.9029
 38.9985,  10.8941, 348.1519,  34.9030
 38.9981,  10.8930, 349.7005,  34.9030
 38.9992,  10.8931, 351.5122,  34.9032
 39.0004,  10.8934, 353.6102,  34.9032
 39.0022,  10.8939, 355.5944,  34.9037
 39.0039,  10.8945, 357.3677,  34.9039
 39.0055,  10.8951, 358.9119,  34.9044
 39.0085,  10.8959, 359.9837,  34.9061
 39.0119,  10.8968, 360.7182,  34.9083
 39.0162,  10.8981, 361.2061,  34.9112
 39.0188,  10.9019, 361.5289,  34.9100
 39.0214,  10.9068, 361.7416,  34.9078
 39.0244,  10.9101, 361.8902,  34.9076
 39.0344,  10.9100, 361.9908,  34.9177
 39.0445,  10.9093, 362.0567,  34.9284
 39.0493,  10.9093, 362.0999,  34.9331
 39.0502,  10.9075, 362.1287,  34.9358
 39.0501,  10.9076, 362.1446,  34.9355
 39.0540,  10.9077, 362.1570,  34.9393
 39.0581,  10.9085, 362.1710,  34.9427
 39.0587,  10.9120, 362.1764,  34.9399
 39.0591,  10.9182, 362.1792,  34.9345
 39.0614,  10.9228, 362.1786,  34.9324
 39.0632,  10.9294, 362.1832,  34.9279
 39.0616,  10.9336, 362.1839,  34.9223
 39.0595,  10.9474, 362.1794,  34.9072
 39.0598,  10.9513, 362.1849,  34.9037
 39.0615,  10.9477, 362.1881,  34.9088
 39.0632,  10.9447, 362.1889,  34.9133
 39.0625,  10.9429, 362.1904,  34.9143
 39.0620,  10.9456, 362.1930,  34.9113
 39.0621,  10.9510, 362.1889,  34.9062
 39.0633,  10.9586, 362.1872,  34.9003
 39.0650,  10.9524, 362.1897,  34.9078
 39.0676,  10.9427, 362.1948,  34.9197
 39.0710,  10.9462, 362.1929,  34.9197
 39.0755,  10.9575, 362.1889,  34.9135
 39.0811,  10.9685, 362.1925,  34.9087
 39.0891,  10.9703, 362.1908,  34.9149
 39.0990,  10.9680, 362.1838,  34.9270
 39.1095,  10.9692, 362.1844,  34.9363
 39.1194,  10.9716, 362.1817,  34.9439
 39.1287,  10.9709, 362.1852,  34.9539
 39.1386,  10.9682, 362.1862,  34.9663
 39.1488,  10.9653, 362.1855,  34.9792
 39.1583,  10.9642, 362.1859,  34.9897
 39.1662,  10.9664, 362.1858,  34.9955
 39.1729,  10.9723, 362.1878,  34.9966
 39.1785,  10.9788, 362.1877,  34.9960
 39.1814,  10.9823, 362.1860,  34.9955
 39.1753,  10.9896, 362.1813,  34.9825
 39.1601,  10.9964, 362.1844,  34.9609
 39.1454,  10.9881, 362.1832,  34.9541
 39.1331,  10.9867, 362.1825,  34.9432
 39.1220,  10.9964, 362.1843,  34.9229
 39.1121,  10.9851, 362.1894,  34.9237
 39.1052,  10.9834, 362.1900,  34.9185
 39.1006,  10.9736, 362.1890,  34.9232
 39.1297,  10.9609, 362.1024,  34.9643
 39.0921,  10.9417, 362.0005,  34.9451
 39.0703,  10.9307, 361.9454,  34.9339
 39.0614,  10.9213, 361.9186,  34.9339
 39.0469,  10.9181, 361.8530,  34.9226
 39.0396,  10.9150, 361.6484,  34.9183
 39.0284,  10.9089, 361.3211,  34.9130
 39.0216,  10.9046, 360.8846,  34.9105
 39.0150,  10.9024, 360.3382,  34.9063
 39.0113,  10.9013, 359.7554,  34.9039
 39.0099,  10.8994, 359.3014,  34.9044
 39.0129,  10.8982, 358.9229,  34.9088
 39.0185,  10.8985, 358.5632,  34.9143
 39.0218,  10.9000, 358.1624,  34.9162
 39.0207,  10.9007, 357.7932,  34.9147
 39.0200,  10.9017, 357.4628,  34.9131
 39.0180,  10.9024, 356.9765,  34.9108
 39.0132,  10.9002, 356.2771,  34.9083
 39.0083,  10.8977, 355.5678,  34.9061
 39.0072,  10.8957, 355.1446,  34.9071
 39.0063,  10.8967, 354.9712,  34.9053
 39.0059,  10.8967, 354.7180,  34.9050
 39.0055,  10.8962, 354.1776,  34.9054
 39.0027,  10.8948, 353.5011,  34.9042
 39.0013,  10.8934, 352.9879,  34.9043
 39.0022,  10.8931, 352.6461,  34.9056
 39.0036,  10.8934, 352.2286,  34.9069
 39.0033,  10.8935, 351.5421,  34.9070
 39.0005,  10.8930, 350.7123,  34.9050
 38.9990,  10.8925, 350.0218,  34.9042
 39.0007,  10.8925, 349.4943,  34.9062
 39.0043,  10.8930, 348.9666,  34.9095
 39.0040,  10.8937, 348.3769,  34.9088
 39.0051,  10.8944, 348.0005,  34.9094
 39.0042,  10.8967, 347.8065,  34.9065
 39.0031,  10.8976, 347.5376,  34.9045
 39.0032,  10.8971, 347.1445,  34.9053
 39.0036,  10.8964, 346.8706,  34.9065
 39.0016,  10.8969, 346.9583,  34.9040
 39.0025,  10.8976, 347.3098,  34.9040
 39.0026,  10.8982, 347.4498,  34.9035
 39.0011,  10.8986, 347.1742,  34.9018
 38.9988,  10.8969, 346.6577,  34.9013
 38.9978,  10.8953, 346.3001,  34.9021
 38.9974,  10.8953, 346.3953,  34.9016
 38.9973,  10.8962, 346.9183,  34.9004
 38.9989,  10.8968, 347.3431,  34.9013
 39.0018,  10.8963, 347.2860,  34.9046
 38.9989,  10.8948, 346.7304,  34.9034
 38.9976,  10.8943, 346.0658,  34.9028
 38.9990,  10.8946, 345.8050,  34.9042
 38.9985,  10.8961, 346.0841,  34.9021
 38.9982,  10.8965, 346.6469,  34.9011
 38.9999,  10.8963, 347.0219,  34.9028
 39.0026,  10.8964, 347.0738,  34.9054
 39.0033,  10.8966, 346.8425,  34.9060
 39.0003,  10.8955, 346.2550,  34.9044
 39.0001,  10.8956, 345.5799,  34.9043
 39.0024,  10.8976, 345.0981,  34.9050
 39.0051,  10.8999, 344.9510,  34.9055
 39.0077,  10.9028, 345.0646,  34.9053
 39.0104,  10.9040, 344.9608,  34.9069
 39.0095,  10.9039, 344.4341,  34.9064
 39.0072,  10.9033, 343.5414,  34.9049
 39.0064,  10.9038, 342.5912,  34.9042
 39.0073,  10.9045, 341.8830,  34.9047
 39.0107,  10.9058, 341.3025,  34.9071
 39.0138,  10.9073, 340.6451,  34.9091
 39.0152,  10.9094, 339.9598,  34.9087
 39.0193,  10.9134, 339.5064,  34.9093
 39.0222,  10.9175, 339.2697,  34.9084
 39.0245,  10.9204, 338.8639,  34.9081
 39.0288,  10.9245, 338.2976,  34.9087
 39.0331,  10.9287, 337.9278,  34.9092
 39.0360,  10.9326, 338.0601,  34.9083
 39.0392,  10.9351, 338.6053,  34.9089
 39.0411,  10.9364, 338.9985,  34.9094
 39.0427,  10.9370, 338.9787,  34.9105
 39.0419,  10.9369, 338.6751,  34.9099
 39.0416,  10.9368, 338.4207,  34.9098
 39.0426,  10.9375, 338.4485,  34.9102
 39.0442,  10.9385, 338.7339,  34.9107
 39.0454,  10.9396, 339.0845,  34.9106
 39.0482,  10.9403, 339.3471,  34.9126
 39.0507,  10.9402, 339.4211,  34.9152
 39.0511,  10.9413, 339.2659,  34.9147
 39.0497,  10.9403, 339.0127,  34.9143
 39.0492,  10.9397, 338.8502,  34.9144
 39.0484,  10.9401, 338.9146,  34.9132
 39.0490,  10.9413, 339.0715,  34.9127
 39.0509,  10.9409, 339.1906,  34.9149
 39.0524,  10.9409, 339.3108,  34.9163
 39.0517,  10.9418, 339.5047,  34.9146
 39.0532,  10.9435, 339.6605,  34.9145
 39.0542,  10.9447, 339.5303,  34.9144
 39.0511,  10.9446, 339.0517,  34.9117
 39.0475,  10.9430, 338.5204,  34.9098
 39.0472,  10.9416, 338.4143,  34.9109
 39.0458,  10.9416, 338.9069,  34.9092
 39.0447,  10.9410, 339.6356,  34.9085
 39.0449,  10.9399, 339.8709,  34.9096
 39.0445,  10.9396, 339.5045,  34.9096
 39.0434,  10.9394, 338.8333,  34.9090
 39.0424,  10.9394, 338.2413,  34.9082
 39.0431,  10.9392, 338.0395,  34.9092
 39.0439,  10.9399, 338.1699,  34.9093
 39.0455,  10.9409, 338.1928,  34.9100
 39.0459,  10.9404, 338.1210,  34.9108
 39.0464,  10.9399, 337.9226,  34.9119
 39.0469,  10.9398, 337.5665,  34.9126
 39.0464,  10.9399, 336.9570,  34.9123
 39.0457,  10.9406, 336.2295,  34.9113
 39.0459,  10.9414, 335.5463,  34.9110
 39.0461,  10.9423, 334.9000,  34.9106
 39.0473,  10.9429, 334.5916,  34.9114
 39.0485,  10.9439, 334.2929,  34.9118
 39.0492,  10.9443, 333.9880,  34.9122
 39.0496,  10.9445, 333.5389,  34.9126
 39.0480,  10.9445, 332.8132,  34.9114
 39.0461,  10.9439, 331.7391,  34.9106
 39.0450,  10.9438, 330.4961,  34.9100
 39.0472,  10.9459, 329.2290,  34.9108
 39.0520,  10.9507, 327.8257,  34.9117
 39.0573,  10.9568, 326.1913,  34.9119
 39.0613,  10.9624, 324.4741,  34.9113
 39.0755,  10.9713, 322.9062,  34.9177
 39.0940,  10.9871, 321.4872,  34.9219
 39.1170,  11.0061, 319.9229,  34.9274
 39.1489,  11.0373, 318.0305,  34.9304
 39.2071,  11.0923, 315.9751,  34.9370
 39.2606,  11.1419, 314.0755,  34.9440
 39.3089,  11.1875, 312.4864,  34.9495
 39.3495,  11.2243, 311.0443,  34.9556
 39.3908,  11.2635, 309.5506,  34.9601
 39.4280,  11.3002, 307.8955,  34.9629
 39.4562,  11.3290, 306.0879,  34.9644
 39.4814,  11.3535, 304.1680,  34.9670
 39.5051,  11.3765, 302.1810,  34.9696
 39.5292,  11.3975, 300.2502,  34.9744
 39.5684,  11.4308, 298.5693,  34.9823
 39.6018,  11.4596, 297.1262,  34.9887
 39.6291,  11.4847, 295.7523,  34.9926
 39.6563,  11.5086, 294.2055,  34.9975
 39.7081,  11.5572, 292.2711,  35.0034
 39.8090,  11.6472, 290.5094,  35.0186
 39.8925,  11.7289, 288.8291,  35.0244
 39.9698,  11.7972, 287.6388,  35.0363
 40.0326,  11.8521, 287.0284,  35.0464
 40.0738,  11.8931, 286.5050,  35.0484
 40.1063,  11.9236, 285.6385,  35.0518
 40.1316,  11.9476, 284.4127,  35.0545
 40.1533,  11.9678, 283.1652,  35.0572
 40.1696,  11.9829, 282.2811,  35.0594
 40.1869,  11.9979, 281.8271,  35.0623
 40.2004,  12.0106, 281.5216,  35.0637
 40.2096,  12.0213, 281.0479,  35.0629
 40.2174,  12.0293, 280.5069,  35.0632
 40.2267,  12.0360, 280.0265,  35.0661
 40.2362,  12.0432, 279.8898,  35.0688
 40.2428,  12.0510, 280.1044,  35.0677
 40.2436,  12.0535, 280.3428,  35.0661
 40.2408,  12.0527, 280.3560,  35.0641
 40.2372,  12.0504, 280.1116,  35.0629
 40.2378,  12.0511, 279.8807,  35.0628
 40.2423,  12.0527, 279.9204,  35.0656
 40.2466,  12.0563, 280.1728,  35.0664
 40.2478,  12.0580, 280.3956,  35.0659
 40.2470,  12.0576, 280.4256,  35.0655
 40.2484,  12.0575, 280.3452,  35.0670
 40.2489,  12.0582, 280.2919,  35.0668
 40.2504,  12.0589, 280.2241,  35.0676
 40.2514,  12.0600, 280.1250,  35.0677
 40.2522,  12.0608, 279.9814,  35.0677
 40.2530,  12.0614, 279.8712,  35.0680
 40.2535,  12.0614, 279.8496,  35.0685
 40.2527,  12.0613, 279.9969,  35.0678
 40.2513,  12.0606, 280.2737,  35.0669
 40.2496,  12.0593, 280.5009,  35.0664
 40.2475,  12.0573, 280.5073,  35.0662
 40.2457,  12.0558, 280.2880,  35.0660
 40.2452,  12.0546, 280.0780,  35.0666
 40.2450,  12.0540, 280.0446,  35.0671
 40.2430,  12.0534, 280.1587,  35.0656
 40.2417,  12.0518, 280.3171,  35.0658
 40.2414,  12.0507, 280.4852,  35.0664
 40.2413,  12.0494, 280.5189,  35.0676
 40.2405,  12.0485, 280.3202,  35.0677
 40.2411,  12.0488, 279.9836,  35.0682
 40.2411,  12.0494, 279.8077,  35.0676
 40.2427,  12.0509, 279.9929,  35.0677
 40.2406,  12.0505, 280.3584,  35.0659
 40.2389,  12.0483, 280.5413,  35.0663
 40.2380,  12.0466, 280.3436,  35.0670
 40.2368,  12.0460, 279.8917,  35.0666
 40.2364,  12.0461, 279.5704,  35.0663
 40.2385,  12.0470, 279.4928,  35.0676
 40.2410,  12.0488, 279.5184,  35.0682
 40.2422,  12.0505, 279.1776,  35.0680
 40.2464,  12.0534, 278.3743,  35.0697
 40.2536,  12.0598, 277.4236,  35.0712
 40.2596,  12.0659, 276.7050,  35.0715
 40.2726,  12.0749, 276.2603,  35.0759
 40.2847,  12.0875, 275.7531,  35.0761
 40.3000,  12.1011, 274.9926,  35.0786
 40.3150,  12.1146, 273.7955,  35.0810
 40.3294,  12.1284, 272.3854,  35.0827
 40.3459,  12.1430, 270.9637,  35.0856
 40.3569,  12.1587, 269.9709,  35.0821
 40.3744,  12.1742, 269.3947,  35.0848
 40.3832,  12.1831, 269.3242,  35.0851
 40.3906,  12.1896, 269.0017,  35.0862
 40.3969,  12.1946, 268.0726,  35.0881
 40.4043,  12.2011, 266.5154,  35.0898
 40.4133,  12.2089, 264.7544,  35.0920
 40.4213,  12.2171, 263.1755,  35.0927
 40.4270,  12.2233, 262.0207,  35.0930
 40.4318,  12.2279, 261.0584,  35.0938
 40.4347,  12.2314, 259.8370,  35.0939
 40.4386,  12.2352, 258.0032,  35.0948
 40.4680,  12.2533, 255.6313,  35.1074
 40.5014,  12.2867, 253.3402,  35.1095
 40.5288,  12.3139, 251.5300,  35.1114
 40.5509,  12.3345, 250.0162,  35.1141
 40.5684,  12.3517, 248.4927,  35.1156
 40.5821,  12.3653, 246.8120,  35.1168
 40.5925,  12.3764, 245.0487,  35.1173
 40.6029,  12.3862, 243.2819,  35.1190
 40.6152,  12.3973, 241.4367,  35.1212
 40.6377,  12.4145, 239.5579,  35.1277
 40.6836,  12.4500, 237.6718,  35.1396
 40.7428,  12.4988, 235.7434,  35.1521
 40.7957,  12.5481, 233.7912,  35.1578
 40.8404,  12.5916, 231.8521,  35.1610
 40.8729,  12.6262, 230.1547,  35.1607
 40.8997,  12.6521, 228.7111,  35.1629
 40.9415,  12.6836, 227.2135,  35.1744
 41.0044,  12.7377, 225.4586,  35.1851
 41.0647,  12.7942, 223.3640,  35.1911
 41.1316,  12.8521, 221.1353,  35.2022
 41.1941,  12.9102, 219.0793,  35.2088
 41.2448,  12.9658, 217.3188,  35.2062
 41.3011,  13.0129, 215.7965,  35.2168
 41.3591,  13.0616, 214.2504,  35.2276
 41.4127,  13.1091, 212.4797,  35.2352
 41.4615,  13.1520, 210.4707,  35.2427
 41.5021,  13.1908, 208.3679,  35.2462
 41.5324,  13.2225, 206.4614,  35.2464
 41.5626,  13.2479, 204.7327,  35.2522
 41.5967,  13.2783, 202.9226,  35.2571
 41.6267,  13.3070, 201.0311,  35.2598
 41.6515,  13.3320, 199.2007,  35.2609
 41.6736,  13.3527, 197.5401,  35.2634
 41.6937,  13.3705, 195.9122,  35.2666
 41.7114,  13.3871, 194.0653,  35.2688
 41.7241,  13.4004, 192.0289,  35.2693
 41.7449,  13.4179, 189.9827,  35.2736
 41.7734,  13.4469, 188.3040,  35.2745
 41.8145,  13.4788, 187.2366,  35.2843
 41.8418,  13.5073, 186.5440,  35.2840
 41.8655,  13.5296, 186.1132,  35.2859
 41.8828,  13.5428, 186.0409,  35.2900
 41.8911,  13.5506, 186.1118,  35.2906
 41.8926,  13.5524, 185.8900,  35.2905
 41.8995,  13.5563, 185.3031,  35.2936
 41.9010,  13.5615, 184.7650,  35.2904
 41.9090,  13.5659, 184.7412,  35.2939
 41.9126,  13.5689, 185.2100,  35.2943
 41.9099,  13.5689, 185.6764,  35.2916
 41.9028,  13.5629, 185.7045,  35.2904
 41.9043,  13.5614, 185.3761,  35.2934
 41.9023,  13.5630, 185.0453,  35.2901
 41.9067,  13.5646, 184.9438,  35.2928
 41.9128,  13.5683, 185.0492,  35.2952
 41.9159,  13.5710, 185.1976,  35.2955
 41.9176,  13.5730, 185.2562,  35.2953
 41.9189,  13.5743, 185.2153,  35.2952
 41.9196,  13.5750, 185.1001,  35.2954
 41.9203,  13.5755, 184.9435,  35.2956
 41.9211,  13.5760, 184.7836,  35.2960
 41.9213,  13.5766, 184.5805,  35.2957
 41.9219,  13.5774, 184.3701,  35.2956
 41.9211,  13.5778, 184.2308,  35.2946
 41.9210,  13.5774, 184.2397,  35.2948
 41.9221,  13.5771, 184.2621,  35.2961
 41.9235,  13.5780, 184.0488,  35.2966
 41.9253,  13.5794, 183.5605,  35.2973
 41.9245,  13.5806, 183.1206,  35.2957
 41.9286,  13.5821, 182.9018,  35.2982
 41.9324,  13.5852, 182.9329,  35.2989
 41.9341,  13.5877, 183.1698,  35.2981
 41.9338,  13.5875, 183.4832,  35.2979
 41.9332,  13.5866, 183.6130,  35.2980
 41.9326,  13.5858, 183.4313,  35.2984
 41.9328,  13.5857, 183.0756,  35.2987
 41.9322,  13.5855, 182.7969,  35.2985
 41.9371,  13.5875, 182.7174,  35.3012
 41.9402,  13.5907, 182.6435,  35.3013
 41.9445,  13.5946, 182.4112,  35.3019
 41.9469,  13.5978, 182.0791,  35.3013
 41.9500,  13.6015, 181.9110,  35.3008
 41.9596,  13.6078, 182.0074,  35.3040
 41.9606,  13.6103, 182.1680,  35.3026
 41.9606,  13.6100, 182.1133,  35.3029
 41.9636,  13.6115, 181.8737,  35.3045
 41.9634,  13.6135, 181.7094,  35.3024
 41.9725,  13.6176, 181.7497,  35.3073
 41.9737,  13.6218, 181.9125,  35.3045
 41.9692,  13.6201, 182.0718,  35.3017
 41.9673,  13.6167, 182.1466,  35.3030
 41.9645,  13.6138, 182.1564,  35.3030
 41.9623,  13.6118, 182.0239,  35.3029
 41.9680,  13.6137, 181.6831,  35.3066
 41.9727,  13.6226, 181.3340,  35.3029
 42.0020,  13.6386, 181.3359,  35.3158
 41.9967,  13.6445, 181.7749,  35.3051
 41.9841,  13.6339, 182.3743,  35.3028
 41.9729,  13.6227, 182.6621,  35.3025
 41.9672,  13.6160, 182.4078,  35.3035
 41.9685,  13.6149, 181.8554,  35.3059
 41.9734,  13.6168, 181.3941,  35.3090
 42.0045,  13.6346, 181.2274,  35.3218
 42.0055,  13.6450, 181.4489,  35.3132
 41.9954,  13.6393, 181.9772,  35.3087
 41.9838,  13.6305, 182.4477,  35.3057
 41.9734,  13.6218, 182.4684,  35.3039
 41.9718,  13.6180, 182.0140,  35.3061
 41.9703,  13.6198, 181.4887,  35.3032
 41.9833,  13.6261, 181.3567,  35.3098
 41.9831,  13.6298, 181.6807,  35.3060
 41.9771,  13.6259, 182.0806,  35.3039
 41.9716,  13.6203, 182.1203,  35.3037
 41.9707,  13.6181, 181.7126,  35.3051
 41.9694,  13.6193, 181.2421,  35.3030
 41.9819,  13.6255, 180.9487,  35.3092
 41.9907,  13.6329, 180.3537,  35.3109
 41.9957,  13.6410, 179.5269,  35.3084
 42.0503,  13.6760, 178.3676,  35.3279
 42.1089,  13.7234, 176.8282,  35.3398
 42.1501,  13.7660, 175.0196,  35.3400
 42.1741,  13.7947, 173.1753,  35.3368
 42.1878,  13.8126, 171.4736,  35.3339
 42.1949,  13.8221, 169.9523,  35.3325
 42.1889,  13.8240, 168.5069,  35.3257
 42.1729,  13.8177, 166.8393,  35.3172
 42.1724,  13.8181, 164.8447,  35.3172
 42.2062,  13.8427, 162.6723,  35.3271
 42.2467,  13.8815, 160.5632,  35.3302
 42.2803,  13.9185, 158.7305,  35.3284
 42.3110,  13.9469, 157.0958,  35.3316
 42.3647,  13.9835, 155.5795,  35.3487
 42.4110,  14.0360, 154.1476,  35.3442
 42.4841,  14.0949, 152.5274,  35.3590
 42.5781,  14.1663, 150.5455,  35.3818
 42.7346,  14.2889, 148.2343,  35.4156
 42.9656,  14.4710, 145.8748,  35.4637
 43.1558,  14.6595, 143.9667,  35.4676
 43.3747,  14.8387, 142.6000,  35.5056
 43.5258,  14.9829, 141.3986,  35.5130
 43.6528,  15.0954, 139.8606,  35.5273
 43.7627,  15.1900, 137.7939,  35.5423
 43.8672,  15.2830, 135.4903,  35.5538
 43.9689,  15.3741, 133.2802,  35.5644
 44.0515,  15.4558, 131.3923,  35.5659
 44.1203,  15.5145, 129.8546,  35.5757
 44.1752,  15.5599, 128.3370,  35.5849
 44.2189,  15.5999, 126.6010,  35.5889
 44.2585,  15.6346, 124.5718,  35.5940
 44.2902,  15.6650, 122.5042,  35.5959
 44.3127,  15.6868, 120.7574,  35.5972
 44.3278,  15.7029, 119.1819,  35.5969
 44.3592,  15.7257, 117.4368,  35.6054
 44.4460,  15.7821, 115.3584,  35.6333
 44.5540,  15.8762, 113.0767,  35.6463
 44.6290,  15.9526, 111.0976,  35.6455
 44.7256,  16.0316, 109.6580,  35.6613
 44.8509,  16.1279, 108.4219,  35.6871
 45.0642,  16.2893, 106.8627,  35.7326
 45.3879,  16.5214, 104.7131,  35.8123
 45.7241,  16.8043, 102.2296,  35.8565
 45.9898,  17.0479,  99.8760,  35.8730
 46.2156,  17.2605,  97.9877,  35.8817
 46.5076,  17.4653,  96.6330,  35.9541
 46.7996,  17.6938,  95.3588,  36.0047
 47.0815,  17.9248,  93.8794,  36.0436
 47.3071,  18.1215,  92.1824,  36.0641
 47.5303,  18.3021,  90.1646,  36.0964
 47.8415,  18.5288,  87.9025,  36.1626
 48.1424,  18.7811,  85.6857,  36.1967
 48.3525,  18.9847,  83.8158,  36.1963
 48.5436,  19.1380,  82.4442,  36.2233
 48.7126,  19.2684,  81.1968,  36.2515
 48.9219,  19.4282,  79.6488,  36.2876
 49.1637,  19.6163,  77.6776,  36.3259
 49.4540,  19.8301,  75.5129,  36.3816
 49.7743,  20.0998,  73.5616,  36.4128
 50.0803,  20.3308,  71.8339,  36.4648
 50.4856,  20.6183,  70.0758,  36.5484
 50.8708,  20.9089,  68.2996,  36.6117
 51.2838,  21.2049,  66.5050,  36.6915
 51.6841,  21.5132,  64.7446,  36.7493
 51.9522,  21.7543,  63.1088,  36.7579
 52.1653,  21.9263,  61.4547,  36.7815
 52.3170,  22.0508,  59.7547,  36.7965
 52.4269,  22.1389,  57.8717,  36.8092
 52.5078,  22.2027,  55.6650,  36.8197
 52.5603,  22.2487,  53.4322,  36.8229
 52.5917,  22.2772,  51.5394,  36.8242
 52.6129,  22.2914,  50.0791,  36.8293
 52.6222,  22.2994,  48.7770,  36.8303
 52.6418,  22.3128,  47.1217,  36.8350
 52.6556,  22.3244,  45.1205,  36.8368
 52.6646,  22.3327,  42.9315,  36.8376
 52.6696,  22.3379,  40.7635,  36.8378
 52.6675,  22.3397,  38.8525,  36.8354
 52.6629,  22.3382,  37.1463,  36.8336
 52.6632,  22.3378,  35.5813,  36.8347
 52.6673,  22.3383,  34.0015,  36.8381
 52.6718,  22.3404,  32.1684,  36.8406
 52.6737,  22.3424,  30.1245,  36.8411
 52.6754,  22.3439,  27.9440,  36.8419
 52.6732,  22.3447,  25.8863,  36.8403
 52.6709,  22.3420,  24.2142,  36.8414
 52.6665,  22.3382,  22.6729,  36.8416
 52.6682,  22.3391,  21.0331,  36.8428
 52.6680,  22.3409,  19.4644,  36.8417
 52.6656,  22.3376,  18.0020,  36.8431
 52.6605,  22.3368,  16.7609,  36.8402
 52.6527,  22.3343,  15.8109,  36.8365
 52.6519,  22.3295,  15.1347,  36.8401
 52.6530,  22.3266,  14.5168,  36.8437
 52.6545,  22.3285,  13.8763,  36.8435
 52.6541,  22.3305,  13.2572,  36.8417
 52.6548,  22.3320,  12.6287,  36.8412
 52.6549,  22.3325,  11.8854,  36.8411
 52.6539,  22.3331,  11.0033,  36.8401
 52.6499,  22.3334,  10.1089,  36.8370
 52.6447,  22.3304,   9.4519,  36.8357
 52.6457,  22.3274,   8.9900,  36.8392
 52.6429,  22.3263,   8.5715,  36.8381
 52.6463,  22.3251,   8.3509,  36.8419
 52.6424,  22.3292,   8.2048,  36.8354
 52.6503,  22.3341,   7.9315,  36.8376
 52.6505,  22.3358,   7.6386,  36.8364
 52.6474,  22.3307,   7.4083,  36.8384
 52.6509,  22.3291,   7.3499,  36.8425
 52.6554,  22.3295,   7.4547,  36.8456
 52.6583,  22.3314,   7.6364,  36.8462
 52.6604,  22.3323,   7.8212,  36.8471
 52.6581,  22.3316,   7.9470,  36.8459
 52.6493,  22.3304,   7.9950,  36.8399
 52.6420,  22.3277,   7.9945,  36.8364
 52.6387,  22.3235,   7.8980,  36.8374
 52.6390,  22.3216,   7.7292,  36.8394
 52.6357,  22.3204,   7.6535,  36.8377
 52.6442,  22.3215,   7.7802,  36.8435
 52.6526,  22.3266,   7.9678,  36.8458
 52.6533,  22.3302,   8.0409,  36.8432
 52.6532,  22.3317,   7.9774,  36.8419
 52.6478,  22.3319,   7.9359,  36.8374
 52.6483,  22.3295,   7.9448,  36.8399
 52.6445,  22.3267,   7.9090,  36.8393
 52.6457,  22.3277,   7.8161,  36.8394
 52.6410,  22.3279,   7.7384,  36.8355
 52.6438,  22.3255,   7.7774,  36.8398
 52.6507,  22.3269,   7.8759,  36.8440
 52.6500,  22.3286,   7.8818,  36.8420
 52.6487,  22.3312,   7.7439,  36.8389
 52.6465,  22.3325,   7.5209,  36.8361
 52.6408,  22.3311,   7.3576,  36.8328
 52.6447,  22.3267,   7.3546,  36.8396
 52.6505,  22.3278,   7.4553,  36.8432
 52.6523,  22.3312,   7.5123,  36.8418
 52.6534,  22.3353,   7.4240,  36.8392
 52.6547,  22.3371,   7.2194,  36.8387
 52.6465,  22.3371,   7.0374,  36.8324
 52.6473,  22.3324,   6.9483,  36.8370
 52.6504,  22.3328,   6.9450,  36.8391
 52.6525,  22.3313,   7.0100,  36.8420
 52.6565,  22.3323,   7.1586,  36.8442
 52.6589,  22.3345,   7.2776,  36.8442
 52.6603,  22.3371,   7.1722,  36.8432
 52.6604,  22.3381,   6.8918,  36.8425
 52.6544,  22.3356,   6.6675,  36.8399
 52.6560,  22.3325,   6.6520,  36.8438
 52.6605,  22.3338,   6.8886,  36.8462
 52.6636,  22.3362,   7.2518,  36.8464
 52.6619,  22.3374,   7.4086,  36.8441
 52.6629,  22.3381,   7.1815,  36.8443
 52.6599,  22.3382,   6.7749,  36.8420
 52.6599,  22.3355,   6.5224,  36.8445
 52.6633,  22.3362,   6.5069,  36.8466
 52.6649,  22.3373,   6.6084,  36.8468
 52.6632,  22.3381,   6.6767,  36.8447
 52.6630,  22.3401,   6.5255,  36.8429
 52.6639,  22.3406,   5.9746,  36.8434
 52.6630,  22.3405,   5.1535,  36.8431
 52.6615,  22.3383,   4.4410,  36.8440
 52.6601,  22.3367,   3.9872,  36.8445
 52.6615,  22.3369,   3.8573,  36.8455
 52.6612,  22.3374,   3.7857,  36.8448
 52.6619,  22.3373,   3.3861,  36.8456
 52.6615,  22.3379,   2.7215,  36.8450
 52.6557,  22.3392,   2.1842,  36.8396
 52.6550,  22.3367,   1.7928,  36.8412
 52.6539,  22.3356,   1.3337,  36.8414
 36.4931,  22.3158,   1.0378,  24.4791
 24.5273,  22.2655,   0.8374,  15.8251
 16.4305,  22.1946,   0.7047,  10.2420
 11.0580,  22.1135,   0.6161,   6.6856
  7.4453,  22.0335,   0.5541,   4.3781
  5.0290,  21.8889,   0.5174,   2.8883
  3.4094,  21.6372,   0.4951,   1.9223
  2.3122,  21.3987,   0.4763,   1.2823
  1.5451,  21.1884,   0.4659,   0.8437
  1.0333,  20.9636,   0.4598,   0.5572
  0.6911,  20.7484,   0.4557,   0.3691
  0.4638,  20.5674,   0.4488,   0.2461
