Radial	Estacao	Campanha	MO	COT	Fenois	NTotal	NHx	NO3	NO2	PTotal	PO4	H2S	S	As	Ba	Cd	Pb	Cu	Fe	Mn	Hg	Ni	V	Zn
R100	C01	PRE	2,84	1,65	<LQ	526,00	16,20	0,65	0,10	<LQ	0,53	<LQ	1750,00	<LQ	24,90	<LQ	4,45	2,79	10400,00	520,00	<LQ	9,89	23,50	28,00
R100	C02	PRE	4,76	2,76	<LQ	810,90	11,40	0,70	0,11	240,00	0,53	<LQ	1810,00	<LQ	38,10	<LQ	6,38	4,82	18400,00	974,00	<LQ	16,70	40,70	44,40
R100	C03	PRE	2,97	1,72	<LQ	804,50	19,90	0,66	0,08	<LQ	0,53	<LQ	848,00	<LQ	22,80	<LQ	3,99	2,71	8910,00	647,00	<LQ	8,47	20,20	22,10
R100	C04	PRE	2,31	1,34	<LQ	594,10	18,20	0,64	0,07	65,00	0,53	<LQ	1730,00	<LQ	35,20	<LQ	5,84	4,04	13900,00	976,00	<LQ	14,40	32,00	38,60
R250	C05	PRE	3,26	1,89	<LQ	573,80	14,20	0,94	0,24	<LQ	0,61	<LQ	1490,00	<LQ	25,10	<LQ	4,81	2,28	10600,00	877,00	<LQ	10,60	23,50	28,70
R250	C06	PRE	2,38	1,38	<LQ	452,60	12,80	0,67	0,10	405,00	0,54	<LQ	2660,00	<LQ	43,20	<LQ	8,48	4,71	19700,00	1570,00	<LQ	21,40	42,90	51,6
R250	C07	PRE	4,34	2,52	<LQ	503,60	41,80	0,70	0,07	237,00	0,53	<LQ	3340,00	<LQ	40,00	<LQ	7,03	4,34	17000,00	1030,00	<LQ	16,30	37,90	42,60
R250	C08	PRE	3,76	2,18	<LQ	585,20	13,90	0,63	0,09	191,00	0,56	<LQ	2180,00	<LQ	24,30	<LQ	6,13	3,28	12700,00	1170,00	<LQ	14,90	25,40	33,50
R500	C09	PRE	3,65	2,12	<LQ	364,50	18,00	0,63	0,11	<LQ	0,60	<LQ	1450,00	<LQ	26,30	<LQ	4,81	3,04	11300,00	737,00	<LQ	11,70	25,70	28,30
R500	C10	PRE	3,65	2,12	<LQ	423,50	15,00	0,71	0,11	<LQ	0,67	<LQ	1810,00	<LQ	23,70	<LQ	5,00	3,10	11700,00	681,00	<LQ	11,90	25,50	30,70
R500	C11	PRE	2,36	1,37	<LQ	569,00	26,40	0,75	0,41	163,00	0,77	<LQ	1920,00	<LQ	35,90	<LQ	6,61	4,39	16300,00	1220,00	<LQ	17,20	36,50	41,00
R500	C12	PRE	2,53	1,47	<LQ	352,70	<LQ	0,72	0,11	360,00	0,57	<LQ	2900,00	<LQ	42,10	<LQ	7,48	5,27	19300,00	1280,00	<LQ	19,50	40,70	47,50
R1000	C13	PRE	3,14	1,82	<LQ	574,80	<LQ	0,75	0,42	298,00	0,53	<LQ	2670,00	<LQ	40,00	<LQ	6,65	4,84	18900,00	1090,00	<LQ	18,20	40,70	46,80
R1000	C14	PRE	4,53	2,63	<LQ	575,10	15,50	0,70	0,15	367,00	0,53	<LQ	1590,00	<LQ	45,50	<LQ	7,63	5,55	20200,00	1080,00	<LQ	19,90	45,50	51,40
R1000	C15	PRE	3,05	1,77	<LQ	597,40	14,90	0,78	0,39	63,00	0,58	<LQ	1720,00	<LQ	27,00	<LQ	5,76	3,50	13600,00	793,00	<LQ	13,70	28,60	36,50
R1000	C16	PRE	2,26	1,31	<LQ	650,40	17,80	0,66	0,10	13,00	0,54	<LQ	1610,00	<LQ	24,60	<LQ	5,07	3,19	12200,00	900,00	<LQ	13,30	26,00	32,10
R100	C01	POS	2,00	1,20	<LQ	528,00	<LQ	1,06	0,12	540,00	<LQ	<LQ	1800,00	<LQ	1580,00	<LQ	7,70	9,40	17000,00	1030,00	<LQ	16,00	39,00	45,00
R100	C02	POS	1,70	1,00	<LQ	333,00	<LQ	1,27	0,12	316,00	<LQ	<LQ	3960,00	<LQ	1790,00	<LQ	57,00	34,00	15500,00	301,00	2,38	8,70	26,00	57,00
R100	C03	POS	2,10	1,20	<LQ	564,00	<LQ	1,06	0,12	445,00	<LQ	<LQ	3330,00	<LQ	2890,00	<LQ	8,10	9,60	15800,00	817,00	<LQ	15,00	38,00	40,00
R100	C04	POS	0,90	<LQ	<LQ	448,20	<LQ	1,13	0,12	479,00	<LQ	<LQ	3650,00	<LQ	3380,00	<LQ	8,20	8,60	14600,00	1190,00	<LQ	16,00	31,00	101,00
R250	C05	POS	1,00	<LQ	<LQ	358,00	<LQ	1,06	0,12	493,00	<LQ	<LQ	2610,00	<LQ	103,00	<LQ	5,77	7,10	13400,00	1120,00	<LQ	14,00	30,00	34,00
R250	C06	POS	1,10	<LQ	<LQ	507,00	<LQ	1,24	0,12	489,00	<LQ	<LQ	2260,00	<LQ	1760,00	<LQ	8,40	7,60	13100,00	934,00	<LQ	14,00	28,00	37,00
R250	C07	POS	0,90	<LQ	<LQ	269,00	<LQ	1,06	0,12	506,00	<LQ	<LQ	1410,00	<LQ	121,00	<LQ	7,00	7,68	14600,00	1070,00	<LQ	16,00	32,00	38,00
R250	C08	POS	1,50	0,90	<LQ	478,00	<LQ	1,06	0,12	478,00	<LQ	<LQ	1990,00	<LQ	588,00	<LQ	5,20	8,50	15100,00	926,00	<LQ	16,00	34,00	42,00
R500	C09	POS	1,20	<LQ	<LQ	467,00	<LQ	1,06	0,12	479,00	<LQ	<LQ	1790,00	<LQ	43,00	<LQ	6,10	8,00	15600,00	1220,00	<LQ	17,00	36,00	42,00
R500	C10	POS	0,60	<LQ	<LQ	561,00	<LQ	1,06	0,12	466,00	<LQ	<LQ	1390,00	<LQ	232,00	<LQ	6,63	7,90	15600,00	1250,00	<LQ	16,00	35,00	40,00
R500	C11	POS	0,40	<LQ	<LQ	375,00	<LQ	1,13	0,12	466,00	<LQ	<LQ	1130,00	<LQ	38,00	<LQ	6,60	7,50	14100,00	1140,00	<LQ	16,00	32,00	37,00
R500	C12	POS	0,60	<LQ	<LQ	478,40	<LQ	1,06	0,12	493,00	<LQ	<LQ	1870,00	<LQ	205,00	<LQ	5,80	8,00	16100,00	984,00	<LQ	17,00	37,00	41,00
R1000	C13	POS	1,30	<LQ	<LQ	340,00	<LQ	1,06	0,12	475,00	<LQ	<LQ	1940,00	<LQ	33,00	<LQ	6,30	6,74	13700,00	1110,00	<LQ	14,00	30,00	36,00
R1000	C14	POS	2,00	1,20	<LQ	813,00	<LQ	1,13	0,12	485,00	<LQ	<LQ	2850,00	<LQ	47,00	<LQ	6,10	7,70	15400,00	935,00	<LQ	16,00	35,00	40,00
R1000	C15	POS	0,30	<LQ	<LQ	483,00	<LQ	1,21	0,12	487,00	<LQ	<LQ	1880,00	<LQ	38,00	<LQ	7,00	7,10	13400,00	1370,00	<LQ	17,00	28,00	37,00
R1000	C16	POS	0,30	<LQ	<LQ	236,00	<LQ	1,06	0,12	510,00	<LQ	<LQ	1790,00	<LQ	88,00	<LQ	6,60	8,10	15600,00	961,00	<LQ	15,00	38,00	43,00
