   COND      TEMP      PRES      SALT   
 (mmho/cm)   (C)      (dbar)   (PSU-78) 
 33.3853,  22.5156,   1.9582,  22.0834
 39.9458,  22.7699,   2.8346,  26.7825
 44.3206,  22.9393,   3.7438,  29.9530
 47.2397,  23.0520,   4.5690,  32.0842
 49.1850,  23.1271,   5.3742,  33.5109
 50.4840,  23.1777,   6.2734,  34.4661
 51.3501,  23.2118,   7.3583,  35.1037
 51.9282,  23.2345,   8.6102,  35.5297
 52.3138,  23.2498,   9.8857,  35.8139
 52.5720,  23.2607,  11.0331,  36.0036
 52.7446,  23.2678,  11.9511,  36.1305
 52.8605,  23.2722,  12.7239,  36.2160
 52.9394,  23.2762,  13.5423,  36.2734
 52.9934,  23.2800,  14.5494,  36.3116
 53.0313,  23.2830,  15.7665,  36.3379
 53.0562,  23.2852,  17.0647,  36.3549
 53.0755,  23.2873,  18.2942,  36.3676
 53.0895,  23.2893,  19.1314,  36.3765
 53.0979,  23.2907,  19.5830,  36.3817
 53.1032,  23.2912,  19.8006,  36.3853
 53.1069,  23.2913,  19.9365,  36.3880
 53.1090,  23.2910,  20.1329,  36.3898
 53.1128,  23.2916,  20.4168,  36.3921
 53.1164,  23.2928,  20.7099,  36.3938
 53.1190,  23.2938,  20.9104,  36.3950
 53.1211,  23.2953,  20.9515,  36.3953
 53.1211,  23.2962,  20.8773,  36.3946
 53.1219,  23.2959,  20.7682,  36.3955
 53.1221,  23.2955,  20.7720,  36.3960
 53.1265,  23.2966,  20.9871,  36.3984
 53.1323,  23.2989,  21.3579,  36.4009
 53.1369,  23.3016,  21.7600,  36.4020
 53.1380,  23.3030,  21.9810,  36.4017
 53.1388,  23.3035,  21.8888,  36.4019
 53.1377,  23.3032,  21.5091,  36.4014
 53.1321,  23.3016,  21.0614,  36.3985
 53.1277,  23.2993,  20.8256,  36.3971
 53.1227,  23.2966,  20.9086,  36.3955
 53.1196,  23.2947,  21.2051,  36.3945
 53.1244,  23.2958,  21.5530,  36.3973
 53.1290,  23.2975,  21.8315,  36.3993
 53.1310,  23.2993,  21.9549,  36.3993
 53.1323,  23.3005,  21.8552,  36.3993
 53.1291,  23.2997,  21.5512,  36.3976
 53.1263,  23.2987,  21.2315,  36.3964
 53.1255,  23.2977,  21.1533,  36.3966
 53.1251,  23.2972,  21.3516,  36.3967
 53.1268,  23.2975,  21.6087,  36.3977
 53.1276,  23.2982,  21.6967,  36.3977
 53.1293,  23.2988,  21.5598,  36.3985
 53.1286,  23.2992,  21.3541,  36.3977
 53.1275,  23.2986,  21.2487,  36.3974
 53.1274,  23.2979,  21.3199,  36.3979
 53.1282,  23.2980,  21.5162,  36.3983
 53.1290,  23.2981,  21.7008,  36.3989
 53.1285,  23.2982,  21.7287,  36.3984
 53.1288,  23.2985,  21.5704,  36.3984
 53.1302,  23.2992,  21.3238,  36.3989
 53.1299,  23.2998,  21.1145,  36.3983
 53.1304,  23.2999,  21.0642,  36.3987
 53.1316,  23.3000,  21.2193,  36.3994
 53.1379,  23.3018,  21.4928,  36.4028
 53.1402,  23.3036,  21.7041,  36.4029
 53.1410,  23.3045,  21.7060,  36.4028
 53.1391,  23.3042,  21.4968,  36.4017
 53.1371,  23.3036,  21.2268,  36.4007
 53.1371,  23.3030,  21.1689,  36.4012
 53.1359,  23.3023,  21.6411,  36.4007
 53.1393,  23.3035,  22.5421,  36.4020
 53.1480,  23.3063,  23.4970,  36.4061
 53.1571,  23.3102,  24.3183,  36.4096
 53.1638,  23.3135,  25.0408,  36.4118
 53.1685,  23.3161,  25.7341,  36.4131
 53.1757,  23.3185,  26.4721,  36.4164
 53.1886,  23.3240,  27.3152,  36.4215
 53.2034,  23.3305,  28.3296,  36.4272
 53.2261,  23.3395,  29.5288,  36.4368
 53.2498,  23.3478,  30.8376,  36.4478
 53.2692,  23.3528,  32.1433,  36.4582
 53.2721,  23.3500,  33.3122,  36.4623
 53.2459,  23.3236,  34.2880,  36.4636
 53.2078,  23.2717,  35.1026,  36.4770
 53.1542,  23.1858,  35.8698,  36.5065
 52.9962,  23.0228,  36.7182,  36.5193
 52.8249,  22.8328,  37.7619,  36.5441
 52.6562,  22.6498,  39.0092,  36.5650
 52.4900,  22.4823,  40.3397,  36.5749
 52.3463,  22.3397,  41.5984,  36.5815
 52.2168,  22.2199,  42.7073,  36.5800
 52.0676,  22.1058,  43.7151,  36.5582
 51.8945,  21.9661,  44.6660,  36.5388
 51.6002,  21.7272,  45.6066,  36.5068
 51.3681,  21.5137,  46.5449,  36.5026
 51.1693,  21.3436,  47.5095,  36.4876
 50.9750,  21.1808,  48.5032,  36.4700
 50.7654,  21.0101,  49.5540,  36.4464
 50.3863,  20.7482,  50.6698,  36.3631
 50.0316,  20.4576,  51.8157,  36.3231
 49.6829,  20.1742,  52.9572,  36.2810
 49.2666,  19.8503,  54.1292,  36.2171
 48.8705,  19.5300,  55.3214,  36.1655
 48.4153,  19.1832,  56.4317,  36.0862
 48.0600,  18.8785,  57.3453,  36.0527
 47.8104,  18.6612,  58.1182,  36.0314
 47.6264,  18.5023,  58.8967,  36.0142
 47.4891,  18.3818,  59.7844,  36.0029
 47.3300,  18.2606,  60.7897,  35.9732
 47.1234,  18.0967,  61.8493,  35.9403
 46.9733,  17.9640,  62.9324,  35.9280
 46.8692,  17.8679,  64.0744,  35.9228
 46.7891,  17.7964,  65.3332,  35.9165
 46.6709,  17.7167,  66.6283,  35.8844
 46.5148,  17.5960,  67.7881,  35.8558
 46.4041,  17.4919,  68.7416,  35.8517
 46.3270,  17.4187,  69.5247,  35.8493
 46.2678,  17.3644,  70.2518,  35.8457
 46.2040,  17.3121,  71.0368,  35.8363
 46.1312,  17.2507,  71.9465,  35.8270
 46.0619,  17.1923,  73.0304,  35.8181
 45.9931,  17.1330,  74.2849,  35.8102
 45.9206,  17.0729,  75.6622,  35.7997
 45.8369,  17.0057,  77.0446,  35.7858
 45.7747,  16.9468,  78.2460,  35.7833
 45.7323,  16.9058,  79.2032,  35.7822
 45.7019,  16.8778,  79.9743,  35.7802
 45.6781,  16.8564,  80.7074,  35.7781
 45.6506,  16.8338,  81.5429,  35.7738
 45.6265,  16.8118,  82.5565,  35.7718
 45.6024,  16.7898,  83.7921,  35.7697
 45.5856,  16.7735,  85.1959,  35.7689
 45.5696,  16.7599,  86.6015,  35.7665
 45.5448,  16.7405,  87.7730,  35.7614
 45.5295,  16.7260,  88.6100,  35.7605
 45.5217,  16.7177,  89.2566,  35.7609
 45.5072,  16.7069,  89.9692,  35.7574
 45.4935,  16.6942,  90.9626,  35.7563
 45.4784,  16.6810,  92.2177,  35.7544
 45.4580,  16.6633,  93.5014,  35.7516
 45.4360,  16.6460,  94.5813,  35.7473
 45.3967,  16.6217,  95.4443,  35.7340
 45.3568,  16.5890,  96.3016,  35.7276
 45.3101,  16.5467,  97.3399,  35.7237
 45.2434,  16.4929,  98.5588,  35.7124
 45.1845,  16.4420,  99.8052,  35.7053
 45.1393,  16.4004, 100.9514,  35.7021
 45.1016,  16.3672, 101.9573,  35.6980
 45.0652,  16.3364, 102.8498,  35.6929
 45.0214,  16.3053, 103.6442,  35.6815
 44.9701,  16.2621, 104.4055,  35.6743
 44.9207,  16.2180, 105.2740,  35.6697
 44.8675,  16.1744, 106.3570,  35.6610
 44.7894,  16.1108, 107.6615,  35.6480
 44.7267,  16.0526, 109.0915,  35.6437
 44.6574,  15.9947, 110.4299,  35.6332
 44.5987,  15.9435, 111.5163,  35.6264
 44.5537,  15.9060, 112.3124,  35.6195
 44.5202,  15.8748, 112.9619,  35.6173
 44.4898,  15.8484, 113.6655,  35.6136
 44.4661,  15.8250, 114.5669,  35.6129
 44.4433,  15.8061, 115.6802,  35.6091
 44.3805,  15.7632, 116.8714,  35.5909
 44.3114,  15.7070, 118.0267,  35.5789
 44.2329,  15.6407, 119.0735,  35.5676
 44.1623,  15.5768, 120.0833,  35.5612
 44.0798,  15.5129, 121.1705,  35.5440
 43.9937,  15.4358, 122.3673,  35.5355
 43.9146,  15.3659, 123.5321,  35.5266
 43.8306,  15.3021, 124.4920,  35.5078
 43.7421,  15.2355, 125.2776,  35.4875
 43.6700,  15.1700, 126.0719,  35.4809
 43.6179,  15.1171, 127.0149,  35.4811
 43.5770,  15.0780, 128.0694,  35.4788
 43.5379,  15.0430, 129.1169,  35.4745
 43.5092,  15.0152, 130.1422,  35.4731
 43.4795,  14.9908, 131.1872,  35.4677
 43.4451,  14.9617, 132.2970,  35.4623
 43.4127,  14.9348, 133.5065,  35.4567
 43.3769,  14.9043, 134.7579,  35.4512
 43.3530,  14.8795, 135.8545,  35.4513
 43.3367,  14.8639, 136.7047,  35.4502
 43.3273,  14.8541, 137.4145,  35.4503
 43.3159,  14.8445, 138.1928,  35.4482
 43.3051,  14.8344, 139.0856,  35.4472
 43.2880,  14.8198, 140.0476,  35.4443
 43.2722,  14.8042, 141.0372,  35.4437
 43.2566,  14.7887, 142.1210,  35.4430
 43.2188,  14.7611, 143.3365,  35.4331
 43.1744,  14.7232, 144.6228,  35.4263
 43.1357,  14.6864, 145.8396,  35.4237
 43.0923,  14.6495, 146.8583,  35.4170
 43.0566,  14.6179, 147.6385,  35.4127
 43.0310,  14.5936, 148.3265,  35.4109
 43.0062,  14.5712, 149.1221,  35.4082
 42.9843,  14.5505, 150.1116,  35.4065
 42.9622,  14.5299, 151.2119,  35.4045
 42.9428,  14.5108, 152.3050,  35.4035
 42.9239,  14.4932, 153.3243,  35.4018
 42.9066,  14.4780, 154.2899,  35.3993
 42.8860,  14.4615, 155.2559,  35.3950
 42.8601,  14.4385, 156.3169,  35.3916
 42.8354,  14.4160, 157.5396,  35.3889
 42.8147,  14.3961, 158.7990,  35.3873
 42.7994,  14.3807, 159.8615,  35.3868
 42.7937,  14.3686, 160.6014,  35.3924
 42.7919,  14.3608, 161.1497,  35.3975
 42.7810,  14.3556, 161.7856,  35.3919
 42.7625,  14.3423, 162.7597,  35.3867
 42.7339,  14.3192, 164.1315,  35.3807
 42.6917,  14.2849, 165.6508,  35.3723
 42.6468,  14.2453, 166.9496,  35.3664
 42.6118,  14.2136, 167.8764,  35.3626
 42.5912,  14.1914, 168.5781,  35.3635
 42.5669,  14.1710, 169.2678,  35.3593
 42.5367,  14.1465, 170.1369,  35.3534
 42.5060,  14.1184, 171.2019,  35.3501
 42.4839,  14.0960, 172.3677,  35.3496
 42.4655,  14.0786, 173.4974,  35.3479
 42.4499,  14.0634, 174.5408,  35.3469
 42.4357,  14.0510, 175.5470,  35.3447
 42.4157,  14.0340, 176.6108,  35.3412
 42.3944,  14.0151, 177.7062,  35.3382
 42.3777,  13.9984, 178.7191,  35.3376
 42.3675,  13.9869, 179.6098,  35.3383
 42.3598,  13.9788, 180.4503,  35.3381
 42.3514,  13.9710, 181.3782,  35.3370
 42.3443,  13.9643, 182.4169,  35.3363
 42.3377,  13.9576, 183.4715,  35.3358
 42.3326,  13.9520, 184.4473,  35.3357
 42.3273,  13.9465, 185.3898,  35.3354
 42.3147,  13.9357, 186.4068,  35.3331
 42.2986,  13.9223, 187.5813,  35.3299
 42.2809,  13.9067, 188.8250,  35.3272
 42.2645,  13.8916, 190.0115,  35.3253
 42.2433,  13.8741, 191.0546,  35.3211
 42.2222,  13.8560, 191.9381,  35.3177
 42.2051,  13.8402, 192.7046,  35.3159
 42.1838,  13.8222, 193.4440,  35.3121
 42.1671,  13.8047, 194.2600,  35.3123
 42.1484,  13.7882, 195.2522,  35.3095
 42.1323,  13.7726, 196.4520,  35.3082
 42.1147,  13.7575, 197.7363,  35.3051
 42.0810,  13.7304, 198.9586,  35.2980
 42.0485,  13.7029, 200.0242,  35.2924
 42.0212,  13.6777, 200.9059,  35.2895
 41.9977,  13.6558, 201.7436,  35.2873
 41.9805,  13.6399, 202.6616,  35.2854
 41.9644,  13.6256, 203.6661,  35.2831
 41.9502,  13.6120, 204.6442,  35.2819
 41.9359,  13.5992, 205.5360,  35.2798
 41.9089,  13.5808, 206.3936,  35.2710
 41.8759,  13.5511, 207.3323,  35.2669
 41.8423,  13.5218, 208.3738,  35.2619
 41.8166,  13.4969, 209.4634,  35.2601
 41.7893,  13.4745, 210.5178,  35.2547
 41.7561,  13.4451, 211.5484,  35.2500
 41.7231,  13.4169, 212.6286,  35.2445
 41.6899,  13.3876, 213.7293,  35.2397
 41.6630,  13.3610, 214.7207,  35.2384
 41.6401,  13.3388, 215.5174,  35.2370
 41.6180,  13.3188, 216.2067,  35.2343
 41.5903,  13.2963, 216.9708,  35.2284
 41.5523,  13.2647, 217.9145,  35.2213
 41.5171,  13.2320, 219.0236,  35.2178
 41.4913,  13.2063, 220.1741,  35.2166
 41.4707,  13.1861, 221.2705,  35.2153
 41.4466,  13.1635, 222.3149,  35.2128
 41.4224,  13.1418, 223.3362,  35.2095
 41.4043,  13.1239, 224.3297,  35.2084
 41.3909,  13.1099, 225.3434,  35.2083
 41.3821,  13.1000, 226.4178,  35.2087
 41.3717,  13.0905, 227.5142,  35.2071
 41.3617,  13.0803, 228.5569,  35.2066
 41.3507,  13.0704, 229.5062,  35.2050
 41.3433,  13.0620, 230.4074,  35.2053
 41.3325,  13.0526, 231.3487,  35.2034
 41.3233,  13.0437, 232.3665,  35.2024
 41.3107,  13.0340, 233.4072,  35.1989
 41.2922,  13.0187, 234.5085,  35.1951
 41.2720,  12.9989, 235.7141,  35.1936
 41.2409,  12.9701, 237.0188,  35.1902
 41.2121,  12.9422, 238.2586,  35.1881
 41.1918,  12.9202, 239.2489,  35.1887
 41.1827,  12.9056, 239.9850,  35.1934
 41.1753,  12.8981, 240.6157,  35.1929
 41.1626,  12.8888, 241.4237,  35.1891
 41.1499,  12.8777, 242.5311,  35.1868
 41.1297,  12.8612, 243.8198,  35.1823
 41.1084,  12.8419, 245.0957,  35.1793
 41.0927,  12.8264, 246.1976,  35.1782
 41.0791,  12.8136, 247.1287,  35.1768
 41.0675,  12.8028, 247.9931,  35.1753
 41.0576,  12.7937, 248.8622,  35.1739
 41.0341,  12.7768, 249.7490,  35.1667
 40.9965,  12.7436, 250.7064,  35.1612
 40.9683,  12.7162, 251.8088,  35.1592
 40.9448,  12.6940, 253.0957,  35.1567
 40.9207,  12.6723, 254.4225,  35.1533
 40.9013,  12.6542, 255.5787,  35.1511
 40.8891,  12.6402, 256.4801,  35.1520
 40.8788,  12.6307, 257.2256,  35.1507
 40.8712,  12.6233, 257.9590,  35.1499
 40.8610,  12.6151, 258.8144,  35.1474
 40.8274,  12.5907, 259.8589,  35.1374
 40.7746,  12.5467, 261.0439,  35.1270
 40.7292,  12.5044, 262.2892,  35.1223
 40.6925,  12.4693, 263.4836,  35.1191
 40.6661,  12.4429, 264.5796,  35.1179
 40.6488,  12.4247, 265.5990,  35.1177
 40.6311,  12.4086, 266.5565,  35.1153
 40.6164,  12.3943, 267.4830,  35.1140
 40.6005,  12.3799, 268.4330,  35.1118
 40.5890,  12.3679, 269.4784,  35.1114
 40.5724,  12.3540, 270.5973,  35.1078
 40.5495,  12.3352, 271.7138,  35.1028
 40.5315,  12.3175, 272.7844,  35.1014
 40.5150,  12.3026, 273.8338,  35.0990
 40.4995,  12.2879, 274.8401,  35.0973
 40.4892,  12.2762, 275.8016,  35.0978
 40.4811,  12.2677, 276.7924,  35.0975
 40.4749,  12.2608, 277.9039,  35.0974
 40.4695,  12.2553, 279.0707,  35.0969
 40.4653,  12.2498, 280.1663,  35.0975
 40.4600,  12.2450, 281.1401,  35.0965
 40.4475,  12.2362, 282.1171,  35.0922
 40.4352,  12.2236, 283.2512,  35.0915
 40.4028,  12.1967, 284.5605,  35.0847
 40.3644,  12.1630, 285.8251,  35.0785
 40.3364,  12.1364, 286.7813,  35.0758
 40.3270,  12.1181, 287.4388,  35.0835
 40.3140,  12.1055, 288.0902,  35.0824
 40.2961,  12.0915, 289.0423,  35.0777
 40.2666,  12.0700, 290.3163,  35.0686
 40.2304,  12.0393, 291.6551,  35.0616
 40.1966,  12.0082, 292.8028,  35.0574
 40.1752,  11.9858, 293.7513,  35.0571
 40.1522,  11.9660, 294.7188,  35.0529
 40.1344,  11.9483, 295.8465,  35.0516
 40.0799,  11.9042, 297.0954,  35.0393
 40.0376,  11.8642, 298.2875,  35.0350
 40.0005,  11.8314, 299.2628,  35.0292
 39.9791,  11.8089, 300.0053,  35.0290
 39.9565,  11.7901, 300.5590,  35.0244
 39.9413,  11.7746, 301.0052,  35.0238
 39.9282,  11.7618, 301.5359,  35.0229
 39.9129,  11.7466, 302.0640,  35.0220
 39.9091,  11.7359, 302.4253,  35.0281
 39.9037,  11.7287, 302.6005,  35.0296
 39.9063,  11.7256, 302.7083,  35.0349
 39.9050,  11.7273, 302.8254,  35.0320
 39.9021,  11.7275, 302.9468,  35.0289
 39.9011,  11.7277, 303.0474,  35.0277
 39.9081,  11.7263, 303.1251,  35.0359
 39.9069,  11.7298, 303.2250,  35.0314
 39.8973,  11.7291, 303.3732,  35.0226
 39.8900,  11.7244, 303.4915,  35.0198
 39.8925,  11.7191, 303.5239,  35.0272
 39.8890,  11.7169, 303.4999,  35.0259
 39.8893,  11.7137, 303.5071,  35.0291
 39.8801,  11.7105, 303.6803,  35.0231
 39.8557,  11.6947, 304.0012,  35.0139
 39.8315,  11.6717, 304.2338,  35.0116
 39.8104,  11.6471, 304.2090,  35.0141
 39.8088,  11.6404, 303.9937,  35.0190
 39.8057,  11.6408, 303.8230,  35.0156
 39.8102,  11.6449, 303.9107,  35.0161
 39.7959,  11.6401, 304.2413,  35.0064
 39.7750,  11.6238, 304.5975,  35.0011
 39.7608,  11.6041, 304.7304,  35.0057
 39.7521,  11.5923, 304.5666,  35.0083
 39.7550,  11.5902, 304.2495,  35.0133
 39.7573,  11.5931, 303.9478,  35.0130
 39.7689,  11.6008, 303.7911,  35.0172
 39.7798,  11.6141, 303.8497,  35.0153
 39.7841,  11.6210, 304.0982,  35.0130
 39.7667,  11.6150, 304.3977,  35.0014
 39.7662,  11.6041, 304.5934,  35.0111
 39.7564,  11.5926, 304.6306,  35.0123
 39.7559,  11.5878, 304.5990,  35.0163
 39.7564,  11.5873, 304.5367,  35.0172
 39.7638,  11.5895, 304.4329,  35.0225
 39.7736,  11.5931, 304.2698,  35.0289
 39.7831,  11.5992, 304.1059,  35.0325
 39.7845,  11.6042, 304.0371,  35.0292
 39.7911,  11.6126, 304.1039,  35.0277
 39.7948,  11.6221, 304.2702,  35.0223
 39.7880,  11.6256, 304.4415,  35.0123
 39.7818,  11.6274, 304.5740,  35.0044
 39.7909,  11.6174, 304.6349,  35.0227
 39.7845,  11.6040, 304.5855,  35.0291
 39.7849,  11.6030, 304.4739,  35.0305
 39.7832,  11.6072, 304.3952,  35.0249
 39.7814,  11.6099, 304.3797,  35.0206
 39.7856,  11.6120, 304.3400,  35.0227
 39.7893,  11.6135, 304.2353,  35.0251
 39.7936,  11.6167, 304.1350,  35.0264
 39.7950,  11.6203, 304.1555,  35.0243
 39.7954,  11.6248, 304.3502,  35.0204
 39.7803,  11.6200, 304.6296,  35.0099
 39.7708,  11.6082, 304.8137,  35.0116
 39.7544,  11.5917, 304.7749,  35.0111
 39.7545,  11.5875, 304.5067,  35.0152
 39.7606,  11.5910, 304.1591,  35.0181
 39.7640,  11.5955, 303.9930,  35.0172
 39.7725,  11.6078, 304.1230,  35.0140
 39.7608,  11.6050, 304.4213,  35.0050
 39.7496,  11.5972, 304.6974,  35.0013
 39.7415,  11.5847, 304.7561,  35.0051
 39.7410,  11.5797, 304.5737,  35.0092
 39.7480,  11.5813, 304.2828,  35.0148
 39.7512,  11.5853, 304.1018,  35.0143
 39.7684,  11.5996, 304.1583,  35.0177
 39.7680,  11.6078, 304.3779,  35.0094
 39.7556,  11.6067, 304.5577,  34.9982
 39.7520,  11.5978, 304.5892,  35.0030
 39.7523,  11.5926, 304.4639,  35.0083
 39.7631,  11.5950, 304.2399,  35.0168
 39.7653,  11.6019, 304.0418,  35.0125
 39.7748,  11.6085, 303.9791,  35.0156
 39.7931,  11.6223, 304.1069,  35.0206
 39.7940,  11.6309, 304.3474,  35.0132
 39.7732,  11.6232, 304.5573,  35.0000
 39.7674,  11.6070, 304.6173,  35.0095
 39.7618,  11.5961, 304.5132,  35.0143
 39.7655,  11.5959, 304.3745,  35.0183
 39.7648,  11.5974, 304.3297,  35.0161
 39.7704,  11.6025, 304.3845,  35.0167
 39.7756,  11.6075, 304.5768,  35.0171
 39.7503,  11.5963, 305.0250,  35.0025
 39.7229,  11.5742, 305.6949,  34.9962
 39.6987,  11.5511, 306.5509,  34.9938
 39.6772,  11.5308, 307.5251,  34.9913
 39.6580,  11.5123, 308.4748,  34.9895
 39.6421,  11.4963, 309.2969,  34.9885
 39.6314,  11.4843, 310.0538,  34.9890
 39.6234,  11.4756, 310.8846,  34.9889
 39.6151,  11.4684, 311.8987,  34.9870
 39.6082,  11.4615, 313.0324,  34.9863
 39.6018,  11.4553, 314.1581,  34.9853
 39.5949,  11.4488, 315.2371,  34.9843
 39.5858,  11.4406, 316.2492,  34.9826
 39.5785,  11.4335, 317.1842,  34.9816
 39.5725,  11.4275, 318.0494,  34.9810
 39.5677,  11.4225, 318.9193,  34.9806
 39.5644,  11.4188, 319.8966,  34.9804
 39.5580,  11.4137, 321.0630,  34.9784
 39.5449,  11.4023, 322.3780,  34.9757
 39.5179,  11.3810, 323.6785,  34.9686
 39.4956,  11.3564, 324.7762,  34.9693
 39.4807,  11.3399, 325.6339,  34.9698
 39.4669,  11.3278, 326.3766,  34.9672
 39.4487,  11.3144, 327.2086,  34.9615
 39.4323,  11.2995, 328.2105,  34.9589
 39.4139,  11.2818, 329.3262,  34.9570
 39.3928,  11.2625, 330.4712,  34.9538
 39.3670,  11.2394, 331.5790,  34.9496
 39.3497,  11.2183, 332.3411,  34.9521
 39.3327,  11.2017, 332.8690,  34.9507
 39.3213,  11.1902, 333.2676,  34.9501
 39.3131,  11.1825, 333.5916,  34.9492
 39.3075,  11.1768, 333.8328,  34.9489
 39.3120,  11.1740, 333.9668,  34.9559
 39.3119,  11.1717, 334.0021,  34.9580
 39.3138,  11.1687, 333.9984,  34.9627
 39.3127,  11.1678, 334.0531,  34.9625
 39.3053,  11.1667, 334.2283,  34.9561
 39.2976,  11.1618, 334.4885,  34.9530
 39.2932,  11.1578, 334.7290,  34.9523
 39.2962,  11.1559, 334.8409,  34.9571
 39.2940,  11.1547, 334.7914,  34.9560
 39.2932,  11.1552, 334.5993,  34.9549
 39.2952,  11.1558, 334.3195,  34.9565
 39.2983,  11.1570, 334.1155,  34.9584
 39.2949,  11.1572, 334.1115,  34.9548
 39.2888,  11.1542, 334.3276,  34.9515
 39.2847,  11.1510, 334.6415,  34.9502
 39.2865,  11.1496, 334.8805,  34.9533
 39.2865,  11.1486, 334.9706,  34.9543
 39.2872,  11.1486, 334.9172,  34.9549
 39.2884,  11.1483, 334.7360,  34.9565
 39.2903,  11.1485, 334.4865,  34.9584
 39.2939,  11.1493, 334.2934,  34.9612
 39.2929,  11.1513, 334.2696,  34.9584
 39.2885,  11.1511, 334.4051,  34.9541
 39.2858,  11.1499, 334.5938,  34.9525
 39.2900,  11.1486, 334.7088,  34.9578
 39.2882,  11.1471, 334.6759,  34.9575
 39.2864,  11.1465, 334.5010,  34.9563
 39.2901,  11.1467, 334.3188,  34.9599
 39.2880,  11.1494, 334.3349,  34.9553
 39.2837,  11.1484, 334.5768,  34.9518
 39.2813,  11.1471, 334.8461,  34.9506
 39.2827,  11.1454, 334.9459,  34.9536
 39.2814,  11.1452, 334.8240,  34.9525
 39.2833,  11.1454, 334.5887,  34.9542
 39.2852,  11.1470, 334.4004,  34.9548
 39.2842,  11.1475, 334.3357,  34.9533
 39.2829,  11.1479, 334.3860,  34.9517
 39.2838,  11.1480, 334.4719,  34.9524
 39.2893,  11.1489, 334.5095,  34.9569
 39.2879,  11.1478, 334.4459,  34.9567
 39.2869,  11.1468, 334.3141,  34.9566
 39.2888,  11.1490, 334.2659,  34.9565
 39.2859,  11.1497, 334.4221,  34.9529
 39.2826,  11.1481, 334.7673,  34.9509
 39.2811,  11.1470, 335.0795,  34.9504
 39.2802,  11.1456, 335.1323,  34.9508
 39.2804,  11.1457, 334.9045,  34.9510
 39.2821,  11.1458, 334.4901,  34.9527
 39.2826,  11.1465, 334.1247,  34.9527
 39.2812,  11.1468, 334.1136,  34.9511
 39.2781,  11.1454, 334.4804,  34.9492
 39.2767,  11.1441, 334.9755,  34.9488
 39.2793,  11.1431, 335.3026,  34.9521
 39.2782,  11.1420, 335.3807,  34.9521
 39.2795,  11.1427, 335.3005,  34.9528
 39.2816,  11.1446, 335.2008,  34.9531
 39.2842,  11.1461, 335.0647,  34.9543
 39.2844,  11.1478, 334.8399,  34.9529
 39.2856,  11.1487, 334.8375,  34.9533
 39.2828,  11.1474, 335.1005,  34.9517
 39.2789,  11.1451, 335.6771,  34.9496
 39.2734,  11.1415, 336.5802,  34.9472
 39.2664,  11.1354, 337.7596,  34.9456
 39.2461,  11.1207, 339.0823,  34.9387
 39.2037,  11.0888, 340.2994,  34.9263
 39.1748,  11.0595, 341.2396,  34.9249
 39.1610,  11.0403, 341.9301,  34.9291
 39.1429,  11.0244, 342.3713,  34.9260
 39.1290,  11.0102, 342.8914,  34.9253
 39.1167,  10.9972, 343.7708,  34.9249
 39.1029,  10.9838, 344.9163,  34.9235
 39.0894,  10.9711, 346.0789,  34.9216
 39.0796,  10.9609, 347.0501,  34.9210
 39.0779,  10.9532, 347.8350,  34.9263
 39.0709,  10.9486, 348.5894,  34.9233
 39.0568,  10.9379, 349.5090,  34.9191
 39.0402,  10.9248, 350.6143,  34.9144
 39.0115,  10.9004, 351.7798,  34.9084
 38.9848,  10.8749, 352.8783,  34.9054
 38.9698,  10.8552, 353.8129,  34.9088
 38.9533,  10.8406, 354.6722,  34.9058
 38.9423,  10.8282, 355.2286,  34.9064
 38.9359,  10.8197, 355.5387,  34.9079
 38.9327,  10.8145, 355.6487,  34.9095
 38.9320,  10.8125, 355.6554,  34.9108
 38.9325,  10.8124, 355.6471,  34.9114
 38.9328,  10.8134, 355.6542,  34.9107
 38.9315,  10.8145, 355.7113,  34.9083
 38.9297,  10.8149, 355.8379,  34.9061
 38.9258,  10.8133, 356.0831,  34.9036
 38.9215,  10.8096, 356.3726,  34.9028
 38.9220,  10.8068, 356.5374,  34.9058
 38.9205,  10.8057, 356.4581,  34.9054
 38.9209,  10.8055, 356.2102,  34.9061
 38.9217,  10.8062, 356.1438,  34.9062
 38.9187,  10.8050, 356.1466,  34.9044
 38.9166,  10.8037, 356.2094,  34.9036
 38.9162,  10.8028, 356.2599,  34.9040
 38.9185,  10.8031, 356.2041,  34.9060
 38.9200,  10.8034, 356.0327,  34.9073
 38.9203,  10.8045, 355.6428,  34.9067
 38.9226,  10.8059, 355.1069,  34.9079
 38.9263,  10.8071, 354.4947,  34.9108
 38.9302,  10.8095, 353.7782,  34.9126
 38.9374,  10.8160, 352.9125,  34.9141
 38.9526,  10.8276, 351.8987,  34.9187
 38.9733,  10.8446, 350.7523,  34.9237
 38.9947,  10.8642, 349.5240,  34.9270
 39.0140,  10.8833, 348.3420,  34.9286
 39.0287,  10.8999, 347.3632,  34.9281
 39.0399,  10.9132, 346.6741,  34.9269
 39.0517,  10.9243, 346.1501,  34.9284
 39.0603,  10.9334, 345.5329,  34.9285
 39.0677,  10.9419, 344.9708,  34.9282
 39.0743,  10.9492, 344.4016,  34.9281
 39.0808,  10.9551, 343.9112,  34.9291
 39.0862,  10.9602, 343.5804,  34.9298
 39.0894,  10.9641, 343.4233,  34.9294
 39.0918,  10.9672, 343.4076,  34.9288
 39.0957,  10.9696, 343.4306,  34.9304
 39.1010,  10.9721, 343.4416,  34.9333
 39.1062,  10.9742, 343.4464,  34.9365
 39.1092,  10.9762, 343.4603,  34.9376
 39.1100,  10.9786, 343.5119,  34.9361
 39.1089,  10.9798, 343.5720,  34.9339
 39.1131,  10.9811, 343.5736,  34.9367
 39.1126,  10.9821, 343.5182,  34.9353
 39.1138,  10.9833, 343.4646,  34.9355
 39.1118,  10.9831, 343.4963,  34.9336
 39.1080,  10.9819, 343.6135,  34.9309
 39.1052,  10.9801, 343.7263,  34.9299
 39.1086,  10.9793, 343.7462,  34.9339
 39.1064,  10.9793, 343.6419,  34.9318
 39.1071,  10.9797, 343.4385,  34.9321
 39.1105,  10.9799, 343.2162,  34.9355
 39.1108,  10.9807, 343.0595,  34.9351
 39.1096,  10.9807, 342.9882,  34.9340
 39.1084,  10.9814, 342.9767,  34.9321
 39.1074,  10.9829, 343.0171,  34.9296
 39.1060,  10.9826, 343.1271,  34.9285
 39.1041,  10.9812, 343.3228,  34.9279
 39.1022,  10.9796, 343.5083,  34.9274
 39.1043,  10.9789, 343.5254,  34.9301
 39.1042,  10.9794, 343.2866,  34.9296
 39.1039,  10.9795, 342.8527,  34.9295
 39.1047,  10.9794, 342.4730,  34.9306
 39.1031,  10.9790, 342.4023,  34.9294
 39.1000,  10.9770, 342.6885,  34.9280
 39.0982,  10.9750, 343.0634,  34.9279
 39.0986,  10.9735, 343.2472,  34.9297
 39.0989,  10.9736, 343.1859,  34.9300
 39.1015,  10.9740, 343.0326,  34.9322
 39.1017,  10.9751, 342.9257,  34.9314
 39.1032,  10.9763, 342.8353,  34.9319
 39.1084,  10.9765, 342.7599,  34.9368
 39.1087,  10.9768, 342.7830,  34.9368
 39.1057,  10.9778, 342.9817,  34.9329
 39.1035,  10.9768, 343.2456,  34.9314
 39.1049,  10.9760, 343.3671,  34.9336
 39.1036,  10.9760, 343.2193,  34.9324
 39.1039,  10.9768, 342.8936,  34.9320
 39.1048,  10.9775, 342.5820,  34.9324
 39.1048,  10.9787, 342.4614,  34.9313
 39.1036,  10.9788, 342.5785,  34.9300
 39.1016,  10.9780, 342.8414,  34.9286
 39.1016,  10.9771, 343.0733,  34.9293
 39.1019,  10.9757, 343.1414,  34.9310
 39.1025,  10.9758, 343.0979,  34.9315
 39.1045,  10.9762, 343.0711,  34.9331
 39.1040,  10.9774, 343.1135,  34.9314
 39.1053,  10.9774, 343.1306,  34.9327
 39.1056,  10.9770, 343.0169,  34.9334
 39.1050,  10.9779, 342.7675,  34.9321
 39.1071,  10.9787, 342.4776,  34.9336
 39.1073,  10.9800, 342.3002,  34.9326
 39.1057,  10.9801, 342.3399,  34.9309
 39.1061,  10.9797, 342.3271,  34.9317
 39.1074,  10.9800, 342.2001,  34.9328
 39.1070,  10.9810, 341.8061,  34.9316
 39.1084,  10.9827, 341.0767,  34.9316
 39.1271,  10.9935, 340.0692,  34.9405
 39.1566,  11.0167, 338.9392,  34.9484
 39.1827,  11.0438, 337.8272,  34.9491
 39.2051,  11.0666, 336.7592,  34.9503
 39.2258,  11.0846, 335.7172,  34.9543
 39.2424,  11.1005, 334.9627,  34.9560
 39.2554,  11.1149, 334.5387,  34.9555
 39.2628,  11.1252, 334.4088,  34.9531
 39.2667,  11.1301, 334.4605,  34.9523
 39.2700,  11.1332, 334.5548,  34.9526
 39.2745,  11.1353, 334.5823,  34.9551
 39.2767,  11.1367, 334.5234,  34.9560
 39.2788,  11.1388, 334.3838,  34.9562
 39.2818,  11.1406, 334.2098,  34.9575
 39.2847,  11.1426, 334.1091,  34.9586
 39.2848,  11.1444, 334.1952,  34.9569
 39.2851,  11.1461, 334.3291,  34.9555
 39.2876,  11.1465, 334.3602,  34.9577
 39.2868,  11.1475, 334.2289,  34.9559
 39.2881,  11.1486, 334.0096,  34.9563
 39.2885,  11.1496, 333.8742,  34.9558
 39.2879,  11.1505, 333.9281,  34.9543
 39.2869,  11.1503, 334.1325,  34.9534
 39.2845,  11.1490, 334.3664,  34.9521
 39.2857,  11.1482, 334.5325,  34.9541
 39.2877,  11.1469, 334.6027,  34.9572
 39.2863,  11.1464, 334.4884,  34.9563
 39.2859,  11.1471, 334.1641,  34.9554
 39.2872,  11.1483, 333.7349,  34.9558
 39.2873,  11.1494, 333.4365,  34.9550
 39.2888,  11.1511, 333.3995,  34.9548
 39.2879,  11.1516, 333.5804,  34.9533
 39.2862,  11.1502, 333.8568,  34.9529
 39.2853,  11.1488, 334.1301,  34.9532
 39.2881,  11.1476, 334.3120,  34.9571
 39.2871,  11.1470, 334.3262,  34.9567
 39.2875,  11.1475, 334.1862,  34.9566
 39.2888,  11.1486, 333.9374,  34.9570
 39.2916,  11.1499, 333.6616,  34.9587
 39.2927,  11.1515, 333.4484,  34.9584
 39.2933,  11.1523, 333.3103,  34.9582
 39.2950,  11.1545, 333.2841,  34.9579
 39.2977,  11.1568, 333.3452,  34.9583
 39.2996,  11.1594, 333.4177,  34.9577
 39.3039,  11.1621, 333.4465,  34.9595
 39.3055,  11.1642, 333.4223,  34.9590
 39.3084,  11.1659, 333.3722,  34.9603
 39.3116,  11.1668, 333.2680,  34.9627
 39.3115,  11.1679, 333.0760,  34.9616
 39.3138,  11.1708, 332.8244,  34.9613
 39.3175,  11.1740, 332.5733,  34.9620
 39.3189,  11.1759, 332.3532,  34.9618
 39.3212,  11.1791, 332.2140,  34.9610
 39.3250,  11.1831, 332.0916,  34.9610
 39.3327,  11.1897, 331.7481,  34.9626
 39.3426,  11.1990, 331.0134,  34.9640
 39.3570,  11.2114, 329.8906,  34.9669
 39.3719,  11.2255, 328.6234,  34.9689
 39.3864,  11.2388, 327.5352,  34.9712
 39.4002,  11.2511, 326.7346,  34.9736
 39.4124,  11.2619, 326.0941,  34.9758
 39.4247,  11.2727, 325.3780,  34.9780
 39.4426,  11.2881, 324.4610,  34.9815
 39.4640,  11.3068, 323.3810,  34.9856
 39.4872,  11.3275, 322.2410,  34.9894
 39.5080,  11.3487, 321.0999,  34.9905
 39.5258,  11.3666, 319.9968,  34.9915
 39.5394,  11.3807, 318.9478,  34.9922
 39.5503,  11.3916, 317.9440,  34.9931
 39.5590,  11.4006, 316.9451,  34.9937
 39.5669,  11.4087, 315.9620,  34.9942
 39.5747,  11.4159, 314.9995,  34.9955
 39.5826,  11.4229, 314.0379,  34.9970
 39.5895,  11.4305, 313.0335,  34.9972
 39.5955,  11.4372, 311.9948,  34.9972
 39.6008,  11.4425, 310.9559,  34.9979
 39.6068,  11.4480, 309.8837,  34.9990
 39.6152,  11.4549, 308.7546,  35.0014
 39.6249,  11.4637, 307.6121,  35.0031
 39.6338,  11.4734, 306.5594,  35.0032
 39.6429,  11.4851, 305.6021,  35.0015
 39.6800,  11.5043, 304.6776,  35.0203
 39.7248,  11.5404, 303.7635,  35.0308
 39.7645,  11.5802, 303.0409,  35.0326
 39.8008,  11.6159, 302.5252,  35.0349
 39.8285,  11.6475, 302.0098,  35.0325
 39.8505,  11.6706, 301.4575,  35.0326
 39.8647,  11.6869, 301.0240,  35.0313
 39.8759,  11.6978, 300.8915,  35.0321
 39.8844,  11.7064, 301.0404,  35.0323
 39.8893,  11.7120, 301.2207,  35.0318
 39.8932,  11.7152, 301.3320,  35.0325
 39.8958,  11.7168, 301.3294,  35.0335
 39.8979,  11.7184, 301.2261,  35.0342
 39.8995,  11.7198, 301.0372,  35.0344
 39.9014,  11.7212, 300.7749,  35.0352
 39.9032,  11.7224, 300.4895,  35.0358
 39.9036,  11.7237, 300.2843,  35.0352
 39.9034,  11.7245, 300.2966,  35.0342
 39.9038,  11.7252, 300.5068,  35.0339
 39.9033,  11.7255, 300.7822,  35.0330
 39.9043,  11.7254, 300.8870,  35.0340
 39.9042,  11.7255, 300.7031,  35.0339
 39.9045,  11.7260, 300.3149,  35.0338
 39.9046,  11.7265, 299.9664,  35.0337
 39.9054,  11.7274, 299.8579,  35.0337
 39.9076,  11.7291, 299.9975,  35.0342
 39.9067,  11.7289, 300.2295,  35.0333
 39.9074,  11.7287, 300.3830,  35.0341
 39.9071,  11.7285, 300.3622,  35.0340
 39.9072,  11.7286, 300.1598,  35.0341
 39.9082,  11.7292, 299.8856,  35.0347
 39.9082,  11.7298, 299.7240,  35.0343
 39.9116,  11.7311, 299.7347,  35.0363
 39.9141,  11.7337, 299.7914,  35.0362
 39.9165,  11.7356, 299.7533,  35.0368
 39.9180,  11.7373, 299.6355,  35.0368
 39.9179,  11.7381, 299.5838,  35.0360
 39.9190,  11.7388, 299.6564,  35.0363
 39.9189,  11.7392, 299.7749,  35.0358
 39.9202,  11.7394, 299.7867,  35.0369
 39.9199,  11.7394, 299.6706,  35.0366
 39.9211,  11.7397, 299.4916,  35.0375
 39.9231,  11.7403, 299.2678,  35.0391
 39.9279,  11.7439, 298.9944,  35.0406
 39.9337,  11.7488, 298.7434,  35.0417
 39.9371,  11.7526, 298.7004,  35.0415
 39.9449,  11.7599, 298.9525,  35.0422
 39.9382,  11.7592, 299.3685,  35.0361
 39.9339,  11.7539, 299.6556,  35.0367
 39.9299,  11.7499, 299.5961,  35.0366
 39.9277,  11.7476, 299.2346,  35.0368
 39.9289,  11.7486, 298.8225,  35.0371
 39.9332,  11.7520, 298.5763,  35.0383
 39.9427,  11.7589, 298.5439,  35.0411
 39.9506,  11.7662, 298.6163,  35.0420
 39.9555,  11.7714, 298.6889,  35.0419
 39.9600,  11.7751, 298.7068,  35.0428
 39.9639,  11.7776, 298.6276,  35.0442
 39.9656,  11.7792, 298.5013,  35.0444
 39.9659,  11.7803, 298.4314,  35.0437
 39.9666,  11.7811, 298.4846,  35.0436
 39.9666,  11.7819, 298.6592,  35.0429
 39.9653,  11.7814, 298.7899,  35.0419
 39.9643,  11.7808, 298.6732,  35.0416
 39.9649,  11.7808, 298.2484,  35.0423
 39.9708,  11.7832, 297.6355,  35.0461
 39.9769,  11.7909, 297.1059,  35.0451
 39.9990,  11.8059, 296.9628,  35.0527
 40.0068,  11.8217, 297.2685,  35.0454
 40.0018,  11.8208, 297.7595,  35.0410
 39.9972,  11.8121, 298.0222,  35.0447
 39.9898,  11.8041, 297.8773,  35.0450
 39.9872,  11.8004, 297.5415,  35.0460
 39.9877,  11.7997, 297.3085,  35.0472
 39.9983,  11.8060, 297.2484,  35.0518
 40.0101,  11.8165, 297.2741,  35.0535
 40.0175,  11.8245, 297.0193,  35.0533
 40.0298,  11.8341, 296.3375,  35.0566
 40.0488,  11.8504, 295.4358,  35.0602
 40.0658,  11.8677, 294.6010,  35.0609
 40.0817,  11.8823, 293.9482,  35.0630
 40.0966,  11.8952, 293.3839,  35.0657
 40.1157,  11.9120, 292.6858,  35.0689
 40.1361,  11.9304, 291.7283,  35.0719
 40.1665,  11.9541, 290.5266,  35.0798
 40.1943,  11.9808, 289.2900,  35.0824
 40.2146,  12.0022, 288.2916,  35.0826
 40.2328,  12.0205, 287.5864,  35.0834
 40.2527,  12.0348, 286.9462,  35.0897
 40.2792,  12.0578, 286.1110,  35.0941
 40.3065,  12.0828, 284.9700,  35.0977
 40.3372,  12.1095, 283.6129,  35.1032
 40.3645,  12.1385, 282.2794,  35.1031
 40.3884,  12.1621, 281.1806,  35.1046
 40.4089,  12.1810, 280.4090,  35.1072
 40.4228,  12.1949, 279.8282,  35.1078
 40.4330,  12.2051, 279.1710,  35.1085
 40.4408,  12.2136, 278.2675,  35.1085
 40.4475,  12.2207, 277.1512,  35.1088
 40.4535,  12.2269, 275.9828,  35.1093
 40.4584,  12.2325, 274.9193,  35.1092
 40.4625,  12.2369, 274.0174,  35.1095
 40.4672,  12.2412, 273.1954,  35.1104
 40.4749,  12.2485, 272.3248,  35.1115
 40.4919,  12.2600, 271.3455,  35.1175
 40.5113,  12.2774, 270.2635,  35.1205
 40.5282,  12.2939, 269.1512,  35.1219
 40.5416,  12.3081, 268.1154,  35.1221
 40.5526,  12.3189, 267.1749,  35.1230
 40.5623,  12.3288, 266.3186,  35.1235
 40.5712,  12.3370, 265.5103,  35.1248
 40.5808,  12.3461, 264.6914,  35.1259
 40.5919,  12.3567, 263.8201,  35.1271
 40.6103,  12.3686, 262.8503,  35.1342
 40.6440,  12.3955, 261.7671,  35.1420
 40.6755,  12.4255, 260.6235,  35.1449
 40.7133,  12.4585, 259.5137,  35.1510
 40.7439,  12.4897, 258.5105,  35.1519
 40.7706,  12.5153, 257.6061,  35.1540
 40.7969,  12.5394, 256.7464,  35.1572
 40.8205,  12.5612, 255.8940,  35.1599
 40.8409,  12.5803, 255.0490,  35.1621
 40.8580,  12.5961, 254.1911,  35.1642
 40.8728,  12.6102, 253.2678,  35.1658
 40.8863,  12.6223, 252.2334,  35.1678
 40.9070,  12.6387, 251.0935,  35.1729
 40.9335,  12.6615, 249.9586,  35.1776
 40.9549,  12.6831, 248.9730,  35.1784
 40.9708,  12.6991, 248.1804,  35.1790
 40.9884,  12.7116, 247.4816,  35.1847
 41.0053,  12.7274, 246.6962,  35.1865
 41.0275,  12.7474, 245.7039,  35.1896
 41.0512,  12.7685, 244.5116,  35.1931
 41.0717,  12.7892, 243.2494,  35.1939
 41.0895,  12.8071, 242.1021,  35.1949
 41.1042,  12.8202, 241.2422,  35.1972
 41.1160,  12.8302, 240.6424,  35.1993
 41.1242,  12.8382, 240.0853,  35.2000
 41.1329,  12.8467, 239.3264,  35.2008
 41.1442,  12.8564, 238.3259,  35.2029
 41.1639,  12.8723, 237.1890,  35.2075
 41.1845,  12.8917, 236.0058,  35.2096
 41.2057,  12.9130, 234.8698,  35.2106
 41.2270,  12.9347, 233.8740,  35.2112
 41.2454,  12.9530, 233.0899,  35.2120
 41.2639,  12.9668, 232.4574,  35.2172
 41.2816,  12.9832, 231.7617,  35.2191
 41.2993,  13.0014, 230.8353,  35.2195
 41.3157,  13.0180, 229.7525,  35.2202
 41.3275,  13.0313, 228.6926,  35.2195
 41.3353,  13.0407, 227.7565,  35.2186
 41.3419,  13.0473, 226.9067,  35.2191
 41.3472,  13.0534, 226.0328,  35.2188
 41.3528,  13.0596, 225.0477,  35.2188
 41.3654,  13.0691, 224.0033,  35.2224
 41.3787,  13.0832, 222.9857,  35.2225
 41.3914,  13.0961, 222.0766,  35.2230
 41.4049,  13.1086, 221.2677,  35.2246
 41.4158,  13.1198, 220.4634,  35.2249
 41.4314,  13.1339, 219.5309,  35.2270
 41.4570,  13.1532, 218.4480,  35.2339
 41.4918,  13.1812, 217.3369,  35.2415
 41.5221,  13.2107, 216.3729,  35.2433
 41.5480,  13.2340, 215.6773,  35.2467
 41.5671,  13.2535, 215.1033,  35.2469
 41.5964,  13.2757, 214.3399,  35.2545
 41.6293,  13.3024, 213.1978,  35.2614
 41.6661,  13.3361, 211.8215,  35.2657
 41.6951,  13.3658, 210.5740,  35.2661
 41.7198,  13.3887, 209.7411,  35.2686
 41.7518,  13.4126, 209.2147,  35.2770
 41.7733,  13.4327, 208.6424,  35.2789
 41.8038,  13.4591, 207.7429,  35.2837
 41.8347,  13.4876, 206.5893,  35.2870
 41.8580,  13.5121, 205.4840,  35.2869
 41.8785,  13.5295, 204.5985,  35.2905
 41.8919,  13.5429, 203.8772,  35.2910
 41.9052,  13.5544, 203.1039,  35.2933
 41.9237,  13.5701, 202.1418,  35.2965
 41.9501,  13.5908, 201.0188,  35.3028
 41.9849,  13.6207, 199.8967,  35.3084
 42.0147,  13.6487, 198.9064,  35.3110
 42.0405,  13.6706, 198.0713,  35.3154
 42.0617,  13.6870, 197.3248,  35.3205
 42.0768,  13.7000, 196.5602,  35.3231
 42.0951,  13.7174, 195.6725,  35.3245
 42.1127,  13.7345, 194.6612,  35.3257
 42.1324,  13.7524, 193.5768,  35.3281
 42.1595,  13.7754, 192.4515,  35.3328
 42.1833,  13.7996, 191.3914,  35.3333
 42.2033,  13.8196, 190.4599,  35.3341
 42.2242,  13.8352, 189.6905,  35.3396
 42.2405,  13.8492, 189.0100,  35.3422
 42.2510,  13.8622, 188.2580,  35.3404
 42.2644,  13.8750, 187.3094,  35.3415
 42.2747,  13.8856, 186.1744,  35.3419
 42.2863,  13.8967, 184.9686,  35.3430
 42.2960,  13.9071, 183.8872,  35.3430
 42.3067,  13.9149, 183.0115,  35.3463
 42.3174,  13.9233, 182.1965,  35.3489
 42.3308,  13.9358, 181.3044,  35.3503
 42.3444,  13.9490, 180.3120,  35.3511
 42.3557,  13.9609, 179.3186,  35.3512
 42.3628,  13.9699, 178.4286,  35.3499
 42.3684,  13.9758, 177.6152,  35.3501
 42.3736,  13.9812, 176.7315,  35.3504
 42.3790,  13.9864, 175.7070,  35.3510
 42.3832,  13.9905, 174.6151,  35.3516
 42.3886,  13.9957, 173.5273,  35.3524
 42.3979,  14.0057, 172.5293,  35.3523
 42.4144,  14.0194, 171.6568,  35.3554
 42.4436,  14.0360, 170.8473,  35.3678
 42.4876,  14.0697, 169.9398,  35.3781
 42.5353,  14.1142, 168.8276,  35.3821
 42.5773,  14.1540, 167.5877,  35.3853
 42.6077,  14.1861, 166.4314,  35.3846
 42.6327,  14.2086, 165.5638,  35.3875
 42.6488,  14.2251, 164.9686,  35.3876
 42.6628,  14.2365, 164.4216,  35.3903
 42.6764,  14.2488, 163.6349,  35.3920
 42.6890,  14.2614, 162.4689,  35.3927
 42.7065,  14.2766, 161.0639,  35.3956
 42.7204,  14.2917, 159.6894,  35.3952
 42.7322,  14.3035, 158.5556,  35.3958
 42.7429,  14.3125, 157.6639,  35.3978
 42.7512,  14.3200, 156.8958,  35.3989
 42.7608,  14.3294, 156.1111,  35.3995
 42.7723,  14.3404, 155.2871,  35.4005
 42.7845,  14.3521, 154.4432,  35.4015
 42.7976,  14.3645, 153.5448,  35.4026
 42.8130,  14.3781, 152.5054,  35.4049
 42.8286,  14.3918, 151.3113,  35.4072
 42.8425,  14.4051, 150.1087,  35.4084
 42.8537,  14.4170, 149.0200,  35.4084
 42.8662,  14.4298, 148.0498,  35.4086
 42.8970,  14.4517, 147.1425,  35.4174
 42.9331,  14.4823, 146.2746,  35.4231
 42.9640,  14.5107, 145.4599,  35.4261
 42.9957,  14.5380, 144.6485,  35.4307
 43.0356,  14.5704, 143.7292,  35.4382
 43.0766,  14.6070, 142.6005,  35.4431
 43.1171,  14.6427, 141.2437,  35.4484
 43.1493,  14.6747, 139.8522,  35.4493
 43.1732,  14.6991, 138.6583,  35.4495
 43.1921,  14.7163, 137.7700,  35.4517
 43.2054,  14.7302, 137.1190,  35.4514
 43.2187,  14.7423, 136.4765,  35.4528
 43.2319,  14.7544, 135.6413,  35.4543
 43.2518,  14.7693, 134.5425,  35.4594
 43.2775,  14.7903, 133.3014,  35.4644
 43.2986,  14.8128, 132.1636,  35.4638
 43.3211,  14.8312, 131.2599,  35.4679
 43.3406,  14.8473, 130.4567,  35.4715
 43.3690,  14.8689, 129.5138,  35.4782
 43.3945,  14.8930, 128.3087,  35.4802
 43.4146,  14.9131, 126.9266,  35.4808
 43.4307,  14.9325, 125.5897,  35.4783
 43.4670,  14.9542, 124.4970,  35.4924
 43.5071,  14.9817, 123.6963,  35.5043
 43.5453,  15.0144, 123.0903,  35.5097
 43.5978,  15.0531, 122.4800,  35.5227
 43.6480,  15.0974, 121.6677,  35.5286
 43.7088,  15.1448, 120.5647,  35.5414
 43.7839,  15.2020, 119.2362,  35.5583
 43.8828,  15.2858, 117.8657,  35.5727
 43.9766,  15.3737, 116.6609,  35.5785
 44.0708,  15.4474, 115.6757,  35.5975
 44.1421,  15.5091, 114.8053,  35.6064
 44.2289,  15.5777, 113.8998,  35.6231
 44.3118,  15.6492, 112.8683,  35.6336
 44.3858,  15.7146, 111.7455,  35.6416
 44.4381,  15.7696, 110.6491,  35.6394
 44.4758,  15.8173, 109.6538,  35.6306
 44.5139,  15.8598, 108.7671,  35.6269
 44.5545,  15.8947, 107.9400,  35.6322
 44.6059,  15.9301, 107.0297,  35.6467
 44.6553,  15.9665, 105.9340,  35.6586
 44.7001,  16.0007, 104.7210,  35.6683
 44.7471,  16.0450, 103.5552,  35.6709
 44.7957,  16.0905, 102.5103,  35.6739
 44.8446,  16.1336, 101.5335,  35.6791
 44.9123,  16.1833, 100.5236,  35.6952
 44.9748,  16.2338,  99.4695,  35.7059
 45.0408,  16.2832,  98.4104,  35.7206
 45.1070,  16.3354,  97.3257,  35.7330
 45.1656,  16.3873,  96.2019,  35.7390
 45.2144,  16.4319,  95.0828,  35.7427
 45.2445,  16.4681,  94.1120,  35.7374
 45.2737,  16.4911,  93.3627,  35.7429
 45.2935,  16.5093,  92.7157,  35.7444
 45.3215,  16.5281,  91.9200,  35.7526
 45.3528,  16.5532,  90.8149,  35.7583
 45.3879,  16.5824,  89.4277,  35.7637
 45.4237,  16.6140,  87.8891,  35.7676
 45.4524,  16.6436,  86.3539,  35.7671
 45.4742,  16.6656,  85.0119,  35.7672
 45.4920,  16.6798,  84.0175,  35.7707
 45.5059,  16.6907,  83.4024,  35.7733
 45.5152,  16.6978,  82.9845,  35.7754
 45.5224,  16.7050,  82.4927,  35.7755
 45.5272,  16.7100,  81.7678,  35.7755
 45.5322,  16.7142,  80.7320,  35.7766
 45.5525,  16.7270,  79.3412,  35.7836
 45.6133,  16.7687,  77.7064,  35.8005
 45.6745,  16.8260,  76.0638,  35.8039
 45.7363,  16.8790,  74.6465,  35.8114
 45.8156,  16.9294,  73.5711,  35.8365
 45.8865,  16.9860,  72.7602,  35.8484
 45.9600,  17.0395,  72.0327,  35.8654
 46.0175,  17.0940,  71.2878,  35.8674
 46.0582,  17.1381,  70.5380,  35.8640
 46.0971,  17.1716,  69.7561,  35.8685
 46.1429,  17.2090,  68.8597,  35.8755
 46.2241,  17.2617,  67.7509,  35.8998
 46.3108,  17.3343,  66.4077,  35.9113
 46.3947,  17.4088,  64.9231,  35.9186
 46.4759,  17.4877,  63.4813,  35.9197
 46.5671,  17.5656,  62.2703,  35.9301
 46.6879,  17.6512,  61.3464,  35.9591
 46.7830,  17.7329,  60.5539,  35.9692
 46.9321,  17.8318,  59.7126,  36.0105
 47.0600,  17.9484,  58.7643,  36.0179
 47.1864,  18.0547,  57.7361,  36.0329
 47.2975,  18.1554,  56.7189,  36.0396
 47.3837,  18.2458,  55.7781,  36.0340
 47.5077,  18.3272,  54.8393,  36.0685
 47.7735,  18.4918,  53.7647,  36.1504
 48.0671,  18.7059,  52.5402,  36.2116
 48.3971,  18.9558,  51.2543,  36.2714
 48.7164,  19.2533,  50.0342,  36.2796
 49.0202,  19.5588,  48.9183,  36.2673
 49.4502,  19.8401,  47.8420,  36.3800
 49.8620,  20.1564,  46.7815,  36.4458
 50.1961,  20.4460,  45.7958,  36.4697
 50.4474,  20.6794,  44.9513,  36.4739
 50.7867,  20.9237,  44.1964,  36.5396
 51.1222,  21.1859,  43.3847,  36.5860
 51.3935,  21.4228,  42.3376,  36.6019
 51.6159,  21.6158,  41.0273,  36.6157
 51.7830,  21.7769,  39.6555,  36.6124
 51.8989,  21.9105,  38.4488,  36.5916
 52.0414,  22.0119,  37.4750,  36.6190
 52.3015,  22.1789,  36.6545,  36.6836
 52.5699,  22.4220,  35.7674,  36.6901
 52.7607,  22.6524,  34.6598,  36.6462
 52.9070,  22.8383,  33.4082,  36.6050
 53.0073,  22.9859,  32.2287,  36.5602
 53.0787,  23.0828,  31.2684,  36.5352
 53.1161,  23.1511,  30.4205,  36.5076
 53.1478,  23.2043,  29.4841,  36.4884
 53.1598,  23.2419,  28.3378,  36.4668
 53.1562,  23.2629,  27.0732,  36.4471
 53.1416,  23.2726,  25.8043,  36.4283
 53.1206,  23.2731,  24.6709,  36.4120
 53.1041,  23.2710,  23.6930,  36.4014
 53.0779,  23.2669,  22.9339,  36.3848
 53.0743,  23.2595,  22.4602,  36.3882
 53.0687,  23.2561,  22.0923,  36.3868
 53.0647,  23.2532,  21.7808,  36.3863
 53.0559,  23.2501,  21.5325,  36.3822
 53.0602,  23.2446,  21.4787,  36.3900
 53.0657,  23.2455,  21.5154,  36.3935
 53.0594,  23.2460,  21.4790,  36.3883
 53.0570,  23.2474,  21.3483,  36.3853
 53.0584,  23.2462,  21.2327,  36.3874
 53.0633,  23.2432,  21.2236,  36.3937
 53.0726,  23.2457,  21.3216,  36.3987
 53.0783,  23.2489,  21.4253,  36.4005
 53.0737,  23.2520,  21.4615,  36.3943
 53.0649,  23.2519,  21.4178,  36.3876
 53.0660,  23.2475,  21.3725,  36.3922
 53.0700,  23.2433,  21.4135,  36.3987
 53.0773,  23.2467,  21.5687,  36.4015
 53.0837,  23.2507,  21.7372,  36.4031
 53.0787,  23.2542,  21.7792,  36.3962
 53.0781,  23.2557,  21.6314,  36.3947
 53.0746,  23.2583,  21.3622,  36.3899
 53.0738,  23.2579,  21.1295,  36.3897
 53.0716,  23.2549,  21.0469,  36.3904
 53.0786,  23.2551,  21.1646,  36.3956
 53.0876,  23.2593,  21.3943,  36.3990
 53.0917,  23.2626,  21.5941,  36.3994
 53.0876,  23.2655,  21.6757,  36.3938
 53.0823,  23.2645,  21.6800,  36.3906
 53.0782,  23.2609,  21.6559,  36.3903
 53.0657,  23.2614,  21.6391,  36.3803
 53.0686,  23.2640,  21.6102,  36.3804
 53.0723,  23.2658,  21.5241,  36.3819
 53.0725,  23.2666,  21.3572,  36.3814
 53.0632,  23.2652,  21.1720,  36.3754
 53.0634,  23.2595,  21.0792,  36.3803
 53.0701,  23.2547,  21.1338,  36.3894
 53.0772,  23.2560,  21.3279,  36.3937
 53.0820,  23.2578,  21.5630,  36.3959
 53.0828,  23.2589,  21.7585,  36.3955
 53.0779,  23.2610,  21.8496,  36.3900
 53.0713,  23.2611,  21.7906,  36.3849
 53.0641,  23.2594,  21.5803,  36.3808
 53.0596,  23.2573,  21.3183,  36.3791
 53.0610,  23.2541,  21.1580,  36.3828
 53.0627,  23.2509,  21.1627,  36.3868
 53.0662,  23.2505,  21.2755,  36.3899
 53.0662,  23.2518,  21.3813,  36.3888
 53.0648,  23.2556,  21.4246,  36.3844
 53.0615,  23.2573,  21.3911,  36.3806
 53.0603,  23.2574,  21.3086,  36.3796
 53.0575,  23.2555,  21.2319,  36.3790
 53.0490,  23.2574,  21.2323,  36.3709
 53.0582,  23.2518,  21.2677,  36.3825
 53.0573,  23.2498,  21.1848,  36.3836
 53.0642,  23.2516,  20.9061,  36.3875
 53.0667,  23.2561,  20.5729,  36.3858
 53.0711,  23.2575,  20.4145,  36.3881
 53.0769,  23.2595,  20.5055,  36.3909
 53.0798,  23.2617,  20.6418,  36.3913
 53.0773,  23.2627,  20.6702,  36.3885
 53.0756,  23.2643,  20.5708,  36.3859
 53.0765,  23.2642,  20.4293,  36.3867
 53.0805,  23.2632,  20.3404,  36.3906
 53.0838,  23.2618,  20.3203,  36.3944
 53.0874,  23.2606,  20.3131,  36.3982
 53.0878,  23.2642,  20.1883,  36.3956
 53.0893,  23.2673,  19.9175,  36.3942
 53.0827,  23.2690,  19.6507,  36.3878
 53.0832,  23.2663,  19.6222,  36.3905
 53.0881,  23.2676,  19.8762,  36.3931
 53.0912,  23.2689,  20.1808,  36.3943
 53.0855,  23.2691,  20.1763,  36.3897
 53.0809,  23.2677,  19.7283,  36.3875
 53.0746,  23.2662,  18.9638,  36.3841
 53.0645,  23.2635,  18.1221,  36.3789
 53.0534,  23.2599,  17.3384,  36.3735
 53.0438,  23.2550,  16.5893,  36.3704
 53.0403,  23.2515,  15.7425,  36.3710
 53.0396,  23.2505,  14.7580,  36.3716
 53.0391,  23.2505,  13.6856,  36.3715
 53.0360,  23.2502,  12.6420,  36.3697
 53.0325,  23.2497,  11.6693,  36.3678
 53.0299,  23.2492,  10.7530,  36.3665
 53.0284,  23.2490,   9.8073,  36.3658
 53.0284,  23.2491,   8.7479,  36.3661
 53.0276,  23.2487,   7.5905,  36.3662
 53.0255,  23.2492,   6.4041,  36.3645
 53.0170,  23.2499,   5.2697,  36.3578
 53.0163,  23.2491,   4.1564,  36.3583
 53.0149,  23.2494,   3.0213,  36.3574
 53.0073,  23.2488,   2.1569,  36.3523
 35.9189,  23.2001,   1.5806,  23.5749
 23.9910,  23.1352,   1.1999,  15.1458
 16.0318,  23.0541,   0.9459,   9.7808
 10.6907,  22.9571,   0.7745,   6.3250
  7.1898,  22.8375,   0.6602,   4.1416
  4.8287,  22.7148,   0.5845,   2.7150
  3.2566,  22.5945,   0.5327,   1.7921
  2.2187,  22.5171,   0.5001,   1.1973
  1.5539,  22.4419,   0.4738,   0.8252
  1.0788,  22.3108,   0.4610,   0.5655
  0.8018,  22.1157,   0.4506,   0.4175
  0.5875,  21.9006,   0.4503,   0.3044
