NaN NaN NaN NaN NaN NaN NaN NaN NaN NaN 1.3512 1.4354 1.4031 1.4453 1.4425 1.3838 1.3481 1.3432 1.3551 1.374 1.3927 1.4008 1.4103 1.4212 1.4238 1.4334 1.4372 1.4467 1.453 1.4573 1.4632 1.4687 1.4798 1.4924 1.5041 1.5103 1.5147
NaN NaN NaN NaN NaN NaN NaN NaN NaN NaN NaN NaN NaN NaN 1.4381 1.3668 1.3275 1.3302 1.3478 1.3663 1.384 1.3945 1.4059 1.4162 1.4193 1.4282 1.4326 1.4411 1.4473 1.4509 1.457 1.461 1.4725 1.4871 1.4972 1.5032 1.5073
NaN NaN NaN NaN NaN NaN NaN NaN 0.38301 0.35255 0.33318 0.30792 0.27564 0.24645 1.4482 1.3383 1.3177 1.3251 1.3441 1.3617 1.378 1.3893 1.4008 1.4086 1.4147 1.422 1.4266 1.4346 1.441 1.4442 1.4489 1.4522 1.4648 1.48 1.4888 1.4948 1.4981
NaN NaN NaN NaN NaN NaN NaN NaN 0.69395 0.73641 0.7837 0.84963 0.94293 1.0995 1.3804 1.2645 1.2975 1.317 1.3374 1.3538 1.3709 1.3812 1.393 1.4007 1.4074 1.4149 1.4203 1.4276 1.4338 1.4379 1.4413 1.4454 1.4589 1.4715 1.479 1.4846 1.4884
NaN NaN NaN NaN NaN NaN NaN NaN 0.87973 0.91181 0.9471 0.9967 1.0708 1.1705 1.2826 1.2092 1.2759 1.3033 1.3255 1.3438 1.3603 1.3718 1.3831 1.3912 1.3981 1.4054 1.4108 1.4176 1.424 1.4278 1.4299 1.4353 1.4472 1.4622 1.47 1.4752 1.4796
NaN NaN NaN NaN NaN NaN NaN NaN 0.89377 0.92048 0.96088 1.0156 1.0867 1.16 1.2206 1.1852 1.255 1.2859 1.311 1.3313 1.3482 1.3602 1.3715 1.3799 1.3877 1.3948 1.4012 1.4076 1.4134 1.4185 1.421 1.427 1.4389 1.4533 1.4608 1.4664 1.4698
NaN NaN NaN NaN NaN NaN NaN NaN 0.92111 0.94656 0.9889 1.0441 1.1005 1.1492 1.1857 1.1755 1.239 1.2669 1.2937 1.3169 1.3349 1.3484 1.361 1.3706 1.3798 1.387 1.3938 1.4018 1.4082 1.4138 1.418 1.4257 1.434 1.4471 1.4534 1.4585 1.4616
NaN NaN NaN NaN NaN NaN NaN NaN 0.92717 0.96147 1.0054 1.0539 1.0963 1.1329 1.1647 1.1738 1.2281 1.2554 1.2784 1.2985 1.3157 1.3281 1.3394 1.3476 1.3556 1.3716 1.3755 1.3488 1.3982 1.4049 1.4085 1.4185 1.4292 1.4394 1.4461 1.4507 1.4535
NaN NaN NaN NaN NaN NaN NaN NaN 0.9271 0.97982 1.0196 1.0591 1.0923 1.1232 1.1548 1.1745 1.2205 1.247 1.2713 1.2923 1.31 1.3286 1.3428 1.357 1.3743 1.3984 1.414 1.3822 1.3975 1.4016 1.4056 1.4165 1.4247 1.4356 1.4437 1.4395 1.4492
NaN NaN NaN NaN NaN NaN NaN NaN NaN 1.0136 1.0436 1.0721 1.0962 1.1227 1.1532 1.1788 1.2174 1.2393 1.2628 1.2829 1.3023 1.3221 1.3383 1.3527 1.3689 1.3875 1.3945 1.368 1.3918 1.3974 1.4017 1.4129 1.4215 1.4317 1.4409 1.4339 1.4442
NaN NaN NaN NaN NaN NaN NaN NaN NaN 1.0349 1.0647 1.075 1.0908 1.1189 1.1526 1.1831 1.2192 1.2405 1.2598 1.2793 1.3011 1.3214 1.3367 1.3513 1.3656 1.3804 1.3849 1.3648 1.3884 1.3948 1.401 1.4114 1.4198 1.4301 1.4377 1.4355 1.4404
NaN NaN NaN NaN NaN NaN NaN NaN NaN NaN 1.0619 1.066 1.0827 1.1208 1.1565 1.1885 1.2211 1.2401 1.2588 1.2794 1.2988 1.3175 1.3327 1.3453 1.3599 1.3726 1.3764 1.3627 1.385 1.3917 1.4 1.4092 1.4178 1.4265 1.4318 1.4299 1.4346
NaN NaN NaN NaN NaN NaN NaN NaN NaN NaN NaN 1.0707 1.0876 1.1272 1.1631 1.1932 1.2199 1.2365 1.2566 1.2773 1.2967 1.314 1.3295 1.342 1.3551 1.3671 1.3708 1.3623 1.3818 1.3888 1.3973 1.4059 1.4135 1.4221 1.4248 1.4236 1.4279
NaN NaN NaN NaN NaN NaN NaN NaN NaN NaN NaN 1.0746 1.0944 1.1259 1.1569 1.1844 1.2094 1.226 1.2463 1.2716 1.2928 1.3088 1.3241 1.3364 1.349 1.3603 1.3651 1.3595 1.3773 1.3845 1.3942 1.4017 1.4082 1.415 1.4175 1.4176 1.4205
NaN NaN NaN NaN NaN NaN NaN NaN NaN NaN NaN NaN 1.0786 1.1204 1.1338 1.167 1.1972 1.2181 1.2405 1.2652 1.2867 1.3025 1.3179 1.3298 1.3431 1.3543 1.3596 1.3578 1.3726 1.3802 1.3899 1.3975 1.4039 1.4089 1.4107 1.4103 1.4112
NaN NaN NaN NaN NaN NaN NaN NaN NaN NaN NaN NaN NaN 1.1408 1.1494 1.1656 1.2001 1.2174 1.2379 1.2618 1.2817 1.2976 1.3126 1.3245 1.3363 1.3483 1.3528 1.354 1.3678 1.3743 1.3854 1.3921 1.3979 1.4017 1.403 1.4027 1.4015
NaN NaN NaN NaN NaN NaN NaN NaN NaN NaN NaN NaN NaN NaN 1.157 1.1823 1.1932 1.2014 1.2242 1.2512 1.2651 1.2873 1.3026 1.3162 1.3305 1.341 1.3474 1.351 1.3619 1.3695 1.3807 1.3873 1.3922 1.3948 1.3957 1.3944 1.3939
NaN NaN NaN NaN NaN NaN NaN NaN NaN NaN NaN NaN NaN NaN NaN 1.1858 1.1922 1.1862 1.2098 1.2404 1.2565 1.2784 1.2934 1.3068 1.3205 1.3327 1.3389 1.3471 1.3499 1.3602 1.3749 1.3825 1.3868 1.3884 1.3893 1.3881 1.3854
NaN NaN NaN NaN NaN NaN NaN NaN NaN NaN NaN NaN NaN NaN NaN NaN NaN 1.197 1.2077 1.2257 1.2331 1.2622 1.2772 1.2898 1.306 1.3258 1.3345 1.3458 1.3495 1.3583 1.3693 1.377 1.3807 1.3814 1.3826 1.3805 1.3774
NaN NaN NaN NaN NaN NaN NaN NaN NaN NaN NaN NaN NaN NaN NaN NaN NaN NaN 1.2053 1.2316 1.2177 1.2479 1.2666 1.2762 1.288 1.3152 1.3279 1.3309 1.3415 1.3521 1.3637 1.3719 1.3755 1.3751 1.3753 1.3731 1.3697
NaN NaN NaN NaN NaN NaN NaN NaN NaN NaN NaN NaN NaN NaN NaN NaN NaN NaN NaN NaN 1.2095 1.2612 1.2621 1.2543 1.2582 1.2992 1.316 1.3127 1.3316 1.3442 1.3601 1.3675 1.3689 1.3681 1.3671 1.3652 1.363
NaN NaN NaN NaN NaN NaN NaN NaN NaN NaN NaN NaN NaN NaN NaN NaN NaN NaN NaN NaN NaN NaN 1.2705 1.2682 1.2487 1.281 1.2972 1.2871 1.317 1.3259 1.3358 1.3583 1.36 1.3581 1.3562 1.3545 1.353
NaN NaN NaN NaN NaN NaN NaN NaN NaN NaN NaN NaN NaN NaN NaN NaN NaN NaN NaN NaN NaN NaN NaN NaN 1.2473 1.2628 1.2536 1.2425 1.2771 1.2957 1.2945 1.3301 1.3413 1.3333 1.3378 1.341 1.3328
NaN NaN NaN NaN NaN NaN NaN NaN NaN NaN NaN NaN NaN NaN NaN NaN NaN NaN NaN NaN NaN NaN NaN NaN NaN NaN 1.2423 1.2506 1.2607 1.2798 1.2549 1.2808 1.2983 1.2825 1.3059 1.3103 1.3113
NaN NaN NaN NaN NaN NaN NaN NaN NaN NaN NaN NaN NaN NaN NaN NaN NaN NaN NaN NaN NaN NaN NaN NaN NaN NaN NaN NaN 1.2356 1.295 1.2527 1.2578 1.2366 1.178 1.1461 1.0168 0.43701
NaN NaN NaN NaN NaN NaN NaN NaN NaN NaN NaN NaN NaN NaN NaN NaN NaN NaN NaN NaN NaN NaN NaN NaN NaN NaN NaN NaN NaN NaN 1.2361 1.1921 1.111 0.94317 0.36481 NaN NaN
NaN NaN NaN NaN NaN NaN NaN NaN NaN NaN NaN NaN NaN NaN NaN NaN NaN NaN NaN NaN NaN NaN NaN NaN NaN NaN NaN NaN NaN NaN NaN NaN 0.86379 0.27419 NaN NaN NaN
NaN NaN NaN NaN NaN NaN NaN NaN NaN NaN NaN NaN NaN NaN NaN NaN NaN NaN NaN NaN NaN NaN NaN NaN NaN NaN NaN NaN NaN NaN NaN NaN NaN NaN NaN NaN NaN
NaN NaN NaN NaN NaN NaN NaN NaN NaN NaN NaN NaN NaN NaN NaN NaN NaN NaN NaN NaN NaN NaN NaN NaN NaN NaN NaN NaN NaN NaN NaN NaN NaN NaN NaN NaN NaN
NaN NaN NaN NaN NaN NaN NaN NaN NaN NaN NaN NaN NaN NaN NaN NaN NaN NaN NaN NaN NaN NaN NaN NaN NaN NaN NaN NaN NaN NaN NaN NaN NaN NaN NaN NaN NaN
