NaN NaN NaN NaN NaN NaN NaN NaN NaN NaN 1.6006 1.8334 1.8564 1.978 1.994 1.9457 1.8936 1.885 1.9106 1.9514 1.9952 2.0156 2.0385 2.0623 2.0697 2.0913 2.101 2.1222 2.1384 2.1535 2.171 2.186 2.2087 2.2309 2.2524 2.2649 2.2753
NaN NaN NaN NaN NaN NaN NaN NaN NaN NaN NaN NaN NaN NaN 1.803 1.8352 1.8284 1.8312 1.871 1.9182 1.9656 1.9942 2.0243 2.0513 2.0626 2.0848 2.0958 2.116 2.1323 2.1462 2.1637 2.175 2.1973 2.222 2.2408 2.2533 2.2635
NaN NaN NaN NaN NaN NaN NaN NaN 0.30131 0.27239 0.2514 0.22576 0.1945 0.16405 1.8097 1.7359 1.7786 1.7917 1.8381 1.8885 1.9382 1.9734 2.0087 2.0361 2.0555 2.0769 2.0896 2.1099 2.127 2.1396 2.1543 2.1637 2.1872 2.2124 2.229 2.2418 2.251
NaN NaN NaN NaN NaN NaN NaN NaN 0.64145 0.69576 0.76263 0.85945 1.0038 1.2532 1.7363 1.6146 1.7318 1.7596 1.8103 1.8602 1.9128 1.9502 1.9902 2.0203 2.0441 2.0673 2.0831 2.1031 2.1202 2.1337 2.1462 2.1564 2.181 2.2024 2.2167 2.229 2.2388
NaN NaN NaN NaN NaN NaN NaN NaN 0.88839 0.93717 0.99633 1.0813 1.2104 1.3926 1.6205 1.5302 1.6905 1.7296 1.7825 1.8341 1.8861 1.9277 1.9702 2.0035 2.0307 2.0558 2.0735 2.0934 2.1112 2.1239 2.1335 2.1447 2.1656 2.1903 2.2047 2.2165 2.2273
NaN NaN NaN NaN NaN NaN NaN NaN 0.94803 0.99247 1.0582 1.1498 1.2721 1.4091 1.5367 1.4918 1.6526 1.6995 1.755 1.8081 1.8603 1.9043 1.9484 1.984 2.0149 2.0411 2.0616 2.0813 2.0979 2.1122 2.1211 2.1333 2.1542 2.1786 2.1923 2.2049 2.2144
NaN NaN NaN NaN NaN NaN NaN NaN 1.0052 1.0483 1.1173 1.2095 1.3092 1.4047 1.483 1.4773 1.6236 1.6697 1.7256 1.7809 1.8331 1.8792 1.9255 1.9638 1.9984 2.0255 2.0473 2.0695 2.0875 2.103 2.1145 2.13 2.1463 2.1695 2.1812 2.1926 2.2012
NaN NaN NaN NaN NaN NaN NaN NaN 1.0341 1.0881 1.1595 1.2415 1.318 1.389 1.4512 1.477 1.6033 1.6516 1.7038 1.7554 1.8065 1.852 1.8979 1.9362 1.9699 2.0097 2.0261 1.9902 2.0756 2.0865 2.0972 2.1168 2.1366 2.1559 2.1681 2.1784 2.1863
NaN NaN NaN NaN NaN NaN NaN NaN 1.0575 1.1251 1.1911 1.2587 1.3182 1.3758 1.4337 1.4787 1.586 1.6335 1.6852 1.7349 1.7827 1.8337 1.8794 1.9225 1.9664 2.0183 2.0572 2.0233 2.0736 2.0788 2.0886 2.1097 2.1254 2.1458 2.1603 2.1574 2.1771
NaN NaN NaN NaN NaN NaN NaN NaN NaN 1.1744 1.2269 1.278 1.3219 1.3709 1.427 1.4848 1.5775 1.6188 1.6687 1.7155 1.7638 1.8158 1.8638 1.9089 1.9549 2.0038 2.0313 1.9989 2.0596 2.0687 2.078 2.0993 2.1149 2.1339 2.1503 2.1432 2.1662
NaN NaN NaN NaN NaN NaN NaN NaN NaN 1.2127 1.26 1.284 1.3139 1.3642 1.4237 1.4895 1.5736 1.6141 1.6566 1.7004 1.7519 1.8043 1.8512 1.8977 1.9426 1.987 2.0088 1.9834 2.0443 2.0568 2.0695 2.0897 2.1048 2.1241 2.1391 2.1393 2.1551
NaN NaN NaN NaN NaN NaN NaN NaN NaN NaN 1.2613 1.2741 1.302 1.3643 1.4267 1.4954 1.5717 1.6088 1.6477 1.6929 1.7415 1.7918 1.8381 1.8817 1.9275 1.9681 1.9871 1.9705 2.0287 2.0434 2.0607 2.0801 2.0967 2.1143 2.1266 2.1267 2.1416
NaN NaN NaN NaN NaN NaN NaN NaN NaN NaN NaN 1.2733 1.3038 1.3707 1.4346 1.5021 1.5676 1.5999 1.6397 1.6844 1.7322 1.78 1.8262 1.8693 1.9129 1.9515 1.9694 1.9617 2.0142 2.0311 2.0509 2.0705 2.0866 2.1043 2.1127 2.1139 2.1281
NaN NaN NaN NaN NaN NaN NaN NaN NaN NaN NaN 1.2804 1.3145 1.3736 1.4328 1.4957 1.5552 1.5855 1.6225 1.6722 1.7227 1.7681 1.8137 1.8558 1.8979 1.9346 1.9538 1.9513 1.9995 2.0179 2.0415 2.0605 2.0754 2.0907 2.0987 2.1024 2.1143
NaN NaN NaN NaN NaN NaN NaN NaN NaN NaN NaN NaN 1.316 1.3826 1.4107 1.4768 1.5383 1.5717 1.6103 1.6598 1.7112 1.7557 1.8009 1.8414 1.8839 1.9194 1.9394 1.9438 1.9858 2.0058 2.0308 2.0505 2.0662 2.0794 2.087 2.0907 2.0995
NaN NaN NaN NaN NaN NaN NaN NaN NaN NaN NaN NaN NaN 1.4051 1.4265 1.4694 1.5365 1.5647 1.6018 1.6517 1.7011 1.7456 1.7902 1.8302 1.8698 1.9061 1.9249 1.935 1.9737 1.9926 2.0211 2.04 2.0559 2.0678 2.0748 2.0794 2.0848
NaN NaN NaN NaN NaN NaN NaN NaN NaN NaN NaN NaN NaN NaN 1.4397 1.4927 1.5282 1.5417 1.5837 1.6405 1.6769 1.7303 1.7741 1.8155 1.8578 1.8912 1.9131 1.9281 1.9606 1.9817 2.0113 2.0307 2.046 2.0564 2.0631 2.0666 2.0728
NaN NaN NaN NaN NaN NaN NaN NaN NaN NaN NaN NaN NaN NaN NaN 1.5019 1.5275 1.525 1.5665 1.6254 1.6613 1.7169 1.76 1.8011 1.8419 1.8772 1.8988 1.9219 1.9399 1.9661 2.0005 2.0215 2.0366 2.0456 2.0528 2.0568 2.0595
NaN NaN NaN NaN NaN NaN NaN NaN NaN NaN NaN NaN NaN NaN NaN NaN NaN 1.5403 1.5685 1.6113 1.6288 1.6971 1.7386 1.7762 1.8177 1.8626 1.8873 1.9169 1.9353 1.9615 1.991 2.0125 2.0267 2.0346 2.0428 2.0456 2.0474
NaN NaN NaN NaN NaN NaN NaN NaN NaN NaN NaN NaN NaN NaN NaN NaN NaN NaN 1.5737 1.6295 1.6105 1.6775 1.7238 1.756 1.7893 1.8458 1.8771 1.8958 1.9234 1.9512 1.9815 2.0042 2.0185 2.025 2.032 2.0347 2.0354
NaN NaN NaN NaN NaN NaN NaN NaN NaN NaN NaN NaN NaN NaN NaN NaN NaN NaN NaN NaN 1.5995 1.7005 1.7238 1.7267 1.7428 1.8217 1.8596 1.868 1.9085 1.9374 1.9749 1.9971 2.0084 2.0147 2.02 2.0228 2.0244
NaN NaN NaN NaN NaN NaN NaN NaN NaN NaN NaN NaN NaN NaN NaN NaN NaN NaN NaN NaN NaN NaN 1.6866 1.7235 1.7251 1.7955 1.8329 1.8291 1.8892 1.9113 1.939 1.9836 1.9948 2.0001 2.0044 2.0067 2.0082
NaN NaN NaN NaN NaN NaN NaN NaN NaN NaN NaN NaN NaN NaN NaN NaN NaN NaN NaN NaN NaN NaN NaN NaN 1.6629 1.7676 1.7884 1.7767 1.8385 1.8717 1.8772 1.9432 1.9669 1.9638 1.9783 1.9865 1.9766
NaN NaN NaN NaN NaN NaN NaN NaN NaN NaN NaN NaN NaN NaN NaN NaN NaN NaN NaN NaN NaN NaN NaN NaN NaN NaN 1.7075 1.7718 1.8163 1.8623 1.8289 1.8802 1.9083 1.8886 1.9318 1.9371 1.941
NaN NaN NaN NaN NaN NaN NaN NaN NaN NaN NaN NaN NaN NaN NaN NaN NaN NaN NaN NaN NaN NaN NaN NaN NaN NaN NaN NaN 1.6675 1.7894 1.817 1.8518 1.8478 1.7794 1.7715 1.6436 1.0367
NaN NaN NaN NaN NaN NaN NaN NaN NaN NaN NaN NaN NaN NaN NaN NaN NaN NaN NaN NaN NaN NaN NaN NaN NaN NaN NaN NaN NaN NaN 1.5564 1.7562 1.7165 1.531 0.87283 NaN NaN
NaN NaN NaN NaN NaN NaN NaN NaN NaN NaN NaN NaN NaN NaN NaN NaN NaN NaN NaN NaN NaN NaN NaN NaN NaN NaN NaN NaN NaN NaN NaN NaN 1.3439 0.65255 NaN NaN NaN
NaN NaN NaN NaN NaN NaN NaN NaN NaN NaN NaN NaN NaN NaN NaN NaN NaN NaN NaN NaN NaN NaN NaN NaN NaN NaN NaN NaN NaN NaN NaN NaN NaN NaN NaN NaN NaN
NaN NaN NaN NaN NaN NaN NaN NaN NaN NaN NaN NaN NaN NaN NaN NaN NaN NaN NaN NaN NaN NaN NaN NaN NaN NaN NaN NaN NaN NaN NaN NaN NaN NaN NaN NaN NaN
NaN NaN NaN NaN NaN NaN NaN NaN NaN NaN NaN NaN NaN NaN NaN NaN NaN NaN NaN NaN NaN NaN NaN NaN NaN NaN NaN NaN NaN NaN NaN NaN NaN NaN NaN NaN NaN
