NaN NaN NaN NaN NaN NaN NaN NaN NaN NaN 1.4188 1.5095 1.4781 1.5238 1.5211 1.459 1.4202 1.4146 1.427 1.4472 1.4671 1.4756 1.4857 1.4973 1.5001 1.5105 1.5146 1.5249 1.5316 1.5363 1.5428 1.5488 1.5606 1.574 1.5865 1.593 1.5977
NaN NaN NaN NaN NaN NaN NaN NaN NaN NaN NaN NaN NaN NaN 1.5138 1.4402 1.3983 1.4004 1.4189 1.4387 1.4575 1.4687 1.4809 1.4918 1.4952 1.5049 1.5097 1.5188 1.5254 1.5295 1.5361 1.5405 1.5527 1.5682 1.5789 1.5853 1.5897
NaN NaN NaN NaN NaN NaN NaN NaN 0.39973 0.36784 0.34755 0.32109 0.28732 0.25679 1.524 1.409 1.3873 1.3945 1.4146 1.4335 1.4509 1.463 1.4753 1.4836 1.4903 1.4982 1.5032 1.5118 1.5187 1.5222 1.5273 1.531 1.5445 1.5605 1.5698 1.5762 1.5798
NaN NaN NaN NaN NaN NaN NaN NaN 0.72632 0.77089 0.82045 0.88972 0.98816 1.1539 1.4525 1.3301 1.3655 1.3856 1.4074 1.425 1.4432 1.4542 1.467 1.4752 1.4825 1.4907 1.4965 1.5043 1.511 1.5155 1.5193 1.5237 1.5381 1.5514 1.5593 1.5653 1.5693
NaN NaN NaN NaN NaN NaN NaN NaN 0.92156 0.9553 0.99239 1.0447 1.1232 1.2292 1.349 1.2713 1.3425 1.371 1.3946 1.4142 1.4318 1.4442 1.4564 1.4651 1.4726 1.4806 1.4864 1.4937 1.5006 1.5047 1.5071 1.5129 1.5255 1.5414 1.5497 1.5552 1.5599
NaN NaN NaN NaN NaN NaN NaN NaN 0.93633 0.96445 1.007 1.0649 1.1402 1.2183 1.283 1.2455 1.3202 1.3525 1.3792 1.4008 1.419 1.4318 1.4441 1.4531 1.4615 1.4693 1.4762 1.4831 1.4892 1.4948 1.4974 1.504 1.5166 1.5318 1.5397 1.5457 1.5494
NaN NaN NaN NaN NaN NaN NaN NaN 0.96496 0.99172 1.0364 1.0949 1.1548 1.2067 1.2455 1.2349 1.303 1.3324 1.3608 1.3856 1.4048 1.4192 1.4327 1.4431 1.4531 1.4609 1.4682 1.4767 1.4835 1.4896 1.4941 1.5024 1.5113 1.5251 1.5318 1.5371 1.5404
NaN NaN NaN NaN NaN NaN NaN NaN 0.9712 1.0074 1.0538 1.1052 1.1502 1.1891 1.2229 1.2329 1.2912 1.32 1.3445 1.3662 1.3846 1.3978 1.41 1.419 1.4276 1.4443 1.448 1.4218 1.4731 1.48 1.4839 1.4945 1.506 1.5167 1.5238 1.5286 1.5316
NaN NaN NaN NaN NaN NaN NaN NaN 0.97122 1.0266 1.0687 1.1106 1.1457 1.1785 1.212 1.2335 1.2829 1.3109 1.3368 1.3593 1.3783 1.398 1.4131 1.4283 1.4467 1.4721 1.4883 1.4564 1.4724 1.4763 1.4806 1.4922 1.501 1.5124 1.5209 1.5166 1.5268
NaN NaN NaN NaN NaN NaN NaN NaN NaN 1.0622 1.0939 1.124 1.1496 1.1776 1.2099 1.2378 1.2793 1.3022 1.3272 1.349 1.3699 1.3909 1.4081 1.4235 1.4409 1.4605 1.4677 1.4409 1.4662 1.4717 1.4762 1.4881 1.4973 1.508 1.5176 1.5104 1.5213
NaN NaN NaN NaN NaN NaN NaN NaN NaN 1.0846 1.116 1.1268 1.1435 1.1732 1.2089 1.242 1.2809 1.303 1.3234 1.3443 1.3682 1.3898 1.4062 1.4218 1.4371 1.4528 1.4572 1.437 1.4623 1.4687 1.4752 1.4863 1.4952 1.506 1.5139 1.5118 1.517
NaN NaN NaN NaN NaN NaN NaN NaN NaN NaN 1.1129 1.1172 1.1346 1.1748 1.2128 1.2474 1.2825 1.3023 1.322 1.344 1.3652 1.3854 1.4017 1.4153 1.4309 1.4443 1.448 1.4344 1.4583 1.4651 1.4738 1.4836 1.4929 1.502 1.5075 1.5056 1.5106
NaN NaN NaN NaN NaN NaN NaN NaN NaN NaN NaN 1.1218 1.1395 1.1813 1.2196 1.2521 1.281 1.2982 1.3194 1.3416 1.3627 1.3814 1.398 1.4115 1.4256 1.4382 1.4417 1.4336 1.4547 1.4618 1.4708 1.4799 1.4881 1.4972 1.4999 1.4986 1.5032
NaN NaN NaN NaN NaN NaN NaN NaN NaN NaN NaN 1.1257 1.1466 1.1799 1.2129 1.2427 1.2697 1.2868 1.3083 1.3353 1.3582 1.3757 1.3921 1.4054 1.4189 1.4308 1.4354 1.4303 1.4496 1.457 1.4673 1.4754 1.4823 1.4895 1.492 1.4921 1.4952
NaN NaN NaN NaN NaN NaN NaN NaN NaN NaN NaN NaN 1.1304 1.1746 1.1886 1.2242 1.2565 1.2782 1.3019 1.3281 1.3513 1.3688 1.3853 1.3981 1.4124 1.4242 1.4294 1.4282 1.4444 1.4522 1.4625 1.4707 1.4776 1.4828 1.4846 1.4843 1.4852
NaN NaN NaN NaN NaN NaN NaN NaN NaN NaN NaN NaN NaN 1.1959 1.2052 1.2225 1.2591 1.2772 1.2988 1.3243 1.3458 1.3633 1.3795 1.3924 1.405 1.4177 1.4221 1.4239 1.4391 1.4458 1.4577 1.4648 1.4711 1.4751 1.4763 1.476 1.4748
NaN NaN NaN NaN NaN NaN NaN NaN NaN NaN NaN NaN NaN NaN 1.2132 1.2403 1.2518 1.2602 1.2842 1.313 1.3281 1.3521 1.3687 1.3834 1.3986 1.4097 1.4162 1.4205 1.4325 1.4405 1.4525 1.4595 1.4648 1.4676 1.4685 1.4671 1.4666
NaN NaN NaN NaN NaN NaN NaN NaN NaN NaN NaN NaN NaN NaN NaN 1.2438 1.2509 1.2441 1.269 1.3016 1.3186 1.3425 1.3588 1.3733 1.388 1.4008 1.4071 1.4162 1.4197 1.4306 1.4462 1.4543 1.459 1.4607 1.4616 1.4603 1.4574
NaN NaN NaN NaN NaN NaN NaN NaN NaN NaN NaN NaN NaN NaN NaN NaN NaN 1.2558 1.267 1.2861 1.2939 1.3253 1.3415 1.3552 1.3725 1.3933 1.4023 1.4146 1.4191 1.4285 1.4401 1.4484 1.4524 1.4531 1.4544 1.4521 1.4489
NaN NaN NaN NaN NaN NaN NaN NaN NaN NaN NaN NaN NaN NaN NaN NaN NaN NaN 1.2649 1.293 1.2778 1.31 1.3302 1.3408 1.3534 1.382 1.3951 1.3989 1.4105 1.4218 1.4341 1.4429 1.4468 1.4464 1.4465 1.4442 1.4406
NaN NaN NaN NaN NaN NaN NaN NaN NaN NaN NaN NaN NaN NaN NaN NaN NaN NaN NaN NaN 1.2696 1.3247 1.3257 1.3179 1.3218 1.3649 1.3825 1.3797 1.3999 1.4133 1.4302 1.4381 1.4397 1.4389 1.4378 1.4357 1.4333
NaN NaN NaN NaN NaN NaN NaN NaN NaN NaN NaN NaN NaN NaN NaN NaN NaN NaN NaN NaN NaN NaN 1.3347 1.3327 1.3122 1.3462 1.3629 1.3527 1.3844 1.3938 1.4045 1.4282 1.4302 1.4282 1.4261 1.4242 1.4226
NaN NaN NaN NaN NaN NaN NaN NaN NaN NaN NaN NaN NaN NaN NaN NaN NaN NaN NaN NaN NaN NaN NaN NaN 1.3102 1.3279 1.3176 1.3061 1.3427 1.3622 1.361 1.3984 1.4101 1.402 1.4065 1.4098 1.401
NaN NaN NaN NaN NaN NaN NaN NaN NaN NaN NaN NaN NaN NaN NaN NaN NaN NaN NaN NaN NaN NaN NaN NaN NaN NaN 1.3053 1.3154 1.3262 1.3452 1.3203 1.347 1.3649 1.3484 1.3726 1.3768 1.378
NaN NaN NaN NaN NaN NaN NaN NaN NaN NaN NaN NaN NaN NaN NaN NaN NaN NaN NaN NaN NaN NaN NaN NaN NaN NaN NaN NaN 1.2985 1.3618 1.3187 1.3243 1.3013 1.2397 1.2063 1.0712 0.46546
NaN NaN NaN NaN NaN NaN NaN NaN NaN NaN NaN NaN NaN NaN NaN NaN NaN NaN NaN NaN NaN NaN NaN NaN NaN NaN NaN NaN NaN NaN 1.29 1.2564 1.1712 0.99511 0.38904 NaN NaN
NaN NaN NaN NaN NaN NaN NaN NaN NaN NaN NaN NaN NaN NaN NaN NaN NaN NaN NaN NaN NaN NaN NaN NaN NaN NaN NaN NaN NaN NaN NaN NaN 0.91155 0.29253 NaN NaN NaN
NaN NaN NaN NaN NaN NaN NaN NaN NaN NaN NaN NaN NaN NaN NaN NaN NaN NaN NaN NaN NaN NaN NaN NaN NaN NaN NaN NaN NaN NaN NaN NaN NaN NaN NaN NaN NaN
NaN NaN NaN NaN NaN NaN NaN NaN NaN NaN NaN NaN NaN NaN NaN NaN NaN NaN NaN NaN NaN NaN NaN NaN NaN NaN NaN NaN NaN NaN NaN NaN NaN NaN NaN NaN NaN
NaN NaN NaN NaN NaN NaN NaN NaN NaN NaN NaN NaN NaN NaN NaN NaN NaN NaN NaN NaN NaN NaN NaN NaN NaN NaN NaN NaN NaN NaN NaN NaN NaN NaN NaN NaN NaN
