NaN NaN NaN NaN NaN NaN NaN NaN NaN NaN 1.3601 1.4477 1.415 1.459 1.4563 1.3966 1.3607 1.3557 1.3677 1.3871 1.4064 1.4148 1.4246 1.436 1.4388 1.4486 1.4526 1.4625 1.469 1.4735 1.4796 1.4853 1.4966 1.5095 1.5215 1.5278 1.5324
NaN NaN NaN NaN NaN NaN NaN NaN NaN NaN NaN NaN NaN NaN 1.4492 1.378 1.3393 1.3423 1.3603 1.3793 1.3976 1.4086 1.4205 1.4313 1.4345 1.4437 1.4483 1.4572 1.4637 1.4675 1.4738 1.4778 1.4895 1.5044 1.5148 1.521 1.5253
NaN NaN NaN NaN NaN NaN NaN NaN 0.38249 0.35196 0.33248 0.3071 0.27472 0.24529 1.4595 1.3485 1.3291 1.3369 1.3565 1.3747 1.3917 1.4036 1.4155 1.4239 1.4303 1.4379 1.4426 1.451 1.4577 1.4611 1.466 1.4693 1.4822 1.4977 1.5068 1.513 1.5165
NaN NaN NaN NaN NaN NaN NaN NaN 0.69402 0.73688 0.78486 0.85183 0.94656 1.1055 1.3915 1.274 1.3087 1.3287 1.3499 1.3669 1.3846 1.3956 1.408 1.4162 1.4233 1.4311 1.4367 1.4444 1.4509 1.4552 1.4588 1.4629 1.4766 1.4895 1.4973 1.5032 1.5071
NaN NaN NaN NaN NaN NaN NaN NaN 0.88192 0.91448 0.95052 1.0012 1.0768 1.1785 1.2934 1.2185 1.2872 1.3152 1.338 1.3569 1.3742 1.3864 1.3984 1.4071 1.4144 1.422 1.4277 1.4348 1.4415 1.4455 1.4478 1.4532 1.4653 1.4806 1.4887 1.4941 1.4987
NaN NaN NaN NaN NaN NaN NaN NaN 0.8974 0.92461 0.96576 1.0215 1.0939 1.1688 1.2312 1.1946 1.2663 1.2978 1.3236 1.3445 1.3622 1.375 1.387 1.396 1.4042 1.4117 1.4184 1.4252 1.4313 1.4366 1.4391 1.4453 1.4573 1.472 1.4798 1.4856 1.4893
NaN NaN NaN NaN NaN NaN NaN NaN 0.9258 0.95178 0.99487 1.0511 1.1086 1.1585 1.1961 1.1851 1.2503 1.279 1.3064 1.3303 1.349 1.3633 1.3765 1.3868 1.3966 1.4042 1.4113 1.4196 1.4263 1.4322 1.4365 1.4443 1.4527 1.4661 1.4727 1.478 1.4813
NaN NaN NaN NaN NaN NaN NaN NaN 0.93266 0.96754 1.0122 1.0617 1.1049 1.1425 1.1752 1.1839 1.2396 1.2676 1.2912 1.312 1.33 1.3431 1.3552 1.3642 1.3727 1.3895 1.3942 1.3652 1.4164 1.4235 1.4272 1.4373 1.4482 1.4586 1.4656 1.4704 1.4733
NaN NaN NaN NaN NaN NaN NaN NaN 0.93329 0.98654 1.027 1.0674 1.1013 1.133 1.1654 1.1849 1.2321 1.2593 1.2842 1.3057 1.324 1.3435 1.3584 1.3733 1.3913 1.4163 1.4328 1.3993 1.4159 1.4204 1.4245 1.4355 1.4439 1.455 1.4635 1.4593 1.4693
NaN NaN NaN NaN NaN NaN NaN NaN NaN 1.021 1.0516 1.0807 1.1055 1.1327 1.1639 1.1896 1.2292 1.2518 1.2758 1.2963 1.3163 1.337 1.354 1.3691 1.3861 1.4056 1.4136 1.3853 1.4103 1.4164 1.4207 1.4321 1.4409 1.4513 1.4609 1.4538 1.4645
NaN NaN NaN NaN NaN NaN NaN NaN NaN 1.0429 1.0731 1.0839 1.1003 1.1291 1.1634 1.1942 1.2312 1.253 1.2729 1.2929 1.3152 1.3363 1.3524 1.3678 1.3828 1.3985 1.4039 1.3824 1.4069 1.4138 1.4202 1.4307 1.4393 1.4498 1.4578 1.4556 1.4607
NaN NaN NaN NaN NaN NaN NaN NaN NaN NaN 1.0706 1.0751 1.0923 1.1312 1.1676 1.1998 1.2333 1.2529 1.272 1.2931 1.3129 1.3324 1.3484 1.3618 1.3772 1.3907 1.3954 1.3805 1.4035 1.4107 1.4192 1.4286 1.4375 1.4464 1.4521 1.4501 1.4551
NaN NaN NaN NaN NaN NaN NaN NaN NaN NaN NaN 1.0799 1.0974 1.1378 1.1744 1.2048 1.2322 1.2495 1.2701 1.2913 1.311 1.3289 1.3452 1.3585 1.3723 1.3852 1.3897 1.3803 1.4004 1.4079 1.4167 1.4255 1.4334 1.4422 1.4452 1.4439 1.4485
NaN NaN NaN NaN NaN NaN NaN NaN NaN NaN NaN 1.0839 1.1043 1.1367 1.1683 1.1962 1.222 1.239 1.2598 1.2856 1.3072 1.3239 1.3399 1.353 1.3662 1.3784 1.3839 1.3776 1.396 1.4036 1.4138 1.4215 1.4281 1.4352 1.438 1.4382 1.4413
NaN NaN NaN NaN NaN NaN NaN NaN NaN NaN NaN NaN 1.0888 1.1313 1.1451 1.1789 1.2098 1.2312 1.2541 1.2794 1.3013 1.3176 1.3337 1.3463 1.3604 1.3724 1.3785 1.3762 1.3914 1.3994 1.4096 1.4174 1.4241 1.4293 1.4314 1.4311 1.4322
NaN NaN NaN NaN NaN NaN NaN NaN NaN NaN NaN NaN NaN 1.1519 1.1608 1.1775 1.2128 1.2306 1.2517 1.2761 1.2965 1.3129 1.3286 1.3411 1.3536 1.3665 1.3717 1.3725 1.3867 1.3936 1.4053 1.4122 1.4182 1.4223 1.4238 1.4236 1.4226
NaN NaN NaN NaN NaN NaN NaN NaN NaN NaN NaN NaN NaN NaN 1.1686 1.1944 1.206 1.2146 1.2381 1.2657 1.2799 1.3027 1.3186 1.3328 1.3479 1.3591 1.3663 1.3697 1.3809 1.3889 1.4007 1.4075 1.4126 1.4155 1.4167 1.4155 1.4152
NaN NaN NaN NaN NaN NaN NaN NaN NaN NaN NaN NaN NaN NaN NaN 1.1981 1.205 1.1994 1.2236 1.255 1.2715 1.2939 1.3095 1.3235 1.3379 1.351 1.3579 1.3662 1.3689 1.3797 1.395 1.4029 1.4075 1.4093 1.4104 1.4093 1.4068
NaN NaN NaN NaN NaN NaN NaN NaN NaN NaN NaN NaN NaN NaN NaN NaN NaN 1.2103 1.2216 1.2403 1.2481 1.2778 1.2933 1.3065 1.3233 1.344 1.3535 1.365 1.3687 1.378 1.3895 1.3976 1.4015 1.4024 1.4039 1.4019 1.399
NaN NaN NaN NaN NaN NaN NaN NaN NaN NaN NaN NaN NaN NaN NaN NaN NaN NaN 1.2193 1.2463 1.2325 1.2635 1.2827 1.2927 1.3051 1.3335 1.3471 1.35 1.3608 1.372 1.3841 1.3927 1.3965 1.3963 1.3967 1.3947 1.3914
NaN NaN NaN NaN NaN NaN NaN NaN NaN NaN NaN NaN NaN NaN NaN NaN NaN NaN NaN NaN 1.2242 1.277 1.2783 1.2704 1.2748 1.3175 1.3352 1.3317 1.351 1.3641 1.3807 1.3885 1.3901 1.3895 1.3886 1.3869 1.3848
NaN NaN NaN NaN NaN NaN NaN NaN NaN NaN NaN NaN NaN NaN NaN NaN NaN NaN NaN NaN NaN NaN 1.2866 1.2846 1.2652 1.2987 1.316 1.3056 1.3365 1.3458 1.3562 1.3794 1.3814 1.3795 1.3778 1.3762 1.3749
NaN NaN NaN NaN NaN NaN NaN NaN NaN NaN NaN NaN NaN NaN NaN NaN NaN NaN NaN NaN NaN NaN NaN NaN 1.2634 1.28 1.2719 1.2605 1.296 1.3153 1.314 1.351 1.3627 1.3546 1.3593 1.3629 1.3547
NaN NaN NaN NaN NaN NaN NaN NaN NaN NaN NaN NaN NaN NaN NaN NaN NaN NaN NaN NaN NaN NaN NaN NaN NaN NaN 1.2595 1.2681 1.279 1.3 1.2735 1.3008 1.3193 1.3029 1.3273 1.3321 1.3332
NaN NaN NaN NaN NaN NaN NaN NaN NaN NaN NaN NaN NaN NaN NaN NaN NaN NaN NaN NaN NaN NaN NaN NaN NaN NaN NaN NaN 1.2527 1.3146 1.2714 1.277 1.2568 1.1976 1.1667 1.0372 0.45482
NaN NaN NaN NaN NaN NaN NaN NaN NaN NaN NaN NaN NaN NaN NaN NaN NaN NaN NaN NaN NaN NaN NaN NaN NaN NaN NaN NaN NaN NaN 1.2517 1.2106 1.1299 0.96117 0.37939 NaN NaN
NaN NaN NaN NaN NaN NaN NaN NaN NaN NaN NaN NaN NaN NaN NaN NaN NaN NaN NaN NaN NaN NaN NaN NaN NaN NaN NaN NaN NaN NaN NaN NaN 0.87887 0.2848 NaN NaN NaN
NaN NaN NaN NaN NaN NaN NaN NaN NaN NaN NaN NaN NaN NaN NaN NaN NaN NaN NaN NaN NaN NaN NaN NaN NaN NaN NaN NaN NaN NaN NaN NaN NaN NaN NaN NaN NaN
NaN NaN NaN NaN NaN NaN NaN NaN NaN NaN NaN NaN NaN NaN NaN NaN NaN NaN NaN NaN NaN NaN NaN NaN NaN NaN NaN NaN NaN NaN NaN NaN NaN NaN NaN NaN NaN
NaN NaN NaN NaN NaN NaN NaN NaN NaN NaN NaN NaN NaN NaN NaN NaN NaN NaN NaN NaN NaN NaN NaN NaN NaN NaN NaN NaN NaN NaN NaN NaN NaN NaN NaN NaN NaN
