NaN NaN NaN NaN NaN NaN NaN NaN NaN NaN 1.5455 1.8024 1.827 1.9507 1.9659 1.9127 1.8581 1.8502 1.8771 1.9189 1.9634 1.9844 2.0077 2.0313 2.0389 2.0608 2.0707 2.0919 2.1084 2.1242 2.1424 2.1581 2.1813 2.2034 2.2249 2.2374 2.2481
NaN NaN NaN NaN NaN NaN NaN NaN NaN NaN NaN NaN NaN NaN 1.7506 1.7985 1.7912 1.7927 1.8335 1.8824 1.9311 1.9606 1.9915 2.0189 2.0307 2.0533 2.0645 2.0849 2.1015 2.1161 2.1343 2.1463 2.169 2.1935 2.2122 2.2248 2.2353
NaN NaN NaN NaN NaN NaN NaN NaN 0.27392 0.24713 0.22745 0.2034 0.17398 0.14454 1.7597 1.6937 1.7379 1.7492 1.7967 1.8491 1.9006 1.9371 1.9737 2.002 2.0222 2.0443 2.0574 2.078 2.0954 2.1087 2.1241 2.1342 2.158 2.1829 2.1994 2.2123 2.2217
NaN NaN NaN NaN NaN NaN NaN NaN 0.59645 0.64897 0.71384 0.80834 0.95075 1.1987 1.685 1.5686 1.6884 1.714 1.7658 1.8177 1.8722 1.9113 1.953 1.9844 2.0093 2.0334 2.0498 2.0702 2.0877 2.1019 2.1152 2.1261 2.1508 2.1719 2.1862 2.1986 2.2086
NaN NaN NaN NaN NaN NaN NaN NaN 0.83232 0.88019 0.93863 1.0232 1.1524 1.3366 1.5697 1.4819 1.6451 1.6816 1.7355 1.7889 1.8429 1.8864 1.9309 1.9658 1.9944 2.0207 2.0391 2.0597 2.0779 2.0912 2.1017 2.1135 2.1346 2.1589 2.1732 2.1851 2.1961
NaN NaN NaN NaN NaN NaN NaN NaN 0.89212 0.93621 1.0014 1.0927 1.2154 1.3542 1.485 1.4412 1.6056 1.65 1.7061 1.7608 1.8149 1.8609 1.9072 1.9446 1.9771 2.0047 2.026 2.0464 2.0636 2.0785 2.0882 2.101 2.1221 2.1462 2.1598 2.1726 2.1823
NaN NaN NaN NaN NaN NaN NaN NaN 0.9481 0.99102 1.0597 1.1518 1.2522 1.3494 1.4295 1.4248 1.5749 1.6193 1.6754 1.7319 1.7858 1.8339 1.8823 1.9226 1.9589 1.9874 2.0103 2.0332 2.0518 2.068 2.0802 2.0964 2.113 2.1361 2.1476 2.1592 2.1681
NaN NaN NaN NaN NaN NaN NaN NaN 0.97702 1.0305 1.1016 1.1838 1.261 1.3331 1.396 1.4228 1.5528 1.5999 1.6527 1.7054 1.7581 1.8057 1.8539 1.8943 1.9299 1.9701 1.9865 1.9558 2.0395 2.0502 2.0618 2.0819 2.1021 2.1214 2.1335 2.1441 2.1523
NaN NaN NaN NaN NaN NaN NaN NaN 1.0013 1.0671 1.133 1.2008 1.2606 1.3188 1.3769 1.4233 1.534 1.5807 1.6327 1.6834 1.7325 1.7849 1.8326 1.8775 1.9227 1.9749 2.0139 1.9855 2.0366 2.0415 2.0518 2.0734 2.0896 2.11 2.1243 2.1222 2.1421
NaN NaN NaN NaN NaN NaN NaN NaN NaN 1.1148 1.1674 1.2189 1.2631 1.3124 1.3687 1.4281 1.5241 1.5651 1.6155 1.663 1.7122 1.7654 1.8152 1.8622 1.9098 1.9595 1.9876 1.9597 2.0215 2.0303 2.0402 2.0618 2.0778 2.0969 2.113 2.107 2.1303
NaN NaN NaN NaN NaN NaN NaN NaN NaN 1.1524 1.1996 1.2241 1.2542 1.3047 1.3642 1.4316 1.5185 1.5592 1.6024 1.6466 1.6987 1.7523 1.8008 1.8493 1.896 1.9416 1.964 1.9422 2.0046 2.017 2.0302 2.0509 2.0664 2.0857 2.1006 2.1017 2.1181
NaN NaN NaN NaN NaN NaN NaN NaN NaN NaN 1.2009 1.2141 1.2418 1.3036 1.366 1.4365 1.5154 1.5528 1.5924 1.638 1.6871 1.7384 1.7864 1.8321 1.8797 1.9215 1.941 1.9275 1.9873 2.0022 2.02 2.04 2.057 2.0748 2.0872 2.0881 2.1036
NaN NaN NaN NaN NaN NaN NaN NaN NaN NaN NaN 1.2119 1.2422 1.3089 1.3729 1.4424 1.5104 1.5433 1.5835 1.6284 1.6767 1.7255 1.7734 1.8185 1.8639 1.9037 1.9222 1.917 1.9713 1.9886 2.0089 2.0293 2.0458 2.0639 2.0725 2.0744 2.0891
NaN NaN NaN NaN NaN NaN NaN NaN NaN NaN NaN 1.2184 1.2523 1.3117 1.3714 1.4362 1.4979 1.5286 1.5659 1.6156 1.6664 1.7129 1.76 1.804 1.8479 1.8857 1.9054 1.9053 1.9552 1.9741 1.9985 2.0182 2.0337 2.0494 2.0576 2.0621 2.0746
NaN NaN NaN NaN NaN NaN NaN NaN NaN NaN NaN NaN 1.2563 1.3225 1.351 1.4181 1.481 1.5145 1.5532 1.6028 1.6544 1.6997 1.7463 1.7887 1.8329 1.8696 1.89 1.8965 1.9403 1.9609 1.9867 2.0072 2.0236 2.0373 2.0452 2.0497 2.0591
NaN NaN NaN NaN NaN NaN NaN NaN NaN NaN NaN NaN NaN 1.3438 1.3658 1.4101 1.4783 1.5067 1.5442 1.5941 1.6438 1.6891 1.7349 1.7767 1.8181 1.8554 1.8748 1.8868 1.9271 1.9468 1.976 1.9958 2.0125 2.025 2.0324 2.0377 2.0439
NaN NaN NaN NaN NaN NaN NaN NaN NaN NaN NaN NaN NaN NaN 1.379 1.4331 1.4702 1.4842 1.5264 1.5832 1.6201 1.6737 1.7186 1.7616 1.8054 1.8398 1.8623 1.879 1.9131 1.935 1.9654 1.9857 2.0019 2.0129 2.0201 2.0244 2.0314
NaN NaN NaN NaN NaN NaN NaN NaN NaN NaN NaN NaN NaN NaN NaN 1.4428 1.4694 1.4664 1.5076 1.5681 1.6042 1.6603 1.7043 1.7469 1.7891 1.8254 1.8476 1.872 1.892 1.9189 1.9539 1.9758 1.9917 2.0015 2.0092 2.014 2.0176
NaN NaN NaN NaN NaN NaN NaN NaN NaN NaN NaN NaN NaN NaN NaN NaN NaN 1.4817 1.5097 1.5528 1.5719 1.641 1.6832 1.7222 1.7649 1.8102 1.8353 1.8662 1.8863 1.9136 1.9439 1.9661 1.9812 1.9899 1.9988 2.0023 2.0051
NaN NaN NaN NaN NaN NaN NaN NaN NaN NaN NaN NaN NaN NaN NaN NaN NaN NaN 1.517 1.5729 1.5525 1.622 1.6686 1.7023 1.7368 1.793 1.8246 1.8452 1.8741 1.9027 1.9338 1.9573 1.9724 1.9799 1.9876 1.9911 1.9926
NaN NaN NaN NaN NaN NaN NaN NaN NaN NaN NaN NaN NaN NaN NaN NaN NaN NaN NaN NaN 1.5435 1.6477 1.6705 1.6747 1.6914 1.769 1.807 1.8178 1.859 1.8885 1.9266 1.9495 1.9619 1.9691 1.9753 1.9788 1.9812
NaN NaN NaN NaN NaN NaN NaN NaN NaN NaN NaN NaN NaN NaN NaN NaN NaN NaN NaN NaN NaN NaN 1.6409 1.681 1.6758 1.7439 1.7809 1.7795 1.8398 1.8624 1.8911 1.9358 1.9479 1.9543 1.9594 1.9625 1.9646
NaN NaN NaN NaN NaN NaN NaN NaN NaN NaN NaN NaN NaN NaN NaN NaN NaN NaN NaN NaN NaN NaN NaN NaN 1.6184 1.7215 1.7397 1.7296 1.7912 1.8241 1.8308 1.8961 1.9198 1.9185 1.9336 1.942 1.9328
NaN NaN NaN NaN NaN NaN NaN NaN NaN NaN NaN NaN NaN NaN NaN NaN NaN NaN NaN NaN NaN NaN NaN NaN NaN NaN 1.6564 1.7279 1.7705 1.8151 1.7852 1.8359 1.8628 1.845 1.8876 1.8925 1.8969
NaN NaN NaN NaN NaN NaN NaN NaN NaN NaN NaN NaN NaN NaN NaN NaN NaN NaN NaN NaN NaN NaN NaN NaN NaN NaN NaN NaN 1.6271 1.7592 1.781 1.8147 1.8077 1.7432 1.7389 1.6205 1.0519
NaN NaN NaN NaN NaN NaN NaN NaN NaN NaN NaN NaN NaN NaN NaN NaN NaN NaN NaN NaN NaN NaN NaN NaN NaN NaN NaN NaN NaN NaN 1.533 1.7277 1.6865 1.5112 0.88713 NaN NaN
NaN NaN NaN NaN NaN NaN NaN NaN NaN NaN NaN NaN NaN NaN NaN NaN NaN NaN NaN NaN NaN NaN NaN NaN NaN NaN NaN NaN NaN NaN NaN NaN 1.3186 0.66418 NaN NaN NaN
NaN NaN NaN NaN NaN NaN NaN NaN NaN NaN NaN NaN NaN NaN NaN NaN NaN NaN NaN NaN NaN NaN NaN NaN NaN NaN NaN NaN NaN NaN NaN NaN NaN NaN NaN NaN NaN
NaN NaN NaN NaN NaN NaN NaN NaN NaN NaN NaN NaN NaN NaN NaN NaN NaN NaN NaN NaN NaN NaN NaN NaN NaN NaN NaN NaN NaN NaN NaN NaN NaN NaN NaN NaN NaN
NaN NaN NaN NaN NaN NaN NaN NaN NaN NaN NaN NaN NaN NaN NaN NaN NaN NaN NaN NaN NaN NaN NaN NaN NaN NaN NaN NaN NaN NaN NaN NaN NaN NaN NaN NaN NaN
