NaN NaN NaN NaN NaN NaN NaN NaN NaN NaN 1.4905 1.6108 1.5874 1.6483 1.6479 1.5791 1.5347 1.5264 1.5397 1.5631 1.5875 1.5981 1.6109 1.6254 1.6294 1.6425 1.648 1.6607 1.6696 1.6765 1.6851 1.6927 1.7067 1.7219 1.7363 1.744 1.7498
NaN NaN NaN NaN NaN NaN NaN NaN NaN NaN NaN NaN NaN NaN 1.6113 1.5467 1.5059 1.507 1.5282 1.5523 1.5761 1.5901 1.6058 1.62 1.625 1.6375 1.6438 1.6554 1.6643 1.6704 1.6791 1.6847 1.699 1.7164 1.7289 1.7366 1.7421
NaN NaN NaN NaN NaN NaN NaN NaN 0.38852 0.35651 0.33557 0.30869 0.27474 0.24365 1.621 1.503 1.4889 1.4966 1.5208 1.5448 1.5677 1.5835 1.6 1.612 1.621 1.6318 1.6384 1.6496 1.6587 1.6642 1.6711 1.6757 1.6913 1.7094 1.7204 1.7281 1.7328
NaN NaN NaN NaN NaN NaN NaN NaN 0.72515 0.77266 0.82699 0.90368 1.0141 1.2016 1.5474 1.415 1.4637 1.4852 1.5118 1.5347 1.5587 1.5741 1.5917 1.6038 1.6141 1.6252 1.633 1.6434 1.6523 1.6586 1.664 1.6694 1.6859 1.7011 1.7106 1.7179 1.7231
NaN NaN NaN NaN NaN NaN NaN NaN 0.93682 0.9745 1.0171 1.0776 1.1685 1.2931 1.4387 1.3508 1.4383 1.4692 1.498 1.5229 1.5465 1.5637 1.5812 1.5943 1.6052 1.6164 1.6244 1.6342 1.6433 1.6491 1.6528 1.6595 1.6739 1.6919 1.7016 1.7084 1.7144
NaN NaN NaN NaN NaN NaN NaN NaN 0.96196 0.99418 1.0426 1.1089 1.1958 1.2879 1.3673 1.323 1.414 1.4497 1.4817 1.5088 1.5329 1.551 1.5688 1.5825 1.5948 1.6059 1.6152 1.6246 1.6327 1.6399 1.6436 1.6512 1.6655 1.6829 1.6922 1.6996 1.7044
NaN NaN NaN NaN NaN NaN NaN NaN 0.99774 1.0286 1.0794 1.1462 1.2157 1.2778 1.3256 1.3123 1.3954 1.4286 1.4622 1.4926 1.5176 1.5375 1.5568 1.572 1.5863 1.5975 1.6074 1.6184 1.6273 1.635 1.6407 1.6504 1.6607 1.6767 1.6845 1.6911 1.6954
NaN NaN NaN NaN NaN NaN NaN NaN 1.0094 1.0501 1.1027 1.1617 1.2142 1.2606 1.3008 1.3114 1.3829 1.416 1.4459 1.4731 1.4974 1.5163 1.5344 1.5485 1.5615 1.5826 1.5887 1.5588 1.6176 1.6253 1.6302 1.6425 1.6556 1.6681 1.6763 1.6823 1.6861
NaN NaN NaN NaN NaN NaN NaN NaN 1.0146 1.0737 1.1217 1.1699 1.2108 1.2494 1.2884 1.3128 1.3734 1.4056 1.4367 1.4642 1.4884 1.5137 1.5342 1.5543 1.5774 1.608 1.6288 1.5945 1.6174 1.6216 1.6267 1.6402 1.6503 1.6636 1.6733 1.6691 1.6812
NaN NaN NaN NaN NaN NaN NaN NaN NaN 1.1131 1.1499 1.185 1.2149 1.2479 1.2855 1.318 1.3694 1.3962 1.4261 1.4528 1.4788 1.5055 1.5283 1.549 1.5717 1.5971 1.6082 1.5783 1.6106 1.6168 1.6219 1.6357 1.6461 1.6585 1.6695 1.6619 1.6752
NaN NaN NaN NaN NaN NaN NaN NaN NaN 1.1396 1.1749 1.1888 1.2086 1.2431 1.2841 1.3228 1.3705 1.3965 1.4209 1.4464 1.4759 1.5033 1.5252 1.5465 1.5672 1.5884 1.596 1.5731 1.6054 1.6128 1.6203 1.6331 1.6432 1.6557 1.6651 1.663 1.6701
NaN NaN NaN NaN NaN NaN NaN NaN NaN NaN 1.1728 1.179 1.199 1.2447 1.288 1.3287 1.3719 1.3951 1.418 1.4449 1.472 1.498 1.5198 1.5388 1.5601 1.5786 1.5849 1.5694 1.6 1.6081 1.6183 1.6299 1.6405 1.6513 1.6581 1.6562 1.663
NaN NaN NaN NaN NaN NaN NaN NaN NaN NaN NaN 1.1827 1.2035 1.2514 1.2952 1.3341 1.3701 1.3902 1.4146 1.4414 1.4684 1.493 1.5151 1.534 1.5535 1.571 1.577 1.5679 1.5951 1.6039 1.6148 1.6259 1.6355 1.6462 1.6499 1.6488 1.6551
NaN NaN NaN NaN NaN NaN NaN NaN NaN NaN NaN 1.1875 1.2116 1.2509 1.2894 1.3253 1.3587 1.3783 1.4022 1.4339 1.4631 1.4864 1.5084 1.527 1.5457 1.5623 1.5695 1.5639 1.5889 1.5982 1.611 1.621 1.6293 1.638 1.6415 1.642 1.6466
NaN NaN NaN NaN NaN NaN NaN NaN NaN NaN NaN NaN 1.1987 1.2483 1.265 1.3065 1.3448 1.3686 1.3951 1.4261 1.4554 1.4786 1.5007 1.5187 1.5383 1.5546 1.5624 1.5615 1.5827 1.5927 1.6058 1.6161 1.6245 1.6312 1.6339 1.634 1.6362
NaN NaN NaN NaN NaN NaN NaN NaN NaN NaN NaN NaN NaN 1.2701 1.2816 1.3037 1.3467 1.3668 1.3917 1.4219 1.4489 1.4724 1.4944 1.5123 1.53 1.5472 1.5542 1.5571 1.5767 1.5856 1.6007 1.61 1.618 1.6234 1.6254 1.6258 1.6256
NaN NaN NaN NaN NaN NaN NaN NaN NaN NaN NaN NaN NaN NaN 1.2909 1.323 1.3393 1.349 1.3768 1.4109 1.4303 1.4605 1.4828 1.5026 1.523 1.5383 1.5476 1.5536 1.5695 1.5799 1.5953 1.6047 1.6118 1.6158 1.6175 1.6168 1.6172
NaN NaN NaN NaN NaN NaN NaN NaN NaN NaN NaN NaN NaN NaN NaN 1.3279 1.3386 1.3326 1.3614 1.3994 1.4202 1.4504 1.4722 1.4919 1.5117 1.5288 1.538 1.5496 1.5557 1.5694 1.5888 1.5994 1.606 1.6088 1.6106 1.61 1.6078
NaN NaN NaN NaN NaN NaN NaN NaN NaN NaN NaN NaN NaN NaN NaN NaN NaN 1.3455 1.3602 1.3844 1.3945 1.4328 1.4542 1.4726 1.4946 1.5203 1.5324 1.5479 1.5549 1.5675 1.5827 1.5935 1.5993 1.6012 1.6035 1.6018 1.5991
NaN NaN NaN NaN NaN NaN NaN NaN NaN NaN NaN NaN NaN NaN NaN NaN NaN NaN 1.3602 1.3942 1.3777 1.4164 1.4423 1.4571 1.4737 1.5083 1.5252 1.5315 1.5461 1.5606 1.5766 1.5881 1.5939 1.5945 1.5956 1.5939 1.5906
NaN NaN NaN NaN NaN NaN NaN NaN NaN NaN NaN NaN NaN NaN NaN NaN NaN NaN NaN NaN 1.3698 1.4348 1.4389 1.4326 1.4389 1.4901 1.5119 1.5108 1.5351 1.5516 1.5728 1.5835 1.5867 1.587 1.5867 1.5851 1.583
NaN NaN NaN NaN NaN NaN NaN NaN NaN NaN NaN NaN NaN NaN NaN NaN NaN NaN NaN NaN NaN NaN 1.4453 1.4491 1.4281 1.47 1.4911 1.4814 1.5191 1.5312 1.5451 1.5733 1.5769 1.5759 1.5746 1.5731 1.5716
NaN NaN NaN NaN NaN NaN NaN NaN NaN NaN NaN NaN NaN NaN NaN NaN NaN NaN NaN NaN NaN NaN NaN NaN 1.4203 1.4513 1.4453 1.4331 1.4753 1.4979 1.4977 1.5415 1.5557 1.5479 1.5539 1.5578 1.5482
NaN NaN NaN NaN NaN NaN NaN NaN NaN NaN NaN NaN NaN NaN NaN NaN NaN NaN NaN NaN NaN NaN NaN NaN NaN NaN 1.4231 1.4423 1.4579 1.4828 1.4548 1.487 1.5076 1.4894 1.5174 1.5217 1.523
NaN NaN NaN NaN NaN NaN NaN NaN NaN NaN NaN NaN NaN NaN NaN NaN NaN NaN NaN NaN NaN NaN NaN NaN NaN NaN NaN NaN 1.4147 1.4951 1.4561 1.4654 1.4437 1.3787 1.3492 1.2116 0.59397
NaN NaN NaN NaN NaN NaN NaN NaN NaN NaN NaN NaN NaN NaN NaN NaN NaN NaN NaN NaN NaN NaN NaN NaN NaN NaN NaN NaN NaN NaN 1.3815 1.3952 1.3107 1.1273 0.49795 NaN NaN
NaN NaN NaN NaN NaN NaN NaN NaN NaN NaN NaN NaN NaN NaN NaN NaN NaN NaN NaN NaN NaN NaN NaN NaN NaN NaN NaN NaN NaN NaN NaN NaN 1.0236 0.37376 NaN NaN NaN
NaN NaN NaN NaN NaN NaN NaN NaN NaN NaN NaN NaN NaN NaN NaN NaN NaN NaN NaN NaN NaN NaN NaN NaN NaN NaN NaN NaN NaN NaN NaN NaN NaN NaN NaN NaN NaN
NaN NaN NaN NaN NaN NaN NaN NaN NaN NaN NaN NaN NaN NaN NaN NaN NaN NaN NaN NaN NaN NaN NaN NaN NaN NaN NaN NaN NaN NaN NaN NaN NaN NaN NaN NaN NaN
NaN NaN NaN NaN NaN NaN NaN NaN NaN NaN NaN NaN NaN NaN NaN NaN NaN NaN NaN NaN NaN NaN NaN NaN NaN NaN NaN NaN NaN NaN NaN NaN NaN NaN NaN NaN NaN
