NaN NaN NaN NaN NaN NaN NaN NaN NaN NaN 1.3411 1.4248 1.393 1.4349 1.4321 1.3741 1.3386 1.3338 1.3455 1.3643 1.3827 1.3906 1.3999 1.4107 1.4133 1.4228 1.4265 1.436 1.4421 1.4464 1.4522 1.4578 1.4687 1.4812 1.4928 1.4988 1.5032
NaN NaN NaN NaN NaN NaN NaN NaN NaN NaN NaN NaN NaN NaN 1.4274 1.3573 1.3185 1.3209 1.3383 1.3565 1.374 1.3843 1.3957 1.4058 1.4088 1.4176 1.422 1.4304 1.4365 1.4401 1.4462 1.4501 1.4615 1.4759 1.4859 1.4918 1.4958
NaN NaN NaN NaN NaN NaN NaN NaN 0.37994 0.34972 0.3305 0.30544 0.27344 0.24453 1.4375 1.3291 1.3088 1.3158 1.3346 1.352 1.3681 1.3792 1.3905 1.3982 1.4042 1.4115 1.416 1.4239 1.4302 1.4334 1.438 1.4414 1.4539 1.4689 1.4775 1.4835 1.4867
NaN NaN NaN NaN NaN NaN NaN NaN 0.68825 0.73041 0.77743 0.843 0.93571 1.0912 1.3703 1.2558 1.2887 1.3078 1.328 1.3442 1.3609 1.3711 1.3828 1.3903 1.397 1.4044 1.4098 1.417 1.4231 1.4272 1.4306 1.4346 1.448 1.4604 1.4678 1.4733 1.477
NaN NaN NaN NaN NaN NaN NaN NaN 0.87283 0.90473 0.93984 0.98918 1.0629 1.1619 1.2733 1.201 1.2674 1.2942 1.3162 1.3342 1.3504 1.3618 1.373 1.381 1.3878 1.395 1.4003 1.407 1.4134 1.4171 1.4193 1.4246 1.4364 1.4512 1.4589 1.464 1.4683
NaN NaN NaN NaN NaN NaN NaN NaN 0.88697 0.91354 0.95372 1.0081 1.0787 1.1516 1.2119 1.1772 1.2466 1.277 1.3018 1.3217 1.3384 1.3503 1.3615 1.3697 1.3774 1.3845 1.3908 1.3972 1.4028 1.4079 1.4104 1.4164 1.4281 1.4423 1.4497 1.4552 1.4586
NaN NaN NaN NaN NaN NaN NaN NaN 0.91424 0.93957 0.98164 1.0365 1.0925 1.141 1.1773 1.1675 1.2307 1.2582 1.2846 1.3075 1.3253 1.3386 1.351 1.3605 1.3696 1.3768 1.3835 1.3914 1.3977 1.4032 1.4074 1.4151 1.4233 1.4362 1.4424 1.4474 1.4504
NaN NaN NaN NaN NaN NaN NaN NaN 0.92038 0.95447 0.99806 1.0463 1.0884 1.1248 1.1565 1.1658 1.2199 1.2467 1.2694 1.2893 1.3063 1.3184 1.3296 1.3377 1.3456 1.3613 1.365 1.3391 1.3878 1.3944 1.398 1.4079 1.4185 1.4285 1.4352 1.4396 1.4423
NaN NaN NaN NaN NaN NaN NaN NaN 0.92039 0.97273 1.0122 1.0515 1.0844 1.1152 1.1467 1.1665 1.2123 1.2384 1.2624 1.2831 1.3007 1.319 1.3329 1.347 1.3642 1.3879 1.4032 1.3722 1.3872 1.3912 1.3951 1.4059 1.4141 1.4247 1.4327 1.4286 1.4381
NaN NaN NaN NaN NaN NaN NaN NaN NaN 1.0063 1.0361 1.0644 1.0884 1.1147 1.145 1.1708 1.2091 1.2304 1.2536 1.2737 1.293 1.3126 1.3285 1.3427 1.3588 1.3771 1.384 1.358 1.3816 1.387 1.3912 1.4023 1.4109 1.4209 1.4299 1.423 1.4332
NaN NaN NaN NaN NaN NaN NaN NaN NaN 1.0275 1.057 1.0673 1.083 1.111 1.1444 1.175 1.2109 1.2316 1.2504 1.27 1.2918 1.3118 1.327 1.3414 1.3555 1.37 1.3744 1.3548 1.3782 1.3844 1.3906 1.4008 1.4092 1.4193 1.4267 1.4246 1.4294
NaN NaN NaN NaN NaN NaN NaN NaN NaN NaN 1.0543 1.0584 1.075 1.1128 1.1483 1.1802 1.2127 1.2313 1.2495 1.27 1.2893 1.308 1.323 1.3355 1.3499 1.3624 1.366 1.3527 1.3748 1.3814 1.3895 1.3986 1.4072 1.4157 1.4209 1.419 1.4237
NaN NaN NaN NaN NaN NaN NaN NaN NaN NaN NaN 1.0631 1.0799 1.1192 1.1549 1.1849 1.2115 1.2277 1.2474 1.2679 1.2873 1.3045 1.3198 1.3322 1.3451 1.3569 1.3605 1.3523 1.3717 1.3785 1.3869 1.3954 1.403 1.4114 1.414 1.4128 1.417
NaN NaN NaN NaN NaN NaN NaN NaN NaN NaN NaN 1.0669 1.0866 1.1179 1.1487 1.1761 1.2011 1.2172 1.2372 1.2622 1.2833 1.2994 1.3145 1.3267 1.3391 1.3502 1.3548 1.3494 1.3672 1.3742 1.3839 1.3913 1.3976 1.4043 1.4068 1.4069 1.4097
NaN NaN NaN NaN NaN NaN NaN NaN NaN NaN NaN NaN 1.0709 1.1124 1.1258 1.1589 1.1889 1.2094 1.2315 1.2559 1.2773 1.2931 1.3083 1.3201 1.3333 1.3443 1.3494 1.3477 1.3625 1.3699 1.3795 1.3871 1.3934 1.3983 1.4 1.3996 1.4005
NaN NaN NaN NaN NaN NaN NaN NaN NaN NaN NaN NaN NaN 1.1327 1.1413 1.1575 1.1917 1.2087 1.2288 1.2525 1.2723 1.2882 1.3031 1.3149 1.3265 1.3384 1.3427 1.344 1.3578 1.3641 1.3751 1.3817 1.3875 1.3912 1.3923 1.3921 1.3908
NaN NaN NaN NaN NaN NaN NaN NaN NaN NaN NaN NaN NaN NaN 1.1489 1.174 1.1848 1.1927 1.2153 1.242 1.2558 1.2779 1.2932 1.3066 1.3207 1.3311 1.3373 1.341 1.3518 1.3593 1.3704 1.3769 1.3817 1.3843 1.3851 1.3839 1.3833
NaN NaN NaN NaN NaN NaN NaN NaN NaN NaN NaN NaN NaN NaN NaN 1.1774 1.1838 1.1776 1.2009 1.2313 1.2472 1.2691 1.284 1.2973 1.3109 1.3229 1.329 1.3371 1.34 1.3502 1.3647 1.3722 1.3764 1.378 1.3788 1.3776 1.3749
NaN NaN NaN NaN NaN NaN NaN NaN NaN NaN NaN NaN NaN NaN NaN NaN NaN 1.1883 1.1988 1.2167 1.224 1.253 1.2679 1.2805 1.2965 1.316 1.3246 1.3358 1.3396 1.3483 1.3591 1.3667 1.3704 1.371 1.3722 1.3701 1.367
NaN NaN NaN NaN NaN NaN NaN NaN NaN NaN NaN NaN NaN NaN NaN NaN NaN NaN 1.1964 1.2225 1.2087 1.2387 1.2573 1.267 1.2786 1.3056 1.318 1.3211 1.3316 1.3422 1.3536 1.3617 1.3652 1.3648 1.3649 1.3628 1.3593
NaN NaN NaN NaN NaN NaN NaN NaN NaN NaN NaN NaN NaN NaN NaN NaN NaN NaN NaN NaN 1.2005 1.2518 1.2527 1.2452 1.249 1.2896 1.3062 1.3031 1.3218 1.3343 1.35 1.3573 1.3587 1.3579 1.3568 1.3549 1.3527
NaN NaN NaN NaN NaN NaN NaN NaN NaN NaN NaN NaN NaN NaN NaN NaN NaN NaN NaN NaN NaN NaN 1.261 1.2589 1.2395 1.2716 1.2876 1.2778 1.3074 1.3162 1.326 1.3482 1.3499 1.348 1.346 1.3443 1.3428
NaN NaN NaN NaN NaN NaN NaN NaN NaN NaN NaN NaN NaN NaN NaN NaN NaN NaN NaN NaN NaN NaN NaN NaN 1.238 1.2536 1.2444 1.2336 1.2679 1.2863 1.2851 1.3203 1.3313 1.3235 1.3278 1.331 1.3228
NaN NaN NaN NaN NaN NaN NaN NaN NaN NaN NaN NaN NaN NaN NaN NaN NaN NaN NaN NaN NaN NaN NaN NaN NaN NaN 1.2331 1.2417 1.2518 1.2703 1.246 1.2715 1.2887 1.2731 1.2962 1.3004 1.3014
NaN NaN NaN NaN NaN NaN NaN NaN NaN NaN NaN NaN NaN NaN NaN NaN NaN NaN NaN NaN NaN NaN NaN NaN NaN NaN NaN NaN 1.2265 1.2855 1.2438 1.2488 1.2275 1.1694 1.1376 1.0091 0.43414
NaN NaN NaN NaN NaN NaN NaN NaN NaN NaN NaN NaN NaN NaN NaN NaN NaN NaN NaN NaN NaN NaN NaN NaN NaN NaN NaN NaN NaN NaN 1.2281 1.1837 1.103 0.93638 0.36271 NaN NaN
NaN NaN NaN NaN NaN NaN NaN NaN NaN NaN NaN NaN NaN NaN NaN NaN NaN NaN NaN NaN NaN NaN NaN NaN NaN NaN NaN NaN NaN NaN NaN NaN 0.85736 0.27284 NaN NaN NaN
NaN NaN NaN NaN NaN NaN NaN NaN NaN NaN NaN NaN NaN NaN NaN NaN NaN NaN NaN NaN NaN NaN NaN NaN NaN NaN NaN NaN NaN NaN NaN NaN NaN NaN NaN NaN NaN
NaN NaN NaN NaN NaN NaN NaN NaN NaN NaN NaN NaN NaN NaN NaN NaN NaN NaN NaN NaN NaN NaN NaN NaN NaN NaN NaN NaN NaN NaN NaN NaN NaN NaN NaN NaN NaN
NaN NaN NaN NaN NaN NaN NaN NaN NaN NaN NaN NaN NaN NaN NaN NaN NaN NaN NaN NaN NaN NaN NaN NaN NaN NaN NaN NaN NaN NaN NaN NaN NaN NaN NaN NaN NaN
