NaN NaN NaN NaN NaN NaN NaN NaN NaN NaN 1.4256 1.516 1.483 1.5287 1.5259 1.4632 1.4249 1.4196 1.4324 1.4528 1.473 1.4818 1.492 1.5038 1.5067 1.517 1.5211 1.5314 1.5381 1.5428 1.5491 1.555 1.5669 1.5805 1.5932 1.5998 1.6046
NaN NaN NaN NaN NaN NaN NaN NaN NaN NaN NaN NaN NaN NaN 1.5197 1.4442 1.4025 1.4055 1.4245 1.4444 1.4636 1.475 1.4874 1.4985 1.5019 1.5115 1.5162 1.5254 1.5321 1.5361 1.5426 1.5468 1.5592 1.5748 1.5858 1.5923 1.5968
NaN NaN NaN NaN NaN NaN NaN NaN 0.40294 0.37082 0.35038 0.3237 0.2896 0.25864 1.5301 1.4133 1.3916 1.3998 1.4204 1.4395 1.4572 1.4695 1.4819 1.4904 1.497 1.5049 1.5099 1.5185 1.5255 1.529 1.5339 1.5375 1.5511 1.5674 1.577 1.5835 1.5872
NaN NaN NaN NaN NaN NaN NaN NaN 0.73244 0.77722 0.82675 0.89595 0.99443 1.1602 1.4584 1.3346 1.3699 1.3911 1.4133 1.4311 1.4496 1.4609 1.4737 1.482 1.4894 1.4974 1.5033 1.5112 1.5179 1.5223 1.526 1.5303 1.5448 1.5585 1.5666 1.5728 1.5769
NaN NaN NaN NaN NaN NaN NaN NaN 0.92812 0.96187 0.99883 1.051 1.1295 1.2353 1.3546 1.2759 1.347 1.3766 1.4006 1.4204 1.4383 1.4509 1.4632 1.4721 1.4795 1.4874 1.4933 1.5006 1.5076 1.5117 1.514 1.5197 1.5325 1.5487 1.5572 1.5629 1.5677
NaN NaN NaN NaN NaN NaN NaN NaN 0.94234 0.97045 1.013 1.0709 1.1463 1.2242 1.2887 1.2503 1.3248 1.3581 1.3852 1.4072 1.4255 1.4386 1.4509 1.4601 1.4685 1.4762 1.4832 1.4901 1.4963 1.5019 1.5045 1.511 1.5237 1.5393 1.5474 1.5536 1.5574
NaN NaN NaN NaN NaN NaN NaN NaN 0.97086 0.99762 1.0424 1.101 1.1609 1.2127 1.2515 1.24 1.3078 1.338 1.3668 1.3919 1.4114 1.4261 1.4397 1.4501 1.4602 1.468 1.4753 1.4839 1.4908 1.4969 1.5014 1.5097 1.5186 1.5328 1.5397 1.5452 1.5487
NaN NaN NaN NaN NaN NaN NaN NaN 0.97692 1.0132 1.0598 1.1114 1.1564 1.1953 1.2291 1.2383 1.2963 1.3258 1.3506 1.3724 1.3911 1.4045 1.4168 1.4259 1.4346 1.4519 1.4563 1.4274 1.4801 1.4874 1.4913 1.502 1.5135 1.5245 1.5319 1.5369 1.54
NaN NaN NaN NaN NaN NaN NaN NaN 0.97686 1.0326 1.0748 1.1169 1.1521 1.1849 1.2185 1.2391 1.2882 1.3169 1.3431 1.3657 1.3848 1.4048 1.4202 1.4355 1.4541 1.4801 1.4969 1.4627 1.4794 1.4839 1.4882 1.4998 1.5087 1.5205 1.5293 1.525 1.5355
NaN NaN NaN NaN NaN NaN NaN NaN NaN 1.0684 1.1002 1.1305 1.1561 1.1843 1.2166 1.2437 1.2849 1.3088 1.334 1.3561 1.3766 1.3978 1.4153 1.4308 1.4483 1.4684 1.4762 1.4475 1.4732 1.4794 1.4839 1.496 1.5053 1.5163 1.5263 1.5189 1.5301
NaN NaN NaN NaN NaN NaN NaN NaN NaN 1.091 1.1225 1.1334 1.1502 1.1801 1.2159 1.2483 1.2868 1.3099 1.3307 1.3521 1.3752 1.3969 1.4134 1.4292 1.4447 1.4607 1.4658 1.4441 1.4695 1.4765 1.4832 1.4943 1.5034 1.5145 1.5228 1.5206 1.5259
NaN NaN NaN NaN NaN NaN NaN NaN NaN NaN 1.1196 1.1239 1.1415 1.182 1.22 1.2539 1.2888 1.3095 1.3296 1.3519 1.3726 1.3927 1.4091 1.4227 1.4385 1.4523 1.4566 1.4418 1.4657 1.473 1.4819 1.4918 1.5012 1.5106 1.5165 1.5145 1.5197
NaN NaN NaN NaN NaN NaN NaN NaN NaN NaN NaN 1.1288 1.1467 1.1887 1.227 1.2588 1.2874 1.3056 1.3272 1.3495 1.3703 1.3888 1.4055 1.4191 1.4333 1.4463 1.4505 1.4413 1.4623 1.4699 1.4791 1.4883 1.4966 1.5059 1.509 1.5078 1.5125
NaN NaN NaN NaN NaN NaN NaN NaN NaN NaN NaN 1.1329 1.154 1.1874 1.2203 1.2495 1.2763 1.2944 1.3162 1.3433 1.3661 1.3833 1.3997 1.4131 1.4266 1.439 1.4443 1.4382 1.4574 1.4652 1.4757 1.4839 1.4909 1.4983 1.5012 1.5014 1.5046
NaN NaN NaN NaN NaN NaN NaN NaN NaN NaN NaN NaN 1.1375 1.1819 1.1959 1.2311 1.2633 1.2859 1.31 1.3365 1.3595 1.3765 1.393 1.4059 1.4203 1.4325 1.4383 1.4364 1.4523 1.4605 1.4711 1.4793 1.4863 1.4918 1.4939 1.4936 1.4947
NaN NaN NaN NaN NaN NaN NaN NaN NaN NaN NaN NaN NaN 1.2034 1.2126 1.2296 1.2664 1.2852 1.3072 1.3328 1.3541 1.3713 1.3874 1.4002 1.4129 1.426 1.4311 1.4323 1.4472 1.4542 1.4663 1.4735 1.4799 1.4841 1.4856 1.4855 1.4843
NaN NaN NaN NaN NaN NaN NaN NaN NaN NaN NaN NaN NaN NaN 1.2207 1.2476 1.2593 1.2682 1.2926 1.3216 1.3365 1.3602 1.3767 1.3913 1.4067 1.4181 1.4252 1.429 1.4408 1.4491 1.4612 1.4684 1.4738 1.4768 1.4779 1.4767 1.4763
NaN NaN NaN NaN NaN NaN NaN NaN NaN NaN NaN NaN NaN NaN NaN 1.2514 1.2585 1.2522 1.2774 1.3101 1.3274 1.3508 1.3669 1.3813 1.3961 1.4093 1.4161 1.425 1.428 1.4392 1.4551 1.4633 1.4681 1.4699 1.4711 1.4699 1.4672
NaN NaN NaN NaN NaN NaN NaN NaN NaN NaN NaN NaN NaN NaN NaN NaN NaN 1.2639 1.2754 1.2946 1.3026 1.3336 1.3497 1.3632 1.3806 1.4019 1.4114 1.4236 1.4276 1.4372 1.4491 1.4575 1.4615 1.4624 1.464 1.4618 1.4587
NaN NaN NaN NaN NaN NaN NaN NaN NaN NaN NaN NaN NaN NaN NaN NaN NaN NaN 1.2732 1.3013 1.2864 1.3186 1.3385 1.3488 1.3614 1.3907 1.4044 1.4077 1.4191 1.4306 1.4431 1.4521 1.456 1.4558 1.4561 1.454 1.4505
NaN NaN NaN NaN NaN NaN NaN NaN NaN NaN NaN NaN NaN NaN NaN NaN NaN NaN NaN NaN 1.278 1.3332 1.3342 1.3256 1.3297 1.3737 1.3918 1.3883 1.4085 1.4221 1.4393 1.4474 1.449 1.4484 1.4474 1.4455 1.4433
NaN NaN NaN NaN NaN NaN NaN NaN NaN NaN NaN NaN NaN NaN NaN NaN NaN NaN NaN NaN NaN NaN 1.3429 1.3408 1.3202 1.3544 1.3718 1.361 1.393 1.4027 1.4134 1.4376 1.4396 1.4376 1.4358 1.4341 1.4326
NaN NaN NaN NaN NaN NaN NaN NaN NaN NaN NaN NaN NaN NaN NaN NaN NaN NaN NaN NaN NaN NaN NaN NaN 1.3183 1.3354 1.3258 1.3138 1.3508 1.3707 1.3693 1.4076 1.4197 1.4113 1.4161 1.4198 1.4111
NaN NaN NaN NaN NaN NaN NaN NaN NaN NaN NaN NaN NaN NaN NaN NaN NaN NaN NaN NaN NaN NaN NaN NaN NaN NaN 1.3138 1.3224 1.3334 1.3543 1.3274 1.3552 1.3741 1.3571 1.3822 1.3871 1.3883
NaN NaN NaN NaN NaN NaN NaN NaN NaN NaN NaN NaN NaN NaN NaN NaN NaN NaN NaN NaN NaN NaN NaN NaN NaN NaN NaN NaN 1.3063 1.3697 1.3255 1.3312 1.3093 1.2472 1.2144 1.0786 0.46705
NaN NaN NaN NaN NaN NaN NaN NaN NaN NaN NaN NaN NaN NaN NaN NaN NaN NaN NaN NaN NaN NaN NaN NaN NaN NaN NaN NaN NaN NaN 1.2957 1.2622 1.1771 1.0002 0.38969 NaN NaN
NaN NaN NaN NaN NaN NaN NaN NaN NaN NaN NaN NaN NaN NaN NaN NaN NaN NaN NaN NaN NaN NaN NaN NaN NaN NaN NaN NaN NaN NaN NaN NaN 0.91593 0.29259 NaN NaN NaN
NaN NaN NaN NaN NaN NaN NaN NaN NaN NaN NaN NaN NaN NaN NaN NaN NaN NaN NaN NaN NaN NaN NaN NaN NaN NaN NaN NaN NaN NaN NaN NaN NaN NaN NaN NaN NaN
NaN NaN NaN NaN NaN NaN NaN NaN NaN NaN NaN NaN NaN NaN NaN NaN NaN NaN NaN NaN NaN NaN NaN NaN NaN NaN NaN NaN NaN NaN NaN NaN NaN NaN NaN NaN NaN
NaN NaN NaN NaN NaN NaN NaN NaN NaN NaN NaN NaN NaN NaN NaN NaN NaN NaN NaN NaN NaN NaN NaN NaN NaN NaN NaN NaN NaN NaN NaN NaN NaN NaN NaN NaN NaN
