NaN NaN NaN NaN NaN NaN NaN NaN NaN NaN 1.7139 1.9597 2.0089 2.1614 2.1995 2.2117 2.1794 2.1718 2.203 2.2515 2.3029 2.3269 2.3538 2.3814 2.3902 2.4156 2.4272 2.4518 2.4708 2.4887 2.5093 2.527 2.5537 2.5795 2.6046 2.6192 2.6314
NaN NaN NaN NaN NaN NaN NaN NaN NaN NaN NaN NaN NaN NaN 1.969 2.0474 2.1023 2.1083 2.1562 2.2123 2.2679 2.3014 2.3367 2.3681 2.3815 2.4075 2.4205 2.4441 2.4633 2.4797 2.5003 2.5138 2.5401 2.5688 2.5907 2.6053 2.6174
NaN NaN NaN NaN NaN NaN NaN NaN 0.33899 0.30584 0.28122 0.25102 0.21399 0.17676 1.9722 1.9375 2.0429 2.0614 2.1171 2.1771 2.2354 2.2767 2.318 2.3499 2.3727 2.3979 2.4128 2.4365 2.4565 2.4716 2.4889 2.5002 2.5279 2.5572 2.5766 2.5915 2.6024
NaN NaN NaN NaN NaN NaN NaN NaN 0.72149 0.78131 0.85406 0.95977 1.1179 1.3914 1.9187 1.8238 1.9878 2.0235 2.0842 2.1435 2.2052 2.2492 2.2959 2.331 2.359 2.3862 2.4048 2.4282 2.4482 2.4642 2.4791 2.4914 2.5202 2.5451 2.5619 2.5764 2.5879
NaN NaN NaN NaN NaN NaN NaN NaN 0.99834 1.0521 1.117 1.2107 1.354 1.5568 1.8104 1.7383 1.9398 1.9884 2.0514 2.1125 2.1737 2.2225 2.2721 2.3111 2.3429 2.3724 2.3931 2.4165 2.4372 2.4523 2.4639 2.4773 2.5019 2.5307 2.5475 2.5614 2.5741
NaN NaN NaN NaN NaN NaN NaN NaN 1.0656 1.1149 1.1882 1.2909 1.4287 1.5831 1.7283 1.6997 1.8961 1.9534 2.0192 2.0819 2.1432 2.1947 2.2464 2.2879 2.324 2.3548 2.3788 2.4018 2.4213 2.4382 2.4489 2.4636 2.4882 2.5167 2.5327 2.5475 2.5587
NaN NaN NaN NaN NaN NaN NaN NaN 1.1314 1.1796 1.2574 1.3619 1.4752 1.584 1.6753 1.6859 1.8625 1.9188 1.9848 2.05 2.1112 2.1652 2.2192 2.2639 2.3043 2.3361 2.3617 2.3876 2.4087 2.4269 2.4407 2.4592 2.4785 2.5057 2.5193 2.5327 2.5428
NaN NaN NaN NaN NaN NaN NaN NaN 1.1652 1.2263 1.3074 1.4009 1.4887 1.5704 1.6446 1.6874 1.8391 1.8977 1.9595 2.0201 2.08 2.1332 2.1868 2.2315 2.2708 2.3166 2.3351 2.297 2.3946 2.4073 2.4202 2.4434 2.4668 2.4893 2.5036 2.5158 2.5251
NaN NaN NaN NaN NaN NaN NaN NaN 1.193 1.2701 1.3454 1.4229 1.4916 1.5586 1.6283 1.6904 1.819 1.8764 1.9376 1.996 2.0519 2.1112 2.1646 2.2149 2.2661 2.326 2.3706 2.3342 2.3919 2.3978 2.4095 2.4345 2.4532 2.477 2.4939 2.491 2.5139
NaN NaN NaN NaN NaN NaN NaN NaN NaN 1.3282 1.3881 1.4471 1.4982 1.5555 1.6233 1.698 1.809 1.8592 1.9181 1.9731 2.0295 2.09 2.146 2.1986 2.2523 2.3087 2.3402 2.305 2.3752 2.3856 2.3968 2.4218 2.4404 2.4627 2.4816 2.474 2.5008
NaN NaN NaN NaN NaN NaN NaN NaN NaN 1.3733 1.428 1.4556 1.4907 1.5497 1.6214 1.7039 1.8042 1.8534 1.9039 1.9552 2.0152 2.0762 2.1308 2.1851 2.2374 2.2888 2.3136 2.2861 2.357 2.3712 2.3862 2.4101 2.4282 2.4507 2.4682 2.4689 2.4874
NaN NaN NaN NaN NaN NaN NaN NaN NaN NaN 1.4306 1.4458 1.4785 1.5512 1.6263 1.7111 1.8019 1.8468 1.8931 1.9461 2.0026 2.0611 2.1151 2.1661 2.2195 2.2663 2.2878 2.2705 2.3383 2.3552 2.3755 2.3985 2.4182 2.4388 2.4532 2.4537 2.4713
NaN NaN NaN NaN NaN NaN NaN NaN NaN NaN NaN 1.4463 1.482 1.56 1.6365 1.719 1.7969 1.8362 1.8833 1.9357 1.9915 2.047 2.1009 2.1513 2.202 2.2466 2.267 2.2595 2.321 2.3405 2.3636 2.3868 2.4059 2.4268 2.4366 2.4383 2.455
NaN NaN NaN NaN NaN NaN NaN NaN NaN NaN NaN 1.4558 1.496 1.5644 1.6352 1.7117 1.7823 1.819 1.863 1.9212 1.98 2.0329 2.086 2.1351 2.1842 2.2266 2.2484 2.2469 2.3034 2.3247 2.3523 2.3747 2.3925 2.4105 2.4198 2.4245 2.4385
NaN NaN NaN NaN NaN NaN NaN NaN NaN NaN NaN NaN 1.4983 1.576 1.6107 1.6899 1.7626 1.8028 1.8486 1.9065 1.9663 2.018 2.0706 2.1179 2.1675 2.2086 2.2313 2.2376 2.287 2.3102 2.3394 2.3626 2.3814 2.3969 2.4058 2.4105 2.4209
NaN NaN NaN NaN NaN NaN NaN NaN NaN NaN NaN NaN NaN 1.6002 1.6284 1.6821 1.7606 1.7945 1.8385 1.8968 1.9542 2.006 2.0578 2.1046 2.1508 2.1927 2.2142 2.227 2.2725 2.2946 2.3278 2.3501 2.369 2.383 2.3912 2.3969 2.4034
NaN NaN NaN NaN NaN NaN NaN NaN NaN NaN NaN NaN NaN NaN 1.64 1.7062 1.7519 1.768 1.8173 1.8836 1.9262 1.988 2.039 2.0873 2.1366 2.1752 2.2002 2.2186 2.2569 2.2816 2.3161 2.3389 2.3571 2.3694 2.3773 2.3816 2.3891
NaN NaN NaN NaN NaN NaN NaN NaN NaN NaN NaN NaN NaN NaN NaN 1.7089 1.7456 1.7485 1.7971 1.8661 1.9078 1.9724 2.0224 2.0703 2.1179 2.1587 2.1835 2.2109 2.2328 2.2632 2.3033 2.328 2.3458 2.3565 2.365 2.3699 2.3733
NaN NaN NaN NaN NaN NaN NaN NaN NaN NaN NaN NaN NaN NaN NaN NaN NaN 1.7607 1.7998 1.8495 1.8702 1.9494 1.9976 2.0415 2.0898 2.1416 2.1699 2.2048 2.2271 2.2576 2.292 2.3172 2.334 2.3434 2.3531 2.3565 2.3589
NaN NaN NaN NaN NaN NaN NaN NaN NaN NaN NaN NaN NaN NaN NaN NaN NaN NaN 1.789 1.8569 1.8478 1.927 1.9806 2.0182 2.057 2.1219 2.1579 2.1805 2.213 2.2454 2.2808 2.3073 2.3242 2.3321 2.3403 2.3436 2.3447
NaN NaN NaN NaN NaN NaN NaN NaN NaN NaN NaN NaN NaN NaN NaN NaN NaN NaN NaN NaN 1.8146 1.9303 1.9807 1.9854 2.0037 2.094 2.1376 2.1484 2.1956 2.2293 2.2729 2.2988 2.3122 2.3198 2.3261 2.3295 2.3315
NaN NaN NaN NaN NaN NaN NaN NaN NaN NaN NaN NaN NaN NaN NaN NaN NaN NaN NaN NaN NaN NaN 1.8587 1.9134 1.974 2.0647 2.1073 2.1036 2.1731 2.1989 2.2312 2.283 2.2962 2.3026 2.3077 2.3105 2.3124
NaN NaN NaN NaN NaN NaN NaN NaN NaN NaN NaN NaN NaN NaN NaN NaN NaN NaN NaN NaN NaN NaN NaN NaN 1.8325 1.9957 2.0561 2.0436 2.1152 2.1535 2.1602 2.2361 2.2635 2.2606 2.2772 2.2867 2.2753
NaN NaN NaN NaN NaN NaN NaN NaN NaN NaN NaN NaN NaN NaN NaN NaN NaN NaN NaN NaN NaN NaN NaN NaN NaN NaN 1.9193 1.9969 2.0858 2.1419 2.1051 2.1642 2.196 2.1737 2.223 2.2289 2.2338
NaN NaN NaN NaN NaN NaN NaN NaN NaN NaN NaN NaN NaN NaN NaN NaN NaN NaN NaN NaN NaN NaN NaN NaN NaN NaN NaN NaN 1.8266 1.9438 2.0251 2.0864 2.1257 2.0497 2.0412 1.895 1.1987
NaN NaN NaN NaN NaN NaN NaN NaN NaN NaN NaN NaN NaN NaN NaN NaN NaN NaN NaN NaN NaN NaN NaN NaN NaN NaN NaN NaN NaN NaN 1.6447 1.9371 1.9714 1.7663 1.0093 NaN NaN
NaN NaN NaN NaN NaN NaN NaN NaN NaN NaN NaN NaN NaN NaN NaN NaN NaN NaN NaN NaN NaN NaN NaN NaN NaN NaN NaN NaN NaN NaN NaN NaN 1.5448 0.75439 NaN NaN NaN
NaN NaN NaN NaN NaN NaN NaN NaN NaN NaN NaN NaN NaN NaN NaN NaN NaN NaN NaN NaN NaN NaN NaN NaN NaN NaN NaN NaN NaN NaN NaN NaN NaN NaN NaN NaN NaN
NaN NaN NaN NaN NaN NaN NaN NaN NaN NaN NaN NaN NaN NaN NaN NaN NaN NaN NaN NaN NaN NaN NaN NaN NaN NaN NaN NaN NaN NaN NaN NaN NaN NaN NaN NaN NaN
NaN NaN NaN NaN NaN NaN NaN NaN NaN NaN NaN NaN NaN NaN NaN NaN NaN NaN NaN NaN NaN NaN NaN NaN NaN NaN NaN NaN NaN NaN NaN NaN NaN NaN NaN NaN NaN
