NaN NaN NaN NaN NaN NaN NaN NaN NaN NaN 1.5278 1.7963 1.8203 1.9458 1.9609 1.906 1.8522 1.8453 1.8735 1.9163 1.9619 1.9836 2.0074 2.0314 2.0391 2.061 2.071 2.0926 2.1093 2.1254 2.1439 2.1599 2.1834 2.2058 2.2275 2.2403 2.2512
NaN NaN NaN NaN NaN NaN NaN NaN NaN NaN NaN NaN NaN NaN 1.7336 1.7879 1.7826 1.7851 1.8275 1.8778 1.9279 1.9585 1.9902 2.0183 2.0304 2.0533 2.0646 2.0853 2.1022 2.1171 2.1356 2.1479 2.1709 2.1956 2.2145 2.2274 2.2382
NaN NaN NaN NaN NaN NaN NaN NaN 0.26449 0.2385 0.21937 0.196 0.1674 0.13854 1.7428 1.6799 1.727 1.7393 1.7883 1.8424 1.8956 1.9336 1.9713 2.0006 2.0214 2.0439 2.0572 2.0781 2.0959 2.1096 2.1252 2.1356 2.1596 2.1847 2.2014 2.2146 2.2244
NaN NaN NaN NaN NaN NaN NaN NaN 0.57936 0.6314 0.69601 0.7902 0.93229 1.18 1.6676 1.5531 1.676 1.7021 1.7554 1.8091 1.8655 1.9063 1.9493 1.9819 2.0077 2.0324 2.0491 2.0701 2.088 2.1024 2.116 2.1272 2.1521 2.1734 2.1879 2.2007 2.211
NaN NaN NaN NaN NaN NaN NaN NaN 0.81198 0.85973 0.91831 1.0031 1.1327 1.3177 1.5529 1.4655 1.6315 1.6684 1.7237 1.7788 1.8347 1.88 1.9261 1.9624 1.992 2.0191 2.038 2.0591 2.0778 2.0916 2.1023 2.1143 2.1356 2.1601 2.1746 2.1868 2.1982
NaN NaN NaN NaN NaN NaN NaN NaN 0.8727 0.91683 0.98202 1.0735 1.1965 1.3361 1.4682 1.4242 1.591 1.6359 1.6932 1.7494 1.8054 1.8533 1.9013 1.9403 1.9739 2.0024 2.0244 2.0455 2.0632 2.0785 2.0885 2.1015 2.1227 2.1471 2.161 2.174 2.1841
NaN NaN NaN NaN NaN NaN NaN NaN 0.92876 0.97178 1.0405 1.1327 1.2335 1.3314 1.4124 1.4073 1.5596 1.6044 1.6617 1.7195 1.7752 1.8252 1.8754 1.9172 1.9549 1.9844 2.008 2.0316 2.0508 2.0675 2.08 2.0964 2.1133 2.1367 2.1485 2.1604 2.1696
NaN NaN NaN NaN NaN NaN NaN NaN 0.95807 1.0115 1.0827 1.1649 1.2426 1.3152 1.3785 1.405 1.5369 1.5845 1.6383 1.6923 1.7468 1.7962 1.8463 1.8884 1.9254 1.9671 1.9848 1.9524 2.0379 2.0491 2.061 2.0815 2.1019 2.1215 2.134 2.1449 2.1535
NaN NaN NaN NaN NaN NaN NaN NaN 0.98289 1.0481 1.1141 1.1821 1.2423 1.3008 1.3591 1.4053 1.5177 1.5648 1.6177 1.6695 1.7202 1.7744 1.8238 1.8702 1.9167 1.9702 2.0106 1.9815 2.0346 2.04 2.0506 2.0725 2.089 2.1098 2.1246 2.1227 2.143
NaN NaN NaN NaN NaN NaN NaN NaN NaN 1.0955 1.1483 1.2 1.2445 1.2941 1.3505 1.41 1.5075 1.549 1.6001 1.6486 1.6993 1.7542 1.8056 1.8541 1.9031 1.9543 1.984 1.9554 2.0188 2.0283 2.0386 2.0605 2.0767 2.0962 2.1128 2.107 2.1309
NaN NaN NaN NaN NaN NaN NaN NaN NaN 1.1331 1.1803 1.2052 1.2356 1.2863 1.3459 1.4135 1.5016 1.5427 1.5866 1.6318 1.6852 1.7403 1.7905 1.8405 1.8886 1.9358 1.9598 1.9373 2.0012 2.0144 2.028 2.0491 2.0648 2.0845 2.1 2.1013 2.1183
NaN NaN NaN NaN NaN NaN NaN NaN NaN NaN 1.1818 1.1954 1.2232 1.2851 1.3476 1.4183 1.4983 1.5361 1.5763 1.6227 1.6731 1.726 1.7755 1.8228 1.8718 1.9151 1.9362 1.9221 1.9831 1.999 2.0173 2.0377 2.055 2.0732 2.0863 2.0874 2.1035
NaN NaN NaN NaN NaN NaN NaN NaN NaN NaN NaN 1.1928 1.2233 1.2902 1.3543 1.4242 1.4932 1.5264 1.5672 1.6129 1.6624 1.7126 1.762 1.8086 1.8555 1.8968 1.9167 1.9111 1.9665 1.9847 2.0057 2.0265 2.0434 2.0619 2.0712 2.0734 2.0887
NaN NaN NaN NaN NaN NaN NaN NaN NaN NaN NaN 1.1993 1.2333 1.2931 1.3531 1.4184 1.4809 1.5119 1.5496 1.5999 1.6518 1.6997 1.7483 1.7937 1.839 1.8784 1.8995 1.899 1.9498 1.9697 1.9948 2.015 2.031 2.0471 2.056 2.0608 2.0739
NaN NaN NaN NaN NaN NaN NaN NaN NaN NaN NaN NaN 1.2382 1.3043 1.3333 1.4007 1.4642 1.4977 1.5368 1.587 1.6397 1.6864 1.7344 1.7781 1.8237 1.8618 1.8836 1.8899 1.9344 1.956 1.9826 2.0036 2.0205 2.0347 2.0433 2.0482 2.0582
NaN NaN NaN NaN NaN NaN NaN NaN NaN NaN NaN NaN NaN 1.3253 1.3477 1.3925 1.4612 1.4898 1.5275 1.5782 1.629 1.6755 1.7228 1.7659 1.8086 1.8473 1.868 1.88 1.9209 1.9415 1.9715 1.9919 2.0091 2.0221 2.0302 2.036 2.0428
NaN NaN NaN NaN NaN NaN NaN NaN NaN NaN NaN NaN NaN NaN 1.3609 1.4153 1.453 1.4673 1.5099 1.5675 1.6052 1.6601 1.7063 1.7505 1.7956 1.8314 1.8551 1.8719 1.9066 1.9293 1.9606 1.9815 1.9982 2.0098 2.0177 2.0225 2.0301
NaN NaN NaN NaN NaN NaN NaN NaN NaN NaN NaN NaN NaN NaN NaN 1.4253 1.4525 1.45 1.4912 1.5524 1.5891 1.6466 1.6919 1.7357 1.7792 1.8168 1.8402 1.8649 1.8852 1.9129 1.9488 1.9713 1.9878 1.9981 2.0066 2.0119 2.0161
NaN NaN NaN NaN NaN NaN NaN NaN NaN NaN NaN NaN NaN NaN NaN NaN NaN 1.4649 1.4935 1.5372 1.557 1.6275 1.6709 1.711 1.7547 1.8013 1.8275 1.8588 1.8792 1.9073 1.9385 1.9614 1.977 1.9863 1.9959 2 2.0034
NaN NaN NaN NaN NaN NaN NaN NaN NaN NaN NaN NaN NaN NaN NaN NaN NaN NaN 1.5012 1.5576 1.5376 1.6083 1.6561 1.6908 1.7263 1.784 1.8167 1.8376 1.8668 1.8962 1.9282 1.9523 1.968 1.9761 1.9845 1.9886 1.9908
NaN NaN NaN NaN NaN NaN NaN NaN NaN NaN NaN NaN NaN NaN NaN NaN NaN NaN NaN NaN 1.5287 1.6337 1.6573 1.6626 1.6803 1.7598 1.7989 1.8098 1.8516 1.8817 1.9208 1.9444 1.9573 1.9651 1.972 1.9762 1.9791
NaN NaN NaN NaN NaN NaN NaN NaN NaN NaN NaN NaN NaN NaN NaN NaN NaN NaN NaN NaN NaN NaN 1.6286 1.67 1.6635 1.7337 1.7723 1.7711 1.8324 1.8556 1.885 1.9306 1.9432 1.9503 1.9561 1.9597 1.9625
NaN NaN NaN NaN NaN NaN NaN NaN NaN NaN NaN NaN NaN NaN NaN NaN NaN NaN NaN NaN NaN NaN NaN NaN 1.6065 1.7108 1.7314 1.7215 1.7836 1.8171 1.8242 1.8907 1.9151 1.9142 1.9302 1.9393 1.9306
NaN NaN NaN NaN NaN NaN NaN NaN NaN NaN NaN NaN NaN NaN NaN NaN NaN NaN NaN NaN NaN NaN NaN NaN NaN NaN 1.6448 1.7187 1.762 1.8091 1.778 1.8304 1.8581 1.8404 1.8843 1.8898 1.8946
NaN NaN NaN NaN NaN NaN NaN NaN NaN NaN NaN NaN NaN NaN NaN NaN NaN NaN NaN NaN NaN NaN NaN NaN NaN NaN NaN NaN 1.6176 1.7557 1.7748 1.8089 1.8034 1.7402 1.7389 1.6245 1.0686
NaN NaN NaN NaN NaN NaN NaN NaN NaN NaN NaN NaN NaN NaN NaN NaN NaN NaN NaN NaN NaN NaN NaN NaN NaN NaN NaN NaN NaN NaN 1.5292 1.7228 1.684 1.5131 0.90087 NaN NaN
NaN NaN NaN NaN NaN NaN NaN NaN NaN NaN NaN NaN NaN NaN NaN NaN NaN NaN NaN NaN NaN NaN NaN NaN NaN NaN NaN NaN NaN NaN NaN NaN 1.3159 0.67406 NaN NaN NaN
NaN NaN NaN NaN NaN NaN NaN NaN NaN NaN NaN NaN NaN NaN NaN NaN NaN NaN NaN NaN NaN NaN NaN NaN NaN NaN NaN NaN NaN NaN NaN NaN NaN NaN NaN NaN NaN
NaN NaN NaN NaN NaN NaN NaN NaN NaN NaN NaN NaN NaN NaN NaN NaN NaN NaN NaN NaN NaN NaN NaN NaN NaN NaN NaN NaN NaN NaN NaN NaN NaN NaN NaN NaN NaN
NaN NaN NaN NaN NaN NaN NaN NaN NaN NaN NaN NaN NaN NaN NaN NaN NaN NaN NaN NaN NaN NaN NaN NaN NaN NaN NaN NaN NaN NaN NaN NaN NaN NaN NaN NaN NaN
