NaN NaN NaN NaN NaN NaN NaN NaN NaN NaN 1.4217 1.5141 1.4824 1.529 1.5264 1.464 1.4256 1.42 1.4325 1.4528 1.473 1.4817 1.492 1.5039 1.5068 1.5173 1.5215 1.5319 1.5388 1.5436 1.5501 1.5562 1.5681 1.5816 1.5942 1.6008 1.6055
NaN NaN NaN NaN NaN NaN NaN NaN NaN NaN NaN NaN NaN NaN 1.5176 1.4443 1.4031 1.4056 1.4244 1.4443 1.4635 1.475 1.4875 1.4987 1.5022 1.512 1.5168 1.5261 1.5329 1.5371 1.5438 1.5481 1.5604 1.576 1.5869 1.5933 1.5978
NaN NaN NaN NaN NaN NaN NaN NaN 0.39909 0.36721 0.34686 0.32038 0.2866 0.25598 1.5279 1.4126 1.392 1.3996 1.42 1.4392 1.4571 1.4695 1.482 1.4908 1.4975 1.5056 1.5106 1.5195 1.5265 1.5302 1.5353 1.5389 1.5525 1.5686 1.5781 1.5846 1.5883
NaN NaN NaN NaN NaN NaN NaN NaN 0.72509 0.76989 0.82004 0.8901 0.98937 1.1561 1.4568 1.3339 1.3703 1.3908 1.4129 1.4308 1.4495 1.4609 1.474 1.4825 1.4901 1.4983 1.5043 1.5123 1.5192 1.5237 1.5276 1.5319 1.5464 1.5598 1.5679 1.574 1.5781
NaN NaN NaN NaN NaN NaN NaN NaN 0.92168 0.95577 0.99348 1.0465 1.1258 1.2327 1.3537 1.2753 1.3474 1.3763 1.4003 1.4201 1.4383 1.451 1.4637 1.4728 1.4805 1.4886 1.4946 1.502 1.5091 1.5133 1.5157 1.5215 1.5342 1.5502 1.5586 1.5642 1.5691
NaN NaN NaN NaN NaN NaN NaN NaN 0.93788 0.96636 1.0094 1.0679 1.1438 1.2225 1.288 1.2498 1.3252 1.3579 1.385 1.407 1.4256 1.4389 1.4515 1.461 1.4697 1.4776 1.4847 1.4918 1.4981 1.5037 1.5064 1.5129 1.5255 1.5409 1.5489 1.5551 1.5588
NaN NaN NaN NaN NaN NaN NaN NaN 0.96747 0.99462 1.0397 1.0986 1.1589 1.2114 1.2508 1.2395 1.3082 1.3379 1.3667 1.3918 1.4115 1.4264 1.4404 1.4512 1.4615 1.4695 1.477 1.4857 1.4927 1.4988 1.5034 1.5116 1.5205 1.5345 1.5413 1.5467 1.5502
NaN NaN NaN NaN NaN NaN NaN NaN 0.97451 1.011 1.0577 1.1095 1.1549 1.1942 1.2284 1.2379 1.2966 1.3258 1.3506 1.3726 1.3915 1.4052 1.4179 1.4273 1.4363 1.4537 1.4581 1.4296 1.4823 1.4895 1.4934 1.504 1.5154 1.5264 1.5336 1.5385 1.5415
NaN NaN NaN NaN NaN NaN NaN NaN 0.97509 1.0307 1.0731 1.1153 1.1508 1.1839 1.2178 1.2387 1.2885 1.3168 1.343 1.3657 1.3851 1.4054 1.421 1.4366 1.4554 1.4814 1.4983 1.4647 1.4817 1.486 1.4903 1.5019 1.5107 1.5223 1.531 1.5266 1.5371
NaN NaN NaN NaN NaN NaN NaN NaN NaN 1.0666 1.0986 1.129 1.1549 1.1833 1.2158 1.2434 1.2851 1.3083 1.3335 1.3556 1.3768 1.3984 1.4161 1.432 1.4498 1.4701 1.478 1.4497 1.4757 1.4816 1.4861 1.4981 1.5073 1.5181 1.5279 1.5206 1.5317
NaN NaN NaN NaN NaN NaN NaN NaN NaN 1.0894 1.121 1.1322 1.1491 1.1792 1.2151 1.2479 1.287 1.3095 1.33 1.3515 1.3753 1.3974 1.4143 1.4304 1.4462 1.4624 1.4676 1.4462 1.4719 1.4787 1.4853 1.4964 1.5053 1.5163 1.5245 1.5222 1.5276
NaN NaN NaN NaN NaN NaN NaN NaN NaN NaN 1.1182 1.1227 1.1404 1.181 1.2192 1.2535 1.2889 1.3091 1.329 1.3514 1.3726 1.3932 1.41 1.424 1.4401 1.4541 1.4585 1.4438 1.4681 1.4753 1.4841 1.494 1.5032 1.5125 1.5182 1.5162 1.5214
NaN NaN NaN NaN NaN NaN NaN NaN NaN NaN NaN 1.1274 1.1455 1.1877 1.2261 1.2585 1.2875 1.3052 1.3267 1.349 1.3703 1.3894 1.4064 1.4204 1.4349 1.4481 1.4523 1.4433 1.4646 1.4721 1.4813 1.4905 1.4987 1.5079 1.5108 1.5095 1.5143
NaN NaN NaN NaN NaN NaN NaN NaN NaN NaN NaN 1.1315 1.1527 1.1865 1.2196 1.2494 1.2765 1.2941 1.3158 1.3429 1.366 1.3838 1.4007 1.4144 1.4283 1.4408 1.4461 1.4402 1.4597 1.4674 1.478 1.4861 1.493 1.5003 1.5031 1.5032 1.5064
NaN NaN NaN NaN NaN NaN NaN NaN NaN NaN NaN NaN 1.1366 1.1811 1.1954 1.2311 1.2636 1.2857 1.3097 1.3362 1.3594 1.377 1.394 1.4072 1.422 1.4344 1.4402 1.4384 1.4546 1.4628 1.4734 1.4816 1.4885 1.4939 1.4959 1.4956 1.4967
NaN NaN NaN NaN NaN NaN NaN NaN NaN NaN NaN NaN NaN 1.2025 1.2119 1.2294 1.2664 1.2849 1.3068 1.3325 1.3541 1.3717 1.3884 1.4016 1.4147 1.4279 1.433 1.4343 1.4495 1.4565 1.4687 1.4759 1.4822 1.4864 1.4878 1.4876 1.4864
NaN NaN NaN NaN NaN NaN NaN NaN NaN NaN NaN NaN NaN NaN 1.22 1.2471 1.2592 1.268 1.2924 1.3215 1.3366 1.3608 1.3777 1.3927 1.4085 1.4201 1.4272 1.4312 1.4432 1.4514 1.4636 1.4708 1.4762 1.4791 1.4801 1.4789 1.4785
NaN NaN NaN NaN NaN NaN NaN NaN NaN NaN NaN NaN NaN NaN NaN 1.2509 1.2583 1.252 1.2773 1.3102 1.3275 1.3514 1.368 1.3828 1.3979 1.4113 1.4182 1.4272 1.4304 1.4416 1.4575 1.4658 1.4706 1.4724 1.4734 1.4722 1.4695
NaN NaN NaN NaN NaN NaN NaN NaN NaN NaN NaN NaN NaN NaN NaN NaN NaN 1.2636 1.2752 1.2948 1.3029 1.3344 1.3508 1.3647 1.3824 1.4038 1.4134 1.4257 1.43 1.4397 1.4516 1.4601 1.4641 1.465 1.4664 1.4643 1.4611
NaN NaN NaN NaN NaN NaN NaN NaN NaN NaN NaN NaN NaN NaN NaN NaN NaN NaN 1.2731 1.3015 1.2867 1.3193 1.3396 1.3503 1.3633 1.3927 1.4065 1.41 1.4215 1.4331 1.4457 1.4547 1.4587 1.4585 1.4587 1.4565 1.453
NaN NaN NaN NaN NaN NaN NaN NaN NaN NaN NaN NaN NaN NaN NaN NaN NaN NaN NaN NaN 1.2783 1.3338 1.3351 1.3271 1.3313 1.3756 1.3939 1.3907 1.4111 1.4247 1.442 1.4501 1.4518 1.4511 1.4501 1.4482 1.4459
NaN NaN NaN NaN NaN NaN NaN NaN NaN NaN NaN NaN NaN NaN NaN NaN NaN NaN NaN NaN NaN NaN 1.3436 1.342 1.3213 1.3563 1.374 1.3635 1.3957 1.4054 1.4162 1.4404 1.4425 1.4405 1.4386 1.4369 1.4353
NaN NaN NaN NaN NaN NaN NaN NaN NaN NaN NaN NaN NaN NaN NaN NaN NaN NaN NaN NaN NaN NaN NaN NaN 1.3192 1.3374 1.3283 1.3166 1.3536 1.3735 1.3723 1.4106 1.4226 1.4143 1.4191 1.4226 1.4139
NaN NaN NaN NaN NaN NaN NaN NaN NaN NaN NaN NaN NaN NaN NaN NaN NaN NaN NaN NaN NaN NaN NaN NaN NaN NaN 1.3153 1.3252 1.3364 1.3571 1.3307 1.3585 1.3772 1.3603 1.3853 1.3899 1.391
NaN NaN NaN NaN NaN NaN NaN NaN NaN NaN NaN NaN NaN NaN NaN NaN NaN NaN NaN NaN NaN NaN NaN NaN NaN NaN NaN NaN 1.3079 1.3724 1.329 1.3348 1.3128 1.2508 1.2182 1.083 0.47602
NaN NaN NaN NaN NaN NaN NaN NaN NaN NaN NaN NaN NaN NaN NaN NaN NaN NaN NaN NaN NaN NaN NaN NaN NaN NaN NaN NaN NaN NaN 1.2969 1.2661 1.1813 1.0049 0.39735 NaN NaN
NaN NaN NaN NaN NaN NaN NaN NaN NaN NaN NaN NaN NaN NaN NaN NaN NaN NaN NaN NaN NaN NaN NaN NaN NaN NaN NaN NaN NaN NaN NaN NaN 0.91952 0.2983 NaN NaN NaN
NaN NaN NaN NaN NaN NaN NaN NaN NaN NaN NaN NaN NaN NaN NaN NaN NaN NaN NaN NaN NaN NaN NaN NaN NaN NaN NaN NaN NaN NaN NaN NaN NaN NaN NaN NaN NaN
NaN NaN NaN NaN NaN NaN NaN NaN NaN NaN NaN NaN NaN NaN NaN NaN NaN NaN NaN NaN NaN NaN NaN NaN NaN NaN NaN NaN NaN NaN NaN NaN NaN NaN NaN NaN NaN
NaN NaN NaN NaN NaN NaN NaN NaN NaN NaN NaN NaN NaN NaN NaN NaN NaN NaN NaN NaN NaN NaN NaN NaN NaN NaN NaN NaN NaN NaN NaN NaN NaN NaN NaN NaN NaN
