NaN NaN NaN NaN NaN NaN NaN NaN NaN NaN 1.369 1.4589 1.4265 1.4714 1.4688 1.4088 1.373 1.3677 1.3796 1.3991 1.4186 1.427 1.4369 1.4485 1.4513 1.4612 1.4653 1.4753 1.482 1.4867 1.4929 1.4986 1.51 1.5229 1.535 1.5413 1.5458
NaN NaN NaN NaN NaN NaN NaN NaN NaN NaN NaN NaN NaN NaN 1.4594 1.3894 1.3512 1.354 1.3721 1.3912 1.4098 1.4209 1.4329 1.4439 1.4472 1.4566 1.4612 1.4702 1.4768 1.4808 1.4872 1.4913 1.5031 1.518 1.5284 1.5346 1.5389
NaN NaN NaN NaN NaN NaN NaN NaN 0.38161 0.35108 0.33152 0.30612 0.27378 0.24446 1.4698 1.359 1.3407 1.3484 1.3681 1.3865 1.4038 1.4159 1.4281 1.4366 1.4431 1.4509 1.4557 1.4642 1.4711 1.4746 1.4796 1.483 1.4959 1.5114 1.5205 1.5267 1.5302
NaN NaN NaN NaN NaN NaN NaN NaN 0.69377 0.73706 0.786 0.85427 0.95054 1.1117 1.402 1.2843 1.3203 1.3401 1.3614 1.3786 1.3967 1.4079 1.4207 1.4291 1.4364 1.4443 1.45 1.4578 1.4645 1.4689 1.4726 1.4767 1.4905 1.5034 1.5112 1.5171 1.521
NaN NaN NaN NaN NaN NaN NaN NaN 0.88425 0.91748 0.95451 1.0064 1.0834 1.1868 1.304 1.2287 1.2987 1.3265 1.3496 1.3687 1.3863 1.3988 1.4111 1.4201 1.4276 1.4355 1.4412 1.4485 1.4554 1.4595 1.4618 1.4672 1.4793 1.4946 1.5027 1.5082 1.5128
NaN NaN NaN NaN NaN NaN NaN NaN 0.90185 0.92973 0.97174 1.0285 1.1019 1.1781 1.2417 1.2049 1.2777 1.3092 1.3352 1.3563 1.3744 1.3874 1.3998 1.4092 1.4177 1.4254 1.4322 1.4391 1.4453 1.4508 1.4533 1.4594 1.4714 1.4862 1.4939 1.4998 1.5035
NaN NaN NaN NaN NaN NaN NaN NaN 0.93164 0.9583 1.0021 1.059 1.1173 1.1682 1.2067 1.1956 1.2618 1.2904 1.3179 1.3421 1.3612 1.3758 1.3895 1.4001 1.4102 1.418 1.4253 1.4337 1.4405 1.4464 1.4508 1.4586 1.467 1.4805 1.487 1.4923 1.4956
NaN NaN NaN NaN NaN NaN NaN NaN 0.93967 0.97509 1.0203 1.0704 1.1142 1.1525 1.1858 1.1945 1.2511 1.2791 1.3029 1.324 1.3423 1.3558 1.3683 1.3777 1.3865 1.4036 1.4085 1.379 1.4308 1.4379 1.4416 1.4517 1.4626 1.4731 1.4801 1.4848 1.4878
NaN NaN NaN NaN NaN NaN NaN NaN 0.94115 0.9947 1.0357 1.0765 1.1109 1.1432 1.176 1.1957 1.2435 1.2708 1.2959 1.3176 1.3363 1.3561 1.3713 1.3866 1.4048 1.4302 1.447 1.4133 1.4305 1.4349 1.439 1.4501 1.4584 1.4696 1.478 1.4738 1.4838
NaN NaN NaN NaN NaN NaN NaN NaN NaN 1.0295 1.0607 1.0902 1.1153 1.143 1.1745 1.2005 1.2407 1.263 1.2871 1.3082 1.3286 1.3497 1.367 1.3825 1.3998 1.4197 1.428 1.3995 1.425 1.431 1.4354 1.4468 1.4555 1.4659 1.4755 1.4683 1.4791
NaN NaN NaN NaN NaN NaN NaN NaN NaN 1.0519 1.0824 1.0937 1.1104 1.1396 1.1742 1.2053 1.2428 1.2644 1.2843 1.3047 1.3275 1.349 1.3655 1.3813 1.3966 1.4127 1.4184 1.3966 1.4216 1.4285 1.4349 1.4455 1.454 1.4645 1.4725 1.4702 1.4755
NaN NaN NaN NaN NaN NaN NaN NaN NaN NaN 1.0802 1.085 1.1025 1.1418 1.1785 1.211 1.2449 1.2644 1.2836 1.3049 1.3252 1.3452 1.3616 1.3753 1.3911 1.405 1.4099 1.3948 1.4182 1.4255 1.434 1.4434 1.4522 1.4612 1.4669 1.4648 1.4699
NaN NaN NaN NaN NaN NaN NaN NaN NaN NaN NaN 1.0898 1.1077 1.1485 1.1854 1.2161 1.244 1.2611 1.2817 1.303 1.3233 1.3417 1.3584 1.3721 1.3863 1.3995 1.4042 1.3947 1.4152 1.4227 1.4316 1.4404 1.4483 1.4571 1.4601 1.4588 1.4634
NaN NaN NaN NaN NaN NaN NaN NaN NaN NaN NaN 1.0939 1.1147 1.1476 1.1795 1.2077 1.2339 1.2509 1.2716 1.2975 1.3196 1.3367 1.3532 1.3667 1.3803 1.3928 1.3985 1.3921 1.4107 1.4185 1.4288 1.4366 1.4432 1.4502 1.453 1.4531 1.4563
NaN NaN NaN NaN NaN NaN NaN NaN NaN NaN NaN NaN 1.0994 1.1421 1.1563 1.1906 1.2218 1.2431 1.266 1.2914 1.3137 1.3305 1.3471 1.3601 1.3745 1.3869 1.3931 1.3907 1.4062 1.4143 1.4246 1.4326 1.4392 1.4444 1.4465 1.4462 1.4473
NaN NaN NaN NaN NaN NaN NaN NaN NaN NaN NaN NaN NaN 1.1629 1.1718 1.1891 1.2248 1.2426 1.2637 1.2883 1.309 1.3259 1.342 1.355 1.3678 1.381 1.3864 1.3872 1.4016 1.4086 1.4204 1.4274 1.4335 1.4375 1.439 1.4389 1.4378
NaN NaN NaN NaN NaN NaN NaN NaN NaN NaN NaN NaN NaN NaN 1.1798 1.2058 1.2179 1.2266 1.2503 1.2781 1.2926 1.3157 1.3321 1.3467 1.3621 1.3737 1.3811 1.3845 1.3959 1.404 1.4159 1.4229 1.428 1.4309 1.432 1.4309 1.4305
NaN NaN NaN NaN NaN NaN NaN NaN NaN NaN NaN NaN NaN NaN NaN 1.2097 1.2168 1.2115 1.2359 1.2675 1.2842 1.307 1.3231 1.3375 1.3523 1.3656 1.3727 1.3811 1.3839 1.3949 1.4104 1.4184 1.423 1.4248 1.4259 1.4248 1.4223
NaN NaN NaN NaN NaN NaN NaN NaN NaN NaN NaN NaN NaN NaN NaN NaN NaN 1.2222 1.2338 1.2529 1.2608 1.2911 1.3069 1.3204 1.3376 1.3587 1.3684 1.38 1.3838 1.3933 1.405 1.4132 1.4171 1.418 1.4195 1.4175 1.4146
NaN NaN NaN NaN NaN NaN NaN NaN NaN NaN NaN NaN NaN NaN NaN NaN NaN NaN 1.2315 1.2588 1.2451 1.2767 1.2963 1.3067 1.3194 1.3482 1.3621 1.3651 1.376 1.3873 1.3996 1.4084 1.4123 1.4121 1.4124 1.4104 1.4071
NaN NaN NaN NaN NaN NaN NaN NaN NaN NaN NaN NaN NaN NaN NaN NaN NaN NaN NaN NaN 1.2366 1.2901 1.2917 1.2842 1.2889 1.3322 1.3502 1.3467 1.3662 1.3795 1.3963 1.4043 1.4059 1.4053 1.4045 1.4027 1.4006
NaN NaN NaN NaN NaN NaN NaN NaN NaN NaN NaN NaN NaN NaN NaN NaN NaN NaN NaN NaN NaN NaN 1.2997 1.2982 1.2787 1.3132 1.3309 1.3207 1.3518 1.3613 1.3718 1.3953 1.3973 1.3955 1.3938 1.3922 1.3908
NaN NaN NaN NaN NaN NaN NaN NaN NaN NaN NaN NaN NaN NaN NaN NaN NaN NaN NaN NaN NaN NaN NaN NaN 1.2766 1.2941 1.2867 1.2754 1.3112 1.3307 1.3296 1.3669 1.3787 1.3706 1.3754 1.379 1.3706
NaN NaN NaN NaN NaN NaN NaN NaN NaN NaN NaN NaN NaN NaN NaN NaN NaN NaN NaN NaN NaN NaN NaN NaN NaN NaN 1.2732 1.2828 1.294 1.3156 1.2888 1.3166 1.3352 1.3188 1.3434 1.3481 1.349
NaN NaN NaN NaN NaN NaN NaN NaN NaN NaN NaN NaN NaN NaN NaN NaN NaN NaN NaN NaN NaN NaN NaN NaN NaN NaN NaN NaN 1.2664 1.3299 1.2866 1.2923 1.2722 1.2127 1.1816 1.0512 0.46726
NaN NaN NaN NaN NaN NaN NaN NaN NaN NaN NaN NaN NaN NaN NaN NaN NaN NaN NaN NaN NaN NaN NaN NaN NaN NaN NaN NaN NaN NaN 1.264 1.2251 1.1441 0.97433 0.3901 NaN NaN
NaN NaN NaN NaN NaN NaN NaN NaN NaN NaN NaN NaN NaN NaN NaN NaN NaN NaN NaN NaN NaN NaN NaN NaN NaN NaN NaN NaN NaN NaN NaN NaN 0.88966 0.29292 NaN NaN NaN
NaN NaN NaN NaN NaN NaN NaN NaN NaN NaN NaN NaN NaN NaN NaN NaN NaN NaN NaN NaN NaN NaN NaN NaN NaN NaN NaN NaN NaN NaN NaN NaN NaN NaN NaN NaN NaN
NaN NaN NaN NaN NaN NaN NaN NaN NaN NaN NaN NaN NaN NaN NaN NaN NaN NaN NaN NaN NaN NaN NaN NaN NaN NaN NaN NaN NaN NaN NaN NaN NaN NaN NaN NaN NaN
NaN NaN NaN NaN NaN NaN NaN NaN NaN NaN NaN NaN NaN NaN NaN NaN NaN NaN NaN NaN NaN NaN NaN NaN NaN NaN NaN NaN NaN NaN NaN NaN NaN NaN NaN NaN NaN
