NaN NaN NaN NaN NaN NaN NaN NaN NaN NaN 1.3292 1.4073 1.3741 1.4132 1.4102 1.3539 1.3202 1.3163 1.3281 1.3463 1.3639 1.3716 1.3805 1.3908 1.3931 1.402 1.4055 1.4144 1.4202 1.424 1.4294 1.4346 1.4451 1.4573 1.4685 1.4743 1.4784
NaN NaN NaN NaN NaN NaN NaN NaN NaN NaN NaN NaN NaN NaN 1.4105 1.3393 1.3011 1.3043 1.3215 1.3389 1.3556 1.3656 1.3763 1.3859 1.3887 1.3969 1.4009 1.4089 1.4146 1.4177 1.4234 1.427 1.438 1.4521 1.4618 1.4675 1.4713
NaN NaN NaN NaN NaN NaN NaN NaN 0.38353 0.35323 0.33405 0.30896 0.27684 0.24783 1.4209 1.3136 1.2927 1.3001 1.3183 1.3348 1.35 1.3606 1.3712 1.3784 1.384 1.3907 1.3949 1.4023 1.4082 1.4111 1.4153 1.4184 1.4305 1.4451 1.4535 1.4592 1.4623
NaN NaN NaN NaN NaN NaN NaN NaN 0.69016 0.73191 0.7783 0.84278 0.93341 1.0848 1.3544 1.2425 1.2735 1.2926 1.312 1.3273 1.3431 1.3527 1.3636 1.3705 1.3767 1.3835 1.3885 1.3952 1.401 1.4047 1.4078 1.4116 1.4246 1.4367 1.4438 1.4492 1.4526
NaN NaN NaN NaN NaN NaN NaN NaN 0.87217 0.90344 0.93772 0.98572 1.0572 1.1526 1.2589 1.1889 1.2526 1.2793 1.3004 1.3175 1.3328 1.3434 1.3537 1.361 1.3672 1.3739 1.3788 1.3851 1.3911 1.3945 1.3964 1.4016 1.413 1.4275 1.435 1.4399 1.444
NaN NaN NaN NaN NaN NaN NaN NaN 0.88474 0.91065 0.94987 1.0028 1.0713 1.1414 1.1989 1.1658 1.2323 1.2622 1.2861 1.3052 1.3209 1.332 1.3422 1.3498 1.3568 1.3632 1.3692 1.3752 1.3805 1.3854 1.3876 1.3934 1.4048 1.4187 1.4258 1.4312 1.4344
NaN NaN NaN NaN NaN NaN NaN NaN 0.91102 0.9357 0.97672 1.0301 1.0843 1.1308 1.1656 1.1564 1.2168 1.2437 1.2692 1.2911 1.3079 1.3204 1.3319 1.3406 1.3491 1.3557 1.362 1.3694 1.3754 1.3807 1.3847 1.3921 1.4 1.4126 1.4187 1.4234 1.4264
NaN NaN NaN NaN NaN NaN NaN NaN 0.91642 0.94975 0.99224 1.0391 1.0798 1.1149 1.1455 1.1546 1.2062 1.2324 1.254 1.2729 1.2888 1.3001 1.3103 1.3178 1.3249 1.3403 1.344 1.3169 1.3653 1.3721 1.3754 1.385 1.3953 1.4051 1.4116 1.416 1.4186
NaN NaN NaN NaN NaN NaN NaN NaN 0.91557 0.96738 1.0058 1.044 1.0759 1.1057 1.1363 1.1554 1.199 1.2247 1.2478 1.2673 1.2837 1.3013 1.3145 1.3279 1.3443 1.3674 1.3823 1.3504 1.3646 1.3689 1.3728 1.3832 1.3911 1.4015 1.4094 1.4052 1.4146
NaN NaN NaN NaN NaN NaN NaN NaN NaN 1.0004 1.0294 1.0568 1.0801 1.1057 1.1351 1.1597 1.1962 1.2173 1.2398 1.2588 1.2766 1.2952 1.3103 1.3237 1.3389 1.3565 1.3631 1.3366 1.3592 1.365 1.3691 1.3798 1.3881 1.3979 1.4069 1.4 1.4098
NaN NaN NaN NaN NaN NaN NaN NaN NaN 1.021 1.0499 1.0598 1.0751 1.1023 1.1348 1.164 1.1983 1.2187 1.2371 1.2557 1.276 1.2948 1.309 1.3226 1.3358 1.3497 1.354 1.3339 1.3561 1.3626 1.3687 1.3786 1.3867 1.3966 1.404 1.4018 1.4063
NaN NaN NaN NaN NaN NaN NaN NaN NaN NaN 1.0471 1.0511 1.0674 1.1044 1.1389 1.1694 1.2004 1.2187 1.2364 1.256 1.274 1.2913 1.3053 1.317 1.3305 1.3424 1.3461 1.3323 1.3531 1.3599 1.3679 1.3767 1.385 1.3933 1.3984 1.3965 1.4009
NaN NaN NaN NaN NaN NaN NaN NaN NaN NaN NaN 1.0561 1.0726 1.1109 1.1456 1.1741 1.1994 1.2154 1.2346 1.2543 1.2723 1.2882 1.3025 1.314 1.3261 1.3373 1.3409 1.3322 1.3504 1.3573 1.3655 1.3736 1.3809 1.3891 1.3917 1.3905 1.3945
NaN NaN NaN NaN NaN NaN NaN NaN NaN NaN NaN 1.0599 1.0792 1.1095 1.1393 1.1654 1.1893 1.2053 1.2247 1.249 1.2689 1.2834 1.2975 1.3088 1.3203 1.3309 1.3356 1.3297 1.3463 1.3533 1.3626 1.3697 1.3758 1.3823 1.3847 1.3848 1.3874
NaN NaN NaN NaN NaN NaN NaN NaN NaN NaN NaN NaN 1.0628 1.1033 1.1164 1.1484 1.1774 1.1977 1.2193 1.2429 1.2631 1.2776 1.2916 1.3025 1.3148 1.3253 1.3305 1.3282 1.3419 1.3492 1.3585 1.3656 1.3717 1.3764 1.3782 1.3777 1.3784
NaN NaN NaN NaN NaN NaN NaN NaN NaN NaN NaN NaN NaN 1.1237 1.1319 1.1473 1.1805 1.1973 1.217 1.2397 1.2584 1.2731 1.2867 1.2975 1.3083 1.3197 1.324 1.3246 1.3374 1.3436 1.3542 1.3604 1.3658 1.3694 1.3706 1.3703 1.3689
NaN NaN NaN NaN NaN NaN NaN NaN NaN NaN NaN NaN NaN NaN 1.1394 1.1635 1.1736 1.1816 1.2036 1.2293 1.2422 1.263 1.2771 1.2895 1.3028 1.3126 1.3188 1.3218 1.3318 1.339 1.3496 1.3557 1.3602 1.3627 1.3635 1.3622 1.3615
NaN NaN NaN NaN NaN NaN NaN NaN NaN NaN NaN NaN NaN NaN NaN 1.1668 1.1725 1.1665 1.1892 1.2186 1.2339 1.2544 1.2682 1.2805 1.2932 1.3047 1.3106 1.3182 1.3202 1.33 1.344 1.3511 1.355 1.3564 1.3573 1.356 1.3532
NaN NaN NaN NaN NaN NaN NaN NaN NaN NaN NaN NaN NaN NaN NaN NaN NaN 1.1768 1.1869 1.2039 1.2109 1.2386 1.2523 1.2639 1.2791 1.2981 1.3065 1.3169 1.32 1.3282 1.3385 1.3457 1.349 1.3495 1.3507 1.3486 1.3455
NaN NaN NaN NaN NaN NaN NaN NaN NaN NaN NaN NaN NaN NaN NaN NaN NaN NaN 1.1838 1.2088 1.1955 1.2244 1.2419 1.2507 1.2617 1.2879 1.3001 1.3023 1.3121 1.3222 1.3331 1.3408 1.344 1.3434 1.3435 1.3414 1.338
NaN NaN NaN NaN NaN NaN NaN NaN NaN NaN NaN NaN NaN NaN NaN NaN NaN NaN NaN NaN 1.1869 1.2363 1.237 1.2288 1.2326 1.2723 1.2884 1.2845 1.3025 1.3145 1.3296 1.3365 1.3375 1.3366 1.3355 1.3336 1.3315
NaN NaN NaN NaN NaN NaN NaN NaN NaN NaN NaN NaN NaN NaN NaN NaN NaN NaN NaN NaN NaN NaN 1.2449 1.242 1.2234 1.2541 1.2697 1.2595 1.2881 1.2966 1.3059 1.3274 1.3289 1.3268 1.3249 1.3232 1.3219
NaN NaN NaN NaN NaN NaN NaN NaN NaN NaN NaN NaN NaN NaN NaN NaN NaN NaN NaN NaN NaN NaN NaN NaN 1.2223 1.2357 1.2261 1.2152 1.2486 1.2667 1.2653 1.2999 1.3106 1.3026 1.3069 1.3102 1.3023
NaN NaN NaN NaN NaN NaN NaN NaN NaN NaN NaN NaN NaN NaN NaN NaN NaN NaN NaN NaN NaN NaN NaN NaN NaN NaN 1.2163 1.2226 1.232 1.2508 1.2258 1.2511 1.2684 1.2529 1.2759 1.2806 1.2815
NaN NaN NaN NaN NaN NaN NaN NaN NaN NaN NaN NaN NaN NaN NaN NaN NaN NaN NaN NaN NaN NaN NaN NaN NaN NaN NaN NaN 1.2089 1.2645 1.2225 1.2269 1.2062 1.1486 1.1163 0.98802 0.41214
NaN NaN NaN NaN NaN NaN NaN NaN NaN NaN NaN NaN NaN NaN NaN NaN NaN NaN NaN NaN NaN NaN NaN NaN NaN NaN NaN NaN NaN NaN 1.2116 1.1613 1.0807 0.91507 0.34355 NaN NaN
NaN NaN NaN NaN NaN NaN NaN NaN NaN NaN NaN NaN NaN NaN NaN NaN NaN NaN NaN NaN NaN NaN NaN NaN NaN NaN NaN NaN NaN NaN NaN NaN 0.83872 0.25829 NaN NaN NaN
NaN NaN NaN NaN NaN NaN NaN NaN NaN NaN NaN NaN NaN NaN NaN NaN NaN NaN NaN NaN NaN NaN NaN NaN NaN NaN NaN NaN NaN NaN NaN NaN NaN NaN NaN NaN NaN
NaN NaN NaN NaN NaN NaN NaN NaN NaN NaN NaN NaN NaN NaN NaN NaN NaN NaN NaN NaN NaN NaN NaN NaN NaN NaN NaN NaN NaN NaN NaN NaN NaN NaN NaN NaN NaN
NaN NaN NaN NaN NaN NaN NaN NaN NaN NaN NaN NaN NaN NaN NaN NaN NaN NaN NaN NaN NaN NaN NaN NaN NaN NaN NaN NaN NaN NaN NaN NaN NaN NaN NaN NaN NaN
