NaN NaN NaN NaN NaN NaN NaN NaN NaN NaN 1.7745 2.0199 2.0813 2.2553 2.3121 2.3768 2.391 2.3868 2.4229 2.4774 2.5346 2.5613 2.5912 2.6216 2.6313 2.6595 2.6723 2.6996 2.7207 2.7406 2.7636 2.7835 2.8131 2.8416 2.8692 2.8852 2.8988
NaN NaN NaN NaN NaN NaN NaN NaN NaN NaN NaN NaN NaN NaN 2.054 2.1647 2.3019 2.3137 2.369 2.4325 2.4948 2.5323 2.5717 2.6064 2.6213 2.6503 2.6647 2.6908 2.712 2.7305 2.7534 2.7686 2.7977 2.8292 2.8534 2.8694 2.8828
NaN NaN NaN NaN NaN NaN NaN NaN 0.35943 0.32379 0.29705 0.26443 0.22463 0.18484 2.0503 2.0482 2.2338 2.2597 2.3239 2.3921 2.4577 2.504 2.5502 2.5858 2.6112 2.6393 2.6559 2.6821 2.7043 2.7212 2.7405 2.7532 2.7838 2.8161 2.8373 2.8538 2.8657
NaN NaN NaN NaN NaN NaN NaN NaN 0.76609 0.82915 0.90584 1.0173 1.1834 1.4696 2.0163 1.954 2.1721 2.2166 2.2863 2.3537 2.4232 2.4726 2.525 2.5643 2.5956 2.626 2.6466 2.6726 2.6948 2.7126 2.7293 2.7431 2.775 2.8023 2.8206 2.8366 2.8493
NaN NaN NaN NaN NaN NaN NaN NaN 1.0649 1.1222 1.1912 1.2907 1.4426 1.657 1.9247 1.8766 2.1191 2.1772 2.2492 2.3184 2.3873 2.4422 2.498 2.5417 2.5774 2.6104 2.6335 2.6594 2.6824 2.6992 2.7122 2.7272 2.7544 2.7859 2.8044 2.8196 2.8336
NaN NaN NaN NaN NaN NaN NaN NaN 1.1404 1.1933 1.2717 1.3816 1.5291 1.6944 1.8517 1.8427 2.0713 2.1384 2.2131 2.2839 2.3529 2.4109 2.4689 2.5155 2.5561 2.5905 2.6173 2.6429 2.6645 2.6833 2.6954 2.7117 2.7388 2.77 2.7876 2.8039 2.8162
NaN NaN NaN NaN NaN NaN NaN NaN 1.2144 1.2663 1.3501 1.4625 1.5848 1.7027 1.8044 1.8321 2.0346 2.1003 2.175 2.2482 2.3169 2.3776 2.4383 2.4884 2.5337 2.5693 2.5979 2.6268 2.6502 2.6705 2.6858 2.7064 2.7277 2.7575 2.7724 2.7871 2.7983
NaN NaN NaN NaN NaN NaN NaN NaN 1.2536 1.3196 1.4072 1.5085 1.6039 1.6936 1.7777 1.8365 2.0091 2.0769 2.1468 2.215 2.2822 2.3419 2.4022 2.4524 2.4965 2.5472 2.5674 2.5278 2.6347 2.6484 2.6628 2.6885 2.7143 2.739 2.7546 2.768 2.7783
NaN NaN NaN NaN NaN NaN NaN NaN 1.286 1.3695 1.4511 1.5355 1.6108 1.685 1.7646 1.8416 1.9873 2.0534 2.1225 2.1881 2.2507 2.317 2.3768 2.4331 2.4902 2.5564 2.6056 2.5678 2.6315 2.6376 2.6506 2.6782 2.6989 2.7251 2.7434 2.7402 2.7656
NaN NaN NaN NaN NaN NaN NaN NaN NaN 1.4346 1.4999 1.5644 1.6211 1.685 1.7623 1.8512 1.9766 2.0344 2.101 2.1627 2.2257 2.2931 2.3558 2.4146 2.4745 2.5371 2.5719 2.535 2.6128 2.6238 2.6362 2.6639 2.6843 2.7088 2.7294 2.7212 2.7508
NaN NaN NaN NaN NaN NaN NaN NaN NaN 1.4851 1.545 1.576 1.6154 1.6811 1.7626 1.8585 1.9715 2.0279 2.0851 2.1427 2.2096 2.2775 2.3385 2.3992 2.4577 2.5148 2.5421 2.5135 2.5922 2.6075 2.6241 2.6505 2.6703 2.6951 2.7141 2.7151 2.7355
NaN NaN NaN NaN NaN NaN NaN NaN NaN NaN 1.5494 1.5674 1.6042 1.6847 1.7697 1.8671 1.9693 2.0206 2.073 2.1324 2.1954 2.2606 2.3209 2.3779 2.4375 2.4896 2.5133 2.4955 2.571 2.5894 2.6118 2.6372 2.6589 2.6816 2.6973 2.6979 2.7174
NaN NaN NaN NaN NaN NaN NaN NaN NaN NaN NaN 1.5697 1.6098 1.6959 1.7822 1.8764 1.964 2.0089 2.0621 2.1207 2.1829 2.2447 2.3049 2.3612 2.4179 2.4675 2.4898 2.4828 2.5514 2.5727 2.5983 2.624 2.645 2.668 2.6786 2.6806 2.6991
NaN NaN NaN NaN NaN NaN NaN NaN NaN NaN NaN 1.5806 1.6267 1.7021 1.782 1.869 1.9483 1.9901 2.0396 2.1046 2.17 2.229 2.2882 2.3431 2.3979 2.445 2.4689 2.4684 2.5315 2.5548 2.5854 2.6103 2.6299 2.6497 2.6598 2.6651 2.6806
NaN NaN NaN NaN NaN NaN NaN NaN NaN NaN NaN NaN 1.6271 1.7131 1.7561 1.8458 1.9269 1.9722 2.0236 2.0884 2.1549 2.2125 2.271 2.3239 2.3792 2.4248 2.4498 2.4577 2.5129 2.5385 2.5708 2.5966 2.6173 2.6344 2.6441 2.6493 2.6609
NaN NaN NaN NaN NaN NaN NaN NaN NaN NaN NaN NaN NaN 1.7327 1.7701 1.8378 1.9248 1.9631 2.0124 2.0775 2.1415 2.1991 2.2568 2.309 2.3605 2.407 2.4307 2.4457 2.4965 2.5209 2.5576 2.5824 2.6033 2.6188 2.6278 2.634 2.6414
NaN NaN NaN NaN NaN NaN NaN NaN NaN NaN NaN NaN NaN NaN 1.7719 1.8528 1.9162 1.9342 1.9891 2.0631 2.1108 2.1792 2.2358 2.2897 2.3446 2.3874 2.415 2.436 2.4789 2.5062 2.5444 2.5698 2.59 2.6035 2.6122 2.617 2.6253
NaN NaN NaN NaN NaN NaN NaN NaN NaN NaN NaN NaN NaN NaN NaN 1.8387 1.8936 1.9135 1.9674 2.044 2.0905 2.162 2.2176 2.2709 2.3238 2.369 2.3963 2.4271 2.452 2.4857 2.53 2.5574 2.5772 2.5891 2.5984 2.6038 2.6077
NaN NaN NaN NaN NaN NaN NaN NaN NaN NaN NaN NaN NaN NaN NaN NaN NaN 1.9093 1.9697 2.0261 2.0493 2.1368 2.1903 2.2391 2.2928 2.3498 2.381 2.4201 2.4453 2.4793 2.5173 2.5452 2.5639 2.5744 2.5851 2.5889 2.5916
NaN NaN NaN NaN NaN NaN NaN NaN NaN NaN NaN NaN NaN NaN NaN NaN NaN NaN 1.9245 2.0044 2.0239 2.1125 2.1717 2.2136 2.2567 2.328 2.3674 2.3932 2.4297 2.4655 2.5047 2.5341 2.5528 2.5616 2.5707 2.5744 2.5757
NaN NaN NaN NaN NaN NaN NaN NaN NaN NaN NaN NaN NaN NaN NaN NaN NaN NaN NaN NaN 1.9486 2.074 2.1654 2.178 2.1982 2.2971 2.345 2.3579 2.4103 2.4475 2.4957 2.5243 2.5394 2.5478 2.5549 2.5587 2.561
NaN NaN NaN NaN NaN NaN NaN NaN NaN NaN NaN NaN NaN NaN NaN NaN NaN NaN NaN NaN NaN NaN 1.958 2.0244 2.1397 2.265 2.3118 2.3087 2.3854 2.4138 2.4497 2.5067 2.5214 2.5288 2.5344 2.5376 2.5397
NaN NaN NaN NaN NaN NaN NaN NaN NaN NaN NaN NaN NaN NaN NaN NaN NaN NaN NaN NaN NaN NaN NaN NaN 1.9248 2.1356 2.253 2.2429 2.3221 2.3641 2.3718 2.4551 2.4852 2.4825 2.5008 2.511 2.4985
NaN NaN NaN NaN NaN NaN NaN NaN NaN NaN NaN NaN NaN NaN NaN NaN NaN NaN NaN NaN NaN NaN NaN NaN NaN NaN 2.0453 2.1324 2.2743 2.3491 2.3093 2.3765 2.411 2.387 2.4409 2.4469 2.4523
NaN NaN NaN NaN NaN NaN NaN NaN NaN NaN NaN NaN NaN NaN NaN NaN NaN NaN NaN NaN NaN NaN NaN NaN NaN NaN NaN NaN 1.9201 2.0338 2.1453 2.2277 2.3258 2.2514 2.2429 2.0838 1.3254
NaN NaN NaN NaN NaN NaN NaN NaN NaN NaN NaN NaN NaN NaN NaN NaN NaN NaN NaN NaN NaN NaN NaN NaN NaN NaN NaN NaN NaN NaN 1.6896 2.0311 2.1423 1.9418 1.1151 NaN NaN
NaN NaN NaN NaN NaN NaN NaN NaN NaN NaN NaN NaN NaN NaN NaN NaN NaN NaN NaN NaN NaN NaN NaN NaN NaN NaN NaN NaN NaN NaN NaN NaN 1.6784 0.83138 NaN NaN NaN
NaN NaN NaN NaN NaN NaN NaN NaN NaN NaN NaN NaN NaN NaN NaN NaN NaN NaN NaN NaN NaN NaN NaN NaN NaN NaN NaN NaN NaN NaN NaN NaN NaN NaN NaN NaN NaN
NaN NaN NaN NaN NaN NaN NaN NaN NaN NaN NaN NaN NaN NaN NaN NaN NaN NaN NaN NaN NaN NaN NaN NaN NaN NaN NaN NaN NaN NaN NaN NaN NaN NaN NaN NaN NaN
NaN NaN NaN NaN NaN NaN NaN NaN NaN NaN NaN NaN NaN NaN NaN NaN NaN NaN NaN NaN NaN NaN NaN NaN NaN NaN NaN NaN NaN NaN NaN NaN NaN NaN NaN NaN NaN
