NaN NaN NaN NaN NaN NaN NaN NaN NaN NaN 1.4513 1.5504 1.5206 1.5706 1.5683 1.5034 1.4621 1.4557 1.4683 1.4895 1.5106 1.5197 1.5306 1.5429 1.5461 1.5574 1.5619 1.5729 1.5802 1.5856 1.5927 1.5992 1.6118 1.6258 1.6389 1.6459 1.6509
NaN NaN NaN NaN NaN NaN NaN NaN NaN NaN NaN NaN NaN NaN 1.5541 1.4812 1.4385 1.4401 1.4594 1.4804 1.5006 1.5124 1.5256 1.5374 1.5412 1.5518 1.557 1.5668 1.5741 1.5788 1.586 1.5908 1.6037 1.6199 1.6312 1.638 1.6427
NaN NaN NaN NaN NaN NaN NaN NaN 0.4 0.3678 0.34717 0.32037 0.28624 0.2553 1.5642 1.4465 1.4258 1.4331 1.4543 1.4747 1.4935 1.5065 1.5199 1.5292 1.5364 1.5453 1.5507 1.56 1.5675 1.5716 1.5772 1.5813 1.5955 1.6122 1.6221 1.6289 1.6328
NaN NaN NaN NaN NaN NaN NaN NaN 0.73349 0.77916 0.83006 0.90147 1.0038 1.1768 1.4911 1.3642 1.4029 1.4235 1.4467 1.4658 1.4855 1.4976 1.5116 1.5208 1.5289 1.5378 1.5442 1.5528 1.56 1.565 1.5693 1.574 1.5892 1.6031 1.6116 1.618 1.6223
NaN NaN NaN NaN NaN NaN NaN NaN 0.93434 0.96929 1.0079 1.0625 1.1449 1.2569 1.3847 1.3032 1.3791 1.4085 1.4336 1.4547 1.4739 1.4874 1.501 1.5108 1.5191 1.528 1.5344 1.5424 1.5498 1.5544 1.5572 1.5633 1.5766 1.5932 1.6019 1.6079 1.6129
NaN NaN NaN NaN NaN NaN NaN NaN 0.95123 0.98057 1.0249 1.0854 1.1646 1.2472 1.3164 1.2765 1.3561 1.3896 1.4179 1.4411 1.4608 1.4749 1.4886 1.4988 1.5082 1.5168 1.5243 1.5319 1.5385 1.5445 1.5475 1.5544 1.5677 1.5836 1.5919 1.5984 1.6024
NaN NaN NaN NaN NaN NaN NaN NaN 0.98156 1.0095 1.0562 1.1174 1.1805 1.2356 1.2771 1.2657 1.3384 1.369 1.399 1.4254 1.4462 1.462 1.477 1.4885 1.4996 1.5084 1.5163 1.5255 1.5328 1.5393 1.5442 1.553 1.5624 1.5769 1.5839 1.5896 1.5932
NaN NaN NaN NaN NaN NaN NaN NaN 0.9889 1.0266 1.0751 1.1291 1.1765 1.2177 1.2535 1.2639 1.3262 1.3564 1.3826 1.4059 1.4259 1.4405 1.4541 1.4643 1.474 1.4917 1.4958 1.4695 1.5225 1.5296 1.5338 1.545 1.557 1.5683 1.5757 1.5809 1.5841
NaN NaN NaN NaN NaN NaN NaN NaN 0.99019 1.0471 1.0911 1.1351 1.1721 1.2067 1.242 1.2646 1.3174 1.3469 1.3744 1.3984 1.4188 1.4399 1.4563 1.4728 1.4924 1.5192 1.5364 1.5044 1.5219 1.5258 1.5304 1.5426 1.5519 1.5639 1.5727 1.5684 1.5792
NaN NaN NaN NaN NaN NaN NaN NaN NaN 1.0839 1.1172 1.149 1.1759 1.2054 1.2394 1.269 1.3136 1.3378 1.3643 1.3876 1.41 1.4325 1.451 1.4678 1.4866 1.5077 1.5155 1.4884 1.5155 1.5211 1.5258 1.5383 1.548 1.5592 1.5691 1.5619 1.5734
NaN NaN NaN NaN NaN NaN NaN NaN NaN 1.1075 1.1403 1.1519 1.1695 1.2007 1.2382 1.2733 1.3149 1.3383 1.3598 1.3823 1.4079 1.431 1.4488 1.4658 1.4826 1.4996 1.5044 1.484 1.5112 1.5177 1.5245 1.5362 1.5456 1.5569 1.5652 1.5631 1.5687
NaN NaN NaN NaN NaN NaN NaN NaN NaN NaN 1.1373 1.1421 1.1602 1.2022 1.242 1.2788 1.3164 1.3373 1.3579 1.3813 1.4044 1.4263 1.4439 1.4589 1.476 1.4906 1.4946 1.4809 1.5068 1.5138 1.5229 1.5333 1.543 1.5527 1.5585 1.5566 1.562
NaN NaN NaN NaN NaN NaN NaN NaN NaN NaN NaN 1.1464 1.1649 1.2087 1.2488 1.2836 1.3147 1.3326 1.3547 1.3783 1.4014 1.4218 1.4399 1.4548 1.4702 1.484 1.4878 1.4798 1.5027 1.5102 1.5197 1.5295 1.5381 1.5477 1.5506 1.5494 1.5544
NaN NaN NaN NaN NaN NaN NaN NaN NaN NaN NaN 1.1505 1.1724 1.2075 1.2422 1.2741 1.3031 1.3208 1.3432 1.3716 1.3965 1.4157 1.4336 1.4483 1.4631 1.4761 1.4811 1.4762 1.4972 1.505 1.516 1.5247 1.5321 1.5397 1.5424 1.5427 1.5461
NaN NaN NaN NaN NaN NaN NaN NaN NaN NaN NaN NaN 1.157 1.2031 1.2178 1.2553 1.2895 1.3118 1.3365 1.3642 1.3893 1.4084 1.4264 1.4406 1.4563 1.4691 1.4747 1.4739 1.4916 1.5 1.5111 1.5199 1.5273 1.5329 1.5349 1.5346 1.5359
NaN NaN NaN NaN NaN NaN NaN NaN NaN NaN NaN NaN NaN 1.2246 1.2346 1.2532 1.2919 1.3104 1.3332 1.36 1.3832 1.4026 1.4204 1.4345 1.4485 1.4622 1.4671 1.4695 1.486 1.4933 1.506 1.5138 1.5206 1.525 1.5264 1.5263 1.5252
NaN NaN NaN NaN NaN NaN NaN NaN NaN NaN NaN NaN NaN NaN 1.2429 1.2717 1.2845 1.293 1.3182 1.3486 1.3651 1.3909 1.4092 1.4252 1.4419 1.4539 1.4609 1.4659 1.4792 1.4878 1.5007 1.5085 1.5143 1.5174 1.5184 1.5172 1.5168
NaN NaN NaN NaN NaN NaN NaN NaN NaN NaN NaN NaN NaN NaN NaN 1.2755 1.2836 1.2767 1.3028 1.3371 1.3552 1.381 1.3989 1.4148 1.4309 1.4447 1.4516 1.4615 1.466 1.4777 1.4943 1.5032 1.5084 1.5104 1.5114 1.5102 1.5075
NaN NaN NaN NaN NaN NaN NaN NaN NaN NaN NaN NaN NaN NaN NaN NaN NaN 1.289 1.3011 1.3216 1.33 1.3635 1.3812 1.3962 1.4149 1.4368 1.4465 1.4599 1.4653 1.4755 1.4881 1.4971 1.5016 1.5027 1.5041 1.5019 1.4987
NaN NaN NaN NaN NaN NaN NaN NaN NaN NaN NaN NaN NaN NaN NaN NaN NaN NaN 1.2997 1.3296 1.3138 1.3478 1.3697 1.3815 1.3952 1.4252 1.4392 1.4439 1.4565 1.4687 1.482 1.4916 1.496 1.4959 1.4961 1.4939 1.4903
NaN NaN NaN NaN NaN NaN NaN NaN NaN NaN NaN NaN NaN NaN NaN NaN NaN NaN NaN NaN 1.3058 1.364 1.3657 1.3581 1.3626 1.4077 1.4263 1.4242 1.4457 1.4599 1.478 1.4867 1.4888 1.4882 1.4872 1.4852 1.4828
NaN NaN NaN NaN NaN NaN NaN NaN NaN NaN NaN NaN NaN NaN NaN NaN NaN NaN NaN NaN NaN NaN 1.3747 1.3743 1.3531 1.3889 1.4065 1.3965 1.4299 1.44 1.4516 1.4766 1.479 1.4773 1.4753 1.4734 1.4717
NaN NaN NaN NaN NaN NaN NaN NaN NaN NaN NaN NaN NaN NaN NaN NaN NaN NaN NaN NaN NaN NaN NaN NaN 1.3498 1.3708 1.361 1.3493 1.3876 1.4079 1.407 1.4461 1.4584 1.4504 1.4552 1.4585 1.4494
NaN NaN NaN NaN NaN NaN NaN NaN NaN NaN NaN NaN NaN NaN NaN NaN NaN NaN NaN NaN NaN NaN NaN NaN NaN NaN 1.3463 1.3591 1.3711 1.3911 1.3658 1.3938 1.4122 1.3952 1.4202 1.4243 1.4255
NaN NaN NaN NaN NaN NaN NaN NaN NaN NaN NaN NaN NaN NaN NaN NaN NaN NaN NaN NaN NaN NaN NaN NaN NaN NaN NaN NaN 1.3398 1.4082 1.3654 1.3719 1.3487 1.2856 1.2526 1.1156 0.50151
NaN NaN NaN NaN NaN NaN NaN NaN NaN NaN NaN NaN NaN NaN NaN NaN NaN NaN NaN NaN NaN NaN NaN NaN NaN NaN NaN NaN NaN NaN 1.3249 1.3035 1.2174 1.0376 0.42004 NaN NaN
NaN NaN NaN NaN NaN NaN NaN NaN NaN NaN NaN NaN NaN NaN NaN NaN NaN NaN NaN NaN NaN NaN NaN NaN NaN NaN NaN NaN NaN NaN NaN NaN 0.94865 0.31603 NaN NaN NaN
NaN NaN NaN NaN NaN NaN NaN NaN NaN NaN NaN NaN NaN NaN NaN NaN NaN NaN NaN NaN NaN NaN NaN NaN NaN NaN NaN NaN NaN NaN NaN NaN NaN NaN NaN NaN NaN
NaN NaN NaN NaN NaN NaN NaN NaN NaN NaN NaN NaN NaN NaN NaN NaN NaN NaN NaN NaN NaN NaN NaN NaN NaN NaN NaN NaN NaN NaN NaN NaN NaN NaN NaN NaN NaN
NaN NaN NaN NaN NaN NaN NaN NaN NaN NaN NaN NaN NaN NaN NaN NaN NaN NaN NaN NaN NaN NaN NaN NaN NaN NaN NaN NaN NaN NaN NaN NaN NaN NaN NaN NaN NaN
