NaN NaN NaN NaN NaN NaN NaN NaN NaN NaN 0.80394 0.86431 0.85183 0.8815 0.88025 0.84139 0.81096 0.80585 0.81243 0.82505 0.83666 0.84122 0.84767 0.85376 0.85591 0.86329 0.86615 0.8722 0.87637 0.88001 0.88463 0.88927 0.89704 0.90533 0.91295 0.91702 0.92019
NaN NaN NaN NaN NaN NaN NaN NaN NaN NaN NaN NaN NaN NaN 0.86839 0.82849 0.79845 0.79543 0.80572 0.81827 0.82928 0.83531 0.84303 0.84892 0.85138 0.85825 0.86147 0.86696 0.87108 0.87426 0.8789 0.88245 0.89051 0.89992 0.90642 0.9104 0.91331
NaN NaN NaN NaN NaN NaN NaN NaN 0.20899 0.19163 0.18068 0.16672 0.1493 0.13576 0.87169 0.80519 0.78864 0.78975 0.80148 0.81362 0.82383 0.8304 0.83813 0.84281 0.84701 0.85282 0.85617 0.86146 0.86557 0.86831 0.87199 0.87518 0.88401 0.89364 0.89926 0.9032 0.90555
NaN NaN NaN NaN NaN NaN NaN NaN 0.40289 0.42703 0.45177 0.48772 0.54374 0.64331 0.82945 0.75273 0.77299 0.78287 0.79597 0.80731 0.81784 0.82401 0.83194 0.83661 0.8412 0.84703 0.85087 0.85571 0.85961 0.86274 0.86573 0.86938 0.8787 0.88661 0.89132 0.895 0.89753
NaN NaN NaN NaN NaN NaN NaN NaN 0.51341 0.53144 0.54967 0.57745 0.62273 0.68791 0.76355 0.71415 0.75771 0.77302 0.78744 0.7997 0.81003 0.81703 0.82463 0.82957 0.8343 0.83991 0.84371 0.84818 0.85204 0.85479 0.85696 0.86134 0.86965 0.87908 0.88394 0.88734 0.89024
NaN NaN NaN NaN NaN NaN NaN NaN 0.51496 0.52973 0.55252 0.58523 0.63077 0.67922 0.71968 0.69566 0.74341 0.76107 0.77733 0.79075 0.80141 0.80871 0.8162 0.82133 0.82661 0.83194 0.83623 0.84037 0.84375 0.8472 0.8495 0.85442 0.86282 0.87182 0.87637 0.88 0.8822
NaN NaN NaN NaN NaN NaN NaN NaN 0.52604 0.53983 0.56535 0.60021 0.6368 0.66887 0.6924 0.68666 0.73129 0.74831 0.76559 0.78066 0.7919 0.80002 0.80808 0.81393 0.82003 0.82526 0.82978 0.8348 0.83868 0.84239 0.84579 0.85178 0.85805 0.86618 0.86983 0.87297 0.87488
NaN NaN NaN NaN NaN NaN NaN NaN 0.52515 0.5456 0.57303 0.60422 0.63178 0.65528 0.67522 0.68349 0.72241 0.73971 0.7553 0.76876 0.77945 0.78683 0.79397 0.79893 0.80399 0.81131 0.80961 0.81043 0.83267 0.83498 0.83789 0.84528 0.85298 0.85929 0.86308 0.86583 0.86751
NaN NaN NaN NaN NaN NaN NaN NaN 0.52354 0.55501 0.58002 0.60541 0.62643 0.64593 0.66565 0.68181 0.71525 0.73253 0.74898 0.76281 0.77364 0.78426 0.79281 0.80137 0.81219 0.82526 0.83151 0.82574 0.83147 0.83115 0.8341 0.84194 0.84801 0.85479 0.85878 0.85698 0.86259
NaN NaN NaN NaN NaN NaN NaN NaN NaN 0.57423 0.5926 0.61083 0.62581 0.64178 0.66116 0.68186 0.71061 0.72551 0.74152 0.75501 0.76683 0.77812 0.78787 0.79683 0.80732 0.81741 0.8179 0.81277 0.8264 0.8267 0.82951 0.83744 0.84369 0.85003 0.85428 0.85163 0.85741
NaN NaN NaN NaN NaN NaN NaN NaN NaN 0.58593 0.60482 0.60978 0.61854 0.63589 0.65786 0.68207 0.70886 0.72343 0.737 0.75011 0.76372 0.77543 0.78473 0.79395 0.80333 0.81107 0.80958 0.80683 0.82213 0.823 0.82683 0.83419 0.84026 0.84675 0.85025 0.8502 0.85277
NaN NaN NaN NaN NaN NaN NaN NaN NaN NaN 0.60128 0.60261 0.61065 0.63404 0.65785 0.68305 0.70746 0.7207 0.73346 0.74725 0.75982 0.77094 0.78009 0.78825 0.79775 0.80403 0.80206 0.80204 0.81762 0.81903 0.82402 0.83072 0.83694 0.84247 0.84461 0.84425 0.84696
NaN NaN NaN NaN NaN NaN NaN NaN NaN NaN NaN 0.60273 0.61133 0.63597 0.65989 0.68385 0.70429 0.71565 0.72912 0.74322 0.75611 0.76666 0.77596 0.78404 0.79255 0.79835 0.79649 0.79868 0.81325 0.81526 0.82046 0.82674 0.83233 0.83769 0.83823 0.83804 0.84061
NaN NaN NaN NaN NaN NaN NaN NaN NaN NaN NaN 0.60391 0.61527 0.6342 0.65472 0.67647 0.69528 0.70653 0.72018 0.73719 0.75141 0.76144 0.77058 0.77848 0.78661 0.79199 0.79099 0.79412 0.80808 0.81067 0.81669 0.82223 0.827 0.83125 0.83177 0.83224 0.83397
NaN NaN NaN NaN NaN NaN NaN NaN NaN NaN NaN NaN 0.60807 0.63504 0.64146 0.66423 0.68559 0.6994 0.71433 0.73093 0.74538 0.75544 0.76467 0.77238 0.78094 0.78625 0.78588 0.79055 0.80291 0.80617 0.81223 0.81777 0.82255 0.8257 0.82583 0.82584 0.82636
NaN NaN NaN NaN NaN NaN NaN NaN NaN NaN NaN NaN NaN 0.64537 0.65181 0.66316 0.6854 0.69685 0.71038 0.7265 0.74006 0.75038 0.75954 0.76722 0.77486 0.78062 0.78017 0.78597 0.79777 0.80081 0.80779 0.81271 0.81716 0.8196 0.81937 0.81934 0.81855
NaN NaN NaN NaN NaN NaN NaN NaN NaN NaN NaN NaN NaN NaN 0.65568 0.67541 0.68252 0.68594 0.70014 0.71828 0.72835 0.74226 0.75176 0.76044 0.7694 0.77437 0.77536 0.78198 0.79202 0.79615 0.80323 0.80807 0.81194 0.81365 0.81325 0.81253 0.81208
NaN NaN NaN NaN NaN NaN NaN NaN NaN NaN NaN NaN NaN NaN NaN 0.67574 0.68322 0.67687 0.69123 0.71082 0.72122 0.73532 0.74466 0.75322 0.76178 0.76771 0.76879 0.77693 0.78316 0.78918 0.79819 0.80351 0.80702 0.80813 0.80783 0.807 0.80518
NaN NaN NaN NaN NaN NaN NaN NaN NaN NaN NaN NaN NaN NaN NaN NaN NaN 0.68415 0.69185 0.70252 0.7063 0.72422 0.73361 0.74214 0.75205 0.76187 0.76479 0.77448 0.78108 0.78664 0.79335 0.7986 0.80171 0.80238 0.80236 0.80086 0.79877
NaN NaN NaN NaN NaN NaN NaN NaN NaN NaN NaN NaN NaN NaN NaN NaN NaN NaN 0.69131 0.71099 0.69944 0.71634 0.72736 0.73413 0.74107 0.75424 0.7592 0.76556 0.77468 0.78141 0.78858 0.79407 0.79707 0.79715 0.79653 0.7949 0.79249
NaN NaN NaN NaN NaN NaN NaN NaN NaN NaN NaN NaN NaN NaN NaN NaN NaN NaN NaN NaN 0.69433 0.73137 0.73112 0.72496 0.72452 0.74359 0.75137 0.75457 0.76758 0.77535 0.78502 0.78981 0.7916 0.79146 0.79024 0.78861 0.78678
NaN NaN NaN NaN NaN NaN NaN NaN NaN NaN NaN NaN NaN NaN NaN NaN NaN NaN NaN NaN NaN NaN 0.73563 0.74082 0.72655 0.73793 0.74258 0.73958 0.75734 0.76281 0.76958 0.78273 0.78454 0.78381 0.78214 0.78042 0.77885
NaN NaN NaN NaN NaN NaN NaN NaN NaN NaN NaN NaN NaN NaN NaN NaN NaN NaN NaN NaN NaN NaN NaN NaN 0.72048 0.73565 0.72118 0.71564 0.73673 0.74631 0.74651 0.76488 0.77085 0.76823 0.76941 0.76953 0.76399
NaN NaN NaN NaN NaN NaN NaN NaN NaN NaN NaN NaN NaN NaN NaN NaN NaN NaN NaN NaN NaN NaN NaN NaN NaN NaN 0.71405 0.72695 0.73275 0.73407 0.72996 0.7396 0.74556 0.73802 0.74734 0.74711 0.74813
NaN NaN NaN NaN NaN NaN NaN NaN NaN NaN NaN NaN NaN NaN NaN NaN NaN NaN NaN NaN NaN NaN NaN NaN NaN NaN NaN NaN 0.71526 0.75458 0.73424 0.73821 0.71955 0.68536 0.66545 0.59251 0.26538
NaN NaN NaN NaN NaN NaN NaN NaN NaN NaN NaN NaN NaN NaN NaN NaN NaN NaN NaN NaN NaN NaN NaN NaN NaN NaN NaN NaN NaN NaN 0.73327 0.70862 0.65956 0.56121 0.22661 NaN NaN
NaN NaN NaN NaN NaN NaN NaN NaN NaN NaN NaN NaN NaN NaN NaN NaN NaN NaN NaN NaN NaN NaN NaN NaN NaN NaN NaN NaN NaN NaN NaN NaN 0.51776 0.17294 NaN NaN NaN
NaN NaN NaN NaN NaN NaN NaN NaN NaN NaN NaN NaN NaN NaN NaN NaN NaN NaN NaN NaN NaN NaN NaN NaN NaN NaN NaN NaN NaN NaN NaN NaN NaN NaN NaN NaN NaN
NaN NaN NaN NaN NaN NaN NaN NaN NaN NaN NaN NaN NaN NaN NaN NaN NaN NaN NaN NaN NaN NaN NaN NaN NaN NaN NaN NaN NaN NaN NaN NaN NaN NaN NaN NaN NaN
NaN NaN NaN NaN NaN NaN NaN NaN NaN NaN NaN NaN NaN NaN NaN NaN NaN NaN NaN NaN NaN NaN NaN NaN NaN NaN NaN NaN NaN NaN NaN NaN NaN NaN NaN NaN NaN
