NaN NaN NaN NaN NaN NaN NaN NaN NaN NaN 1.775 2.0196 2.0764 2.2473 2.3008 2.3529 2.3574 2.3551 2.3922 2.4466 2.5041 2.5314 2.5612 2.5921 2.6019 2.6293 2.642 2.669 2.6899 2.7094 2.7318 2.751 2.7799 2.8082 2.8358 2.8518 2.8653
NaN NaN NaN NaN NaN NaN NaN NaN NaN NaN NaN NaN NaN NaN 2.0483 2.1478 2.2671 2.282 2.3383 2.4019 2.4646 2.5028 2.5422 2.5775 2.5924 2.6209 2.6352 2.6611 2.6822 2.7002 2.7226 2.7372 2.7657 2.7971 2.8213 2.8374 2.8507
NaN NaN NaN NaN NaN NaN NaN NaN 0.35654 0.32143 0.29525 0.26332 0.22437 0.18555 2.0436 2.0295 2.1995 2.2282 2.2932 2.3614 2.4276 2.4747 2.5212 2.5572 2.5828 2.6105 2.6271 2.6532 2.6754 2.6919 2.7108 2.7231 2.753 2.7852 2.8066 2.8231 2.8352
NaN NaN NaN NaN NaN NaN NaN NaN 0.75941 0.82262 0.89989 1.0117 1.1777 1.4623 2.0033 1.9295 2.1394 2.1857 2.2557 2.3232 2.3933 2.4436 2.4963 2.5361 2.5675 2.5977 2.6184 2.6444 2.6667 2.6843 2.7006 2.7139 2.7453 2.7727 2.7913 2.8073 2.8201
NaN NaN NaN NaN NaN NaN NaN NaN 1.0566 1.1139 1.1832 1.2826 1.4333 1.645 1.9072 1.8508 2.088 2.1472 2.2192 2.2885 2.3579 2.4135 2.4696 2.5138 2.5497 2.5826 2.6058 2.6319 2.6551 2.6718 2.6846 2.6992 2.726 2.7576 2.7763 2.7917 2.8058
NaN NaN NaN NaN NaN NaN NaN NaN 1.1323 1.1852 1.2633 1.3723 1.5177 1.6799 1.8327 1.8173 2.0417 2.1095 2.1839 2.2546 2.324 2.3826 2.4409 2.4881 2.5288 2.5633 2.5902 2.6161 2.638 2.6569 2.6687 2.6846 2.7114 2.7428 2.7607 2.7772 2.7897
NaN NaN NaN NaN NaN NaN NaN NaN 1.2059 1.2578 1.3408 1.4517 1.5718 1.687 1.7854 1.8078 2.0068 2.0726 2.1468 2.2197 2.2887 2.3499 2.4108 2.4614 2.507 2.5426 2.5715 2.6006 2.6243 2.6448 2.6599 2.6802 2.7013 2.7313 2.7466 2.7616 2.773
NaN NaN NaN NaN NaN NaN NaN NaN 1.2452 1.3107 1.3973 1.4969 1.5904 1.6778 1.7592 1.8132 1.9829 2.0503 2.1197 2.1875 2.2548 2.315 2.3756 2.4262 2.4707 2.5228 2.5456 2.4985 2.6084 2.6235 2.6378 2.6631 2.6888 2.7139 2.73 2.7437 2.7543
NaN NaN NaN NaN NaN NaN NaN NaN 1.2776 1.36 1.4405 1.5235 1.5972 1.6696 1.7468 1.8194 1.9626 2.0281 2.0963 2.1614 2.2242 2.2909 2.3509 2.4074 2.4646 2.5318 2.5828 2.5391 2.605 2.6132 2.6264 2.6537 2.6743 2.7008 2.72 2.7171 2.7426
NaN NaN NaN NaN NaN NaN NaN NaN NaN 1.4242 1.4887 1.5521 1.6077 1.6701 1.7454 1.8302 1.9532 2.0102 2.0758 2.137 2.2001 2.2679 2.3307 2.3896 2.4494 2.513 2.55 2.5082 2.5867 2.5999 2.6126 2.6401 2.6606 2.6854 2.7071 2.6989 2.7287
NaN NaN NaN NaN NaN NaN NaN NaN NaN 1.4743 1.5331 1.564 1.6028 1.6671 1.7466 1.8386 1.9494 2.0048 2.0609 2.1179 2.1848 2.2531 2.3142 2.3748 2.4332 2.4913 2.5211 2.4882 2.5666 2.5841 2.6012 2.6276 2.6475 2.6726 2.6927 2.6936 2.7144
NaN NaN NaN NaN NaN NaN NaN NaN NaN NaN 1.5379 1.5559 1.5925 1.6715 1.7544 1.8481 1.9482 1.9984 2.0498 2.1086 2.1716 2.2371 2.2974 2.3544 2.4139 2.467 2.4932 2.4717 2.5462 2.5667 2.5896 2.615 2.6368 2.6599 2.6767 2.6775 2.6972
NaN NaN NaN NaN NaN NaN NaN NaN NaN NaN NaN 1.5587 1.5985 1.683 1.7675 1.8583 1.9439 1.9878 2.0401 2.0981 2.1601 2.2221 2.2823 2.3385 2.3951 2.4457 2.4705 2.4602 2.5275 2.5506 2.5768 2.6025 2.6237 2.6471 2.6589 2.6612 2.6799
NaN NaN NaN NaN NaN NaN NaN NaN NaN NaN NaN 1.5699 1.6153 1.6897 1.768 1.8522 1.9296 1.9704 2.0189 2.0831 2.1483 2.2073 2.2666 2.3214 2.3761 2.4242 2.4504 2.447 2.5086 2.5335 2.5646 2.5895 2.6093 2.6297 2.6409 2.6466 2.6624
NaN NaN NaN NaN NaN NaN NaN NaN NaN NaN NaN NaN 1.616 1.7001 1.7428 1.8303 1.9096 1.9537 2.004 2.0679 2.1342 2.1919 2.2505 2.3032 2.3583 2.405 2.432 2.4374 2.4911 2.518 2.5508 2.5766 2.5975 2.6152 2.626 2.6317 2.6437
NaN NaN NaN NaN NaN NaN NaN NaN NaN NaN NaN NaN NaN 1.7204 1.757 1.8234 1.9083 1.9454 1.9936 2.058 2.1218 2.1795 2.2373 2.2893 2.3407 2.3881 2.4137 2.4264 2.4758 2.5012 2.5383 2.5632 2.5844 2.6004 2.6105 2.6173 2.6251
NaN NaN NaN NaN NaN NaN NaN NaN NaN NaN NaN NaN NaN NaN 1.7599 1.8389 1.9007 1.9192 1.972 2.0447 2.0919 2.1607 2.2174 2.271 2.3258 2.3695 2.3988 2.4178 2.4593 2.4873 2.5259 2.5514 2.5718 2.586 2.5957 2.6011 2.61
NaN NaN NaN NaN NaN NaN NaN NaN NaN NaN NaN NaN NaN NaN NaN 1.827 1.8798 1.8995 1.9527 2.0265 2.0726 2.1443 2.2001 2.2532 2.306 2.3521 2.3811 2.4104 2.4335 2.4676 2.5123 2.5399 2.5598 2.5723 2.5826 2.5887 2.5932
NaN NaN NaN NaN NaN NaN NaN NaN NaN NaN NaN NaN NaN NaN NaN NaN NaN 1.8964 1.9549 2.0101 2.0325 2.1199 2.1738 2.2224 2.2759 2.334 2.3666 2.4043 2.4277 2.4619 2.5004 2.5286 2.5474 2.5584 2.57 2.5746 2.5779
NaN NaN NaN NaN NaN NaN NaN NaN NaN NaN NaN NaN NaN NaN NaN NaN NaN NaN 1.913 1.9908 2.0095 2.0958 2.1556 2.1971 2.2403 2.3131 2.3543 2.3779 2.413 2.4491 2.4886 2.5183 2.5371 2.5464 2.5564 2.5609 2.5628
NaN NaN NaN NaN NaN NaN NaN NaN NaN NaN NaN NaN NaN NaN NaN NaN NaN NaN NaN NaN 1.9382 2.0609 2.1475 2.1601 2.1818 2.2835 2.3328 2.3431 2.3945 2.4319 2.4804 2.5094 2.5246 2.5335 2.5414 2.5459 2.5489
NaN NaN NaN NaN NaN NaN NaN NaN NaN NaN NaN NaN NaN NaN NaN NaN NaN NaN NaN NaN NaN NaN 1.9512 2.0161 2.1244 2.2495 2.299 2.2942 2.3708 2.3996 2.4354 2.4928 2.5077 2.5154 2.5218 2.5257 2.5286
NaN NaN NaN NaN NaN NaN NaN NaN NaN NaN NaN NaN NaN NaN NaN NaN NaN NaN NaN NaN NaN NaN NaN NaN 1.9194 2.1252 2.2399 2.2287 2.3074 2.3502 2.3575 2.4423 2.4731 2.4698 2.4892 2.5007 2.4891
NaN NaN NaN NaN NaN NaN NaN NaN NaN NaN NaN NaN NaN NaN NaN NaN NaN NaN NaN NaN NaN NaN NaN NaN NaN NaN 2.0378 2.1247 2.26 2.3382 2.2932 2.3629 2.3999 2.3753 2.4313 2.4393 2.4447
NaN NaN NaN NaN NaN NaN NaN NaN NaN NaN NaN NaN NaN NaN NaN NaN NaN NaN NaN NaN NaN NaN NaN NaN NaN NaN NaN NaN 1.9154 2.0351 2.1403 2.2205 2.3133 2.2389 2.2329 2.076 1.3223
NaN NaN NaN NaN NaN NaN NaN NaN NaN NaN NaN NaN NaN NaN NaN NaN NaN NaN NaN NaN NaN NaN NaN NaN NaN NaN NaN NaN NaN NaN 1.6922 2.0264 2.1291 1.9287 1.1116 NaN NaN
NaN NaN NaN NaN NaN NaN NaN NaN NaN NaN NaN NaN NaN NaN NaN NaN NaN NaN NaN NaN NaN NaN NaN NaN NaN NaN NaN NaN NaN NaN NaN NaN 1.6666 0.82869 NaN NaN NaN
NaN NaN NaN NaN NaN NaN NaN NaN NaN NaN NaN NaN NaN NaN NaN NaN NaN NaN NaN NaN NaN NaN NaN NaN NaN NaN NaN NaN NaN NaN NaN NaN NaN NaN NaN NaN NaN
NaN NaN NaN NaN NaN NaN NaN NaN NaN NaN NaN NaN NaN NaN NaN NaN NaN NaN NaN NaN NaN NaN NaN NaN NaN NaN NaN NaN NaN NaN NaN NaN NaN NaN NaN NaN NaN
NaN NaN NaN NaN NaN NaN NaN NaN NaN NaN NaN NaN NaN NaN NaN NaN NaN NaN NaN NaN NaN NaN NaN NaN NaN NaN NaN NaN NaN NaN NaN NaN NaN NaN NaN NaN NaN
