NaN NaN NaN NaN NaN NaN NaN NaN NaN NaN 1.4085 1.5015 1.4696 1.5163 1.5138 1.4519 1.4142 1.4087 1.4211 1.4413 1.4614 1.4702 1.4804 1.4924 1.4953 1.5057 1.5099 1.5204 1.5272 1.5321 1.5386 1.5446 1.5565 1.5699 1.5824 1.589 1.5937
NaN NaN NaN NaN NaN NaN NaN NaN NaN NaN NaN NaN NaN NaN 1.5036 1.4316 1.3918 1.3945 1.4132 1.433 1.4522 1.4637 1.4762 1.4875 1.491 1.5008 1.5056 1.5149 1.5218 1.5259 1.5327 1.537 1.5492 1.5647 1.5755 1.582 1.5864
NaN NaN NaN NaN NaN NaN NaN NaN 0.39284 0.36139 0.34126 0.31509 0.28174 0.25145 1.5141 1.4 1.3807 1.3885 1.4089 1.4281 1.446 1.4584 1.4711 1.4799 1.4867 1.4948 1.4998 1.5087 1.5158 1.5195 1.5246 1.5282 1.5417 1.5577 1.5672 1.5737 1.5774
NaN NaN NaN NaN NaN NaN NaN NaN 0.71522 0.75969 0.80963 0.87941 0.9783 1.1444 1.444 1.3224 1.3594 1.3799 1.402 1.4199 1.4386 1.4502 1.4634 1.4721 1.4797 1.4879 1.4939 1.502 1.5089 1.5135 1.5173 1.5216 1.536 1.5494 1.5575 1.5636 1.5677
NaN NaN NaN NaN NaN NaN NaN NaN 0.91063 0.94464 0.98238 1.0354 1.1147 1.2214 1.3425 1.2647 1.337 1.3658 1.3897 1.4095 1.4278 1.4407 1.4535 1.4627 1.4705 1.4787 1.4847 1.4922 1.4993 1.5036 1.506 1.5117 1.5243 1.5402 1.5486 1.5543 1.5591
NaN NaN NaN NaN NaN NaN NaN NaN 0.92776 0.95628 0.99932 1.0577 1.1335 1.2121 1.2779 1.2398 1.3153 1.3479 1.3748 1.3967 1.4154 1.4289 1.4417 1.4514 1.4602 1.4681 1.4753 1.4824 1.4888 1.4945 1.4971 1.5036 1.5161 1.5314 1.5395 1.5456 1.5494
NaN NaN NaN NaN NaN NaN NaN NaN 0.95783 0.98507 1.0301 1.0889 1.1491 1.2016 1.2413 1.2301 1.2987 1.3284 1.3569 1.382 1.4017 1.4168 1.4309 1.4418 1.4523 1.4604 1.4679 1.4767 1.4837 1.4899 1.4944 1.5026 1.5114 1.5254 1.5322 1.5377 1.5411
NaN NaN NaN NaN NaN NaN NaN NaN 0.96554 1.002 1.0486 1.1004 1.1457 1.1852 1.2195 1.2288 1.2876 1.3166 1.3413 1.3632 1.3822 1.3961 1.409 1.4186 1.4277 1.4453 1.4501 1.4207 1.4737 1.481 1.4848 1.4954 1.5067 1.5176 1.5249 1.5298 1.5329
NaN NaN NaN NaN NaN NaN NaN NaN 0.96682 1.022 1.0644 1.1066 1.142 1.1753 1.2092 1.2299 1.2797 1.3079 1.3339 1.3565 1.3759 1.3963 1.412 1.4277 1.4466 1.4726 1.4899 1.4557 1.4732 1.4778 1.4821 1.4936 1.5023 1.5139 1.5226 1.5183 1.5287
NaN NaN NaN NaN NaN NaN NaN NaN NaN 1.0579 1.09 1.1205 1.1464 1.175 1.2076 1.2348 1.2766 1.2997 1.3247 1.3466 1.3678 1.3895 1.4074 1.4233 1.4412 1.4617 1.4701 1.4412 1.4674 1.4736 1.4781 1.49 1.4991 1.5099 1.5198 1.5125 1.5237
NaN NaN NaN NaN NaN NaN NaN NaN NaN 1.0809 1.1124 1.1239 1.141 1.1712 1.2071 1.2395 1.2785 1.3009 1.3214 1.3427 1.3665 1.3886 1.4057 1.4219 1.4378 1.4543 1.4599 1.438 1.4638 1.4709 1.4775 1.4885 1.4974 1.5083 1.5166 1.5143 1.5198
NaN NaN NaN NaN NaN NaN NaN NaN NaN NaN 1.1099 1.1148 1.1327 1.1733 1.2113 1.2453 1.2806 1.3006 1.3204 1.3424 1.3638 1.3846 1.4015 1.4157 1.432 1.4462 1.451 1.4359 1.4602 1.4676 1.4765 1.4863 1.4955 1.5048 1.5106 1.5086 1.5139
NaN NaN NaN NaN NaN NaN NaN NaN NaN NaN NaN 1.1196 1.1379 1.1801 1.2183 1.2504 1.2794 1.297 1.3184 1.3405 1.3616 1.3808 1.3981 1.4122 1.4269 1.4404 1.445 1.4356 1.4569 1.4646 1.4738 1.483 1.4912 1.5004 1.5035 1.5022 1.507
NaN NaN NaN NaN NaN NaN NaN NaN NaN NaN NaN 1.1238 1.1452 1.179 1.2121 1.2416 1.2688 1.2863 1.3077 1.3346 1.3576 1.3755 1.3925 1.4064 1.4205 1.4333 1.439 1.4327 1.4522 1.4601 1.4708 1.4789 1.4858 1.4932 1.4961 1.4962 1.4995
NaN NaN NaN NaN NaN NaN NaN NaN NaN NaN NaN NaN 1.1295 1.1738 1.1883 1.2238 1.2561 1.2781 1.3018 1.3281 1.3514 1.3689 1.386 1.3995 1.4144 1.4271 1.4333 1.4311 1.4473 1.4557 1.4664 1.4747 1.4816 1.487 1.4892 1.4889 1.4901
NaN NaN NaN NaN NaN NaN NaN NaN NaN NaN NaN NaN NaN 1.1951 1.2045 1.2222 1.2591 1.2774 1.2992 1.3248 1.3463 1.3639 1.3807 1.3941 1.4073 1.4209 1.4263 1.4274 1.4425 1.4497 1.4619 1.4692 1.4756 1.4798 1.4814 1.4813 1.4802
NaN NaN NaN NaN NaN NaN NaN NaN NaN NaN NaN NaN NaN NaN 1.2127 1.2397 1.252 1.2608 1.2853 1.3141 1.3292 1.3533 1.3703 1.3854 1.4013 1.4132 1.4207 1.4245 1.4364 1.4448 1.4572 1.4644 1.4698 1.4729 1.474 1.4729 1.4725
NaN NaN NaN NaN NaN NaN NaN NaN NaN NaN NaN NaN NaN NaN NaN 1.2436 1.251 1.2452 1.2704 1.3031 1.3204 1.3442 1.3608 1.3758 1.3911 1.4048 1.412 1.4208 1.424 1.4353 1.4513 1.4597 1.4645 1.4664 1.4676 1.4665 1.4639
NaN NaN NaN NaN NaN NaN NaN NaN NaN NaN NaN NaN NaN NaN NaN NaN NaN 1.2565 1.2684 1.288 1.2962 1.3276 1.3441 1.3581 1.3759 1.3975 1.4074 1.4196 1.4238 1.4336 1.4457 1.4542 1.4584 1.4593 1.4609 1.4589 1.4558
NaN NaN NaN NaN NaN NaN NaN NaN NaN NaN NaN NaN NaN NaN NaN NaN NaN NaN 1.2663 1.2946 1.2802 1.3128 1.3331 1.3439 1.357 1.3866 1.4008 1.4041 1.4156 1.4273 1.4401 1.4492 1.4533 1.4531 1.4535 1.4514 1.448
NaN NaN NaN NaN NaN NaN NaN NaN NaN NaN NaN NaN NaN NaN NaN NaN NaN NaN NaN NaN 1.2717 1.327 1.3286 1.3208 1.3255 1.37 1.3885 1.3852 1.4054 1.4192 1.4366 1.4448 1.4466 1.446 1.4452 1.4434 1.4412
NaN NaN NaN NaN NaN NaN NaN NaN NaN NaN NaN NaN NaN NaN NaN NaN NaN NaN NaN NaN NaN NaN 1.3368 1.3354 1.3153 1.3507 1.3687 1.3583 1.3905 1.4003 1.4112 1.4354 1.4376 1.4358 1.434 1.4324 1.4309
NaN NaN NaN NaN NaN NaN NaN NaN NaN NaN NaN NaN NaN NaN NaN NaN NaN NaN NaN NaN NaN NaN NaN NaN 1.3129 1.3315 1.3234 1.3118 1.3487 1.3688 1.3676 1.4061 1.4182 1.41 1.4149 1.4186 1.41
NaN NaN NaN NaN NaN NaN NaN NaN NaN NaN NaN NaN NaN NaN NaN NaN NaN NaN NaN NaN NaN NaN NaN NaN NaN NaN 1.3097 1.3198 1.3314 1.353 1.326 1.3543 1.3733 1.3565 1.3817 1.3865 1.3875
NaN NaN NaN NaN NaN NaN NaN NaN NaN NaN NaN NaN NaN NaN NaN NaN NaN NaN NaN NaN NaN NaN NaN NaN NaN NaN NaN NaN 1.3024 1.3677 1.3242 1.3302 1.3091 1.2479 1.216 1.082 0.48095
NaN NaN NaN NaN NaN NaN NaN NaN NaN NaN NaN NaN NaN NaN NaN NaN NaN NaN NaN NaN NaN NaN NaN NaN NaN NaN NaN NaN NaN NaN 1.2931 1.2616 1.1782 1.0034 0.4018 NaN NaN
NaN NaN NaN NaN NaN NaN NaN NaN NaN NaN NaN NaN NaN NaN NaN NaN NaN NaN NaN NaN NaN NaN NaN NaN NaN NaN NaN NaN NaN NaN NaN NaN 0.91664 0.30185 NaN NaN NaN
NaN NaN NaN NaN NaN NaN NaN NaN NaN NaN NaN NaN NaN NaN NaN NaN NaN NaN NaN NaN NaN NaN NaN NaN NaN NaN NaN NaN NaN NaN NaN NaN NaN NaN NaN NaN NaN
NaN NaN NaN NaN NaN NaN NaN NaN NaN NaN NaN NaN NaN NaN NaN NaN NaN NaN NaN NaN NaN NaN NaN NaN NaN NaN NaN NaN NaN NaN NaN NaN NaN NaN NaN NaN NaN
NaN NaN NaN NaN NaN NaN NaN NaN NaN NaN NaN NaN NaN NaN NaN NaN NaN NaN NaN NaN NaN NaN NaN NaN NaN NaN NaN NaN NaN NaN NaN NaN NaN NaN NaN NaN NaN
