NaN NaN NaN NaN NaN NaN NaN NaN NaN NaN 1.4583 1.548 1.5151 1.5607 1.5578 1.4944 1.4551 1.45 1.4631 1.4838 1.504 1.5128 1.523 1.5348 1.5376 1.548 1.552 1.5624 1.569 1.5737 1.58 1.5859 1.598 1.6118 1.6246 1.6313 1.6361
NaN NaN NaN NaN NaN NaN NaN NaN NaN NaN NaN NaN NaN NaN 1.5542 1.4763 1.433 1.4359 1.4551 1.4752 1.4943 1.5057 1.5181 1.5291 1.5324 1.5421 1.5468 1.556 1.5626 1.5665 1.573 1.5773 1.5898 1.6057 1.6168 1.6234 1.6279
NaN NaN NaN NaN NaN NaN NaN NaN 0.41654 0.38344 0.36245 0.335 0.29986 0.268 1.5647 1.4458 1.4223 1.4304 1.4511 1.4702 1.4878 1.4999 1.5122 1.5206 1.5272 1.535 1.54 1.5486 1.5554 1.5589 1.5638 1.5675 1.5813 1.5978 1.6074 1.614 1.6177
NaN NaN NaN NaN NaN NaN NaN NaN 0.75487 0.80059 0.85089 0.92113 1.021 1.1892 1.4911 1.3653 1.4002 1.4215 1.4438 1.4616 1.4799 1.491 1.5036 1.5117 1.519 1.527 1.5328 1.5407 1.5474 1.5517 1.5554 1.5598 1.5745 1.5883 1.5965 1.6027 1.6068
NaN NaN NaN NaN NaN NaN NaN NaN 0.95417 0.98839 1.0257 1.0783 1.1576 1.2645 1.3845 1.3051 1.3766 1.4065 1.4307 1.4505 1.4683 1.4806 1.4927 1.5012 1.5086 1.5164 1.5222 1.5295 1.5363 1.5404 1.5427 1.5486 1.5616 1.578 1.5865 1.5922 1.5971
NaN NaN NaN NaN NaN NaN NaN NaN 0.96717 0.99554 1.0386 1.0971 1.1735 1.2522 1.317 1.2787 1.3538 1.3875 1.4148 1.4368 1.455 1.4678 1.4798 1.4887 1.4969 1.5045 1.5114 1.5183 1.5245 1.5301 1.5327 1.5394 1.5523 1.568 1.5762 1.5824 1.5862
NaN NaN NaN NaN NaN NaN NaN NaN 0.9954 1.0224 1.0677 1.1271 1.1877 1.2399 1.2788 1.2679 1.3363 1.3668 1.3958 1.421 1.4404 1.4548 1.4682 1.4783 1.4882 1.4959 1.5032 1.5117 1.5186 1.5247 1.5292 1.5377 1.5468 1.5611 1.568 1.5735 1.577
NaN NaN NaN NaN NaN NaN NaN NaN 1.0007 1.0375 1.0847 1.137 1.1826 1.2217 1.2558 1.2658 1.3243 1.354 1.379 1.4008 1.4193 1.4325 1.4444 1.4531 1.4615 1.4787 1.4827 1.4545 1.5075 1.5148 1.5187 1.5296 1.5413 1.5524 1.5599 1.5649 1.5679
NaN NaN NaN NaN NaN NaN NaN NaN 0.99982 1.0568 1.0996 1.1422 1.1778 1.211 1.2449 1.2664 1.3159 1.3449 1.3713 1.3939 1.413 1.433 1.4481 1.4634 1.482 1.5079 1.5245 1.4905 1.5065 1.511 1.5153 1.5272 1.5362 1.5481 1.557 1.5525 1.5631
NaN NaN NaN NaN NaN NaN NaN NaN NaN 1.0932 1.1253 1.1559 1.1818 1.2102 1.2429 1.2708 1.3124 1.3364 1.3619 1.384 1.4046 1.4258 1.443 1.4584 1.4758 1.4957 1.503 1.4746 1.5002 1.5062 1.5109 1.5231 1.5326 1.5437 1.5537 1.5463 1.5574
NaN NaN NaN NaN NaN NaN NaN NaN NaN 1.1159 1.148 1.1587 1.1755 1.2057 1.2421 1.2753 1.3142 1.3374 1.3584 1.3799 1.4033 1.4249 1.4412 1.4568 1.472 1.4878 1.4924 1.471 1.4963 1.5032 1.51 1.5213 1.5305 1.5418 1.5501 1.5478 1.5531
NaN NaN NaN NaN NaN NaN NaN NaN NaN NaN 1.1447 1.1488 1.1665 1.2075 1.2462 1.2809 1.3161 1.3369 1.3571 1.3797 1.4005 1.4205 1.4367 1.4501 1.4657 1.4792 1.483 1.4685 1.4924 1.4997 1.5086 1.5187 1.5282 1.5377 1.5435 1.5415 1.5466
NaN NaN NaN NaN NaN NaN NaN NaN NaN NaN NaN 1.1538 1.1717 1.2144 1.2532 1.2858 1.3145 1.3327 1.3546 1.3771 1.3981 1.4166 1.433 1.4463 1.4603 1.473 1.4767 1.4679 1.4889 1.4964 1.5056 1.5149 1.5234 1.5327 1.5357 1.5344 1.5391
NaN NaN NaN NaN NaN NaN NaN NaN NaN NaN NaN 1.1578 1.1791 1.2128 1.2462 1.2759 1.3029 1.3211 1.3432 1.3707 1.3936 1.4108 1.427 1.4401 1.4534 1.4655 1.4704 1.4646 1.4838 1.4915 1.5021 1.5102 1.5173 1.5248 1.5276 1.5278 1.5309
NaN NaN NaN NaN NaN NaN NaN NaN NaN NaN NaN NaN 1.1618 1.207 1.2211 1.2568 1.2895 1.3123 1.3367 1.3635 1.3868 1.4037 1.4201 1.4327 1.4469 1.4588 1.4643 1.4626 1.4785 1.4867 1.4972 1.5054 1.5125 1.5179 1.52 1.5196 1.5205
NaN NaN NaN NaN NaN NaN NaN NaN NaN NaN NaN NaN NaN 1.229 1.2384 1.2554 1.2926 1.3115 1.3337 1.3596 1.3811 1.3983 1.4142 1.4268 1.4393 1.4521 1.4568 1.4582 1.4732 1.4801 1.4921 1.4993 1.5057 1.5099 1.5113 1.5111 1.5097
NaN NaN NaN NaN NaN NaN NaN NaN NaN NaN NaN NaN NaN NaN 1.2465 1.2738 1.2852 1.294 1.3186 1.3479 1.3629 1.3869 1.4032 1.4176 1.4328 1.444 1.4507 1.4547 1.4666 1.4747 1.4868 1.4939 1.4993 1.5022 1.5032 1.5019 1.5013
NaN NaN NaN NaN NaN NaN NaN NaN NaN NaN NaN NaN NaN NaN NaN 1.2774 1.2844 1.2775 1.3029 1.336 1.3534 1.377 1.393 1.4073 1.4219 1.4349 1.4414 1.4504 1.4534 1.4645 1.4804 1.4886 1.4933 1.495 1.496 1.4947 1.4918
NaN NaN NaN NaN NaN NaN NaN NaN NaN NaN NaN NaN NaN NaN NaN NaN NaN 1.2895 1.3008 1.3199 1.3278 1.3592 1.3752 1.3887 1.406 1.4272 1.4365 1.4487 1.4529 1.4623 1.4741 1.4824 1.4864 1.4872 1.4886 1.4863 1.483
NaN NaN NaN NaN NaN NaN NaN NaN NaN NaN NaN NaN NaN NaN NaN NaN NaN NaN 1.2983 1.3267 1.3113 1.3437 1.3637 1.3739 1.3865 1.4156 1.4292 1.4324 1.4439 1.4554 1.4678 1.4767 1.4806 1.4802 1.4804 1.4781 1.4744
NaN NaN NaN NaN NaN NaN NaN NaN NaN NaN NaN NaN NaN NaN NaN NaN NaN NaN NaN NaN 1.3027 1.3585 1.3592 1.3503 1.3541 1.3981 1.4161 1.4127 1.433 1.4466 1.4638 1.4717 1.4732 1.4724 1.4713 1.4693 1.4669
NaN NaN NaN NaN NaN NaN NaN NaN NaN NaN NaN NaN NaN NaN NaN NaN NaN NaN NaN NaN NaN NaN 1.3681 1.3656 1.3445 1.3787 1.3958 1.3848 1.417 1.4266 1.4373 1.4615 1.4634 1.4613 1.4593 1.4574 1.4559
NaN NaN NaN NaN NaN NaN NaN NaN NaN NaN NaN NaN NaN NaN NaN NaN NaN NaN NaN NaN NaN NaN NaN NaN 1.3428 1.3595 1.3486 1.3364 1.3738 1.3939 1.3924 1.4308 1.4428 1.4343 1.439 1.4426 1.4338
NaN NaN NaN NaN NaN NaN NaN NaN NaN NaN NaN NaN NaN NaN NaN NaN NaN NaN NaN NaN NaN NaN NaN NaN NaN NaN 1.3374 1.3457 1.3563 1.3764 1.3498 1.3774 1.3962 1.3791 1.4042 1.409 1.4103
NaN NaN NaN NaN NaN NaN NaN NaN NaN NaN NaN NaN NaN NaN NaN NaN NaN NaN NaN NaN NaN NaN NaN NaN NaN NaN NaN NaN 1.3294 1.3922 1.3478 1.3532 1.3299 1.2665 1.232 1.0925 0.46411
NaN NaN NaN NaN NaN NaN NaN NaN NaN NaN NaN NaN NaN NaN NaN NaN NaN NaN NaN NaN NaN NaN NaN NaN NaN NaN NaN NaN NaN NaN 1.314 1.2828 1.1949 1.0135 0.38728 NaN NaN
NaN NaN NaN NaN NaN NaN NaN NaN NaN NaN NaN NaN NaN NaN NaN NaN NaN NaN NaN NaN NaN NaN NaN NaN NaN NaN NaN NaN NaN NaN NaN NaN 0.92948 0.29099 NaN NaN NaN
NaN NaN NaN NaN NaN NaN NaN NaN NaN NaN NaN NaN NaN NaN NaN NaN NaN NaN NaN NaN NaN NaN NaN NaN NaN NaN NaN NaN NaN NaN NaN NaN NaN NaN NaN NaN NaN
NaN NaN NaN NaN NaN NaN NaN NaN NaN NaN NaN NaN NaN NaN NaN NaN NaN NaN NaN NaN NaN NaN NaN NaN NaN NaN NaN NaN NaN NaN NaN NaN NaN NaN NaN NaN NaN
NaN NaN NaN NaN NaN NaN NaN NaN NaN NaN NaN NaN NaN NaN NaN NaN NaN NaN NaN NaN NaN NaN NaN NaN NaN NaN NaN NaN NaN NaN NaN NaN NaN NaN NaN NaN NaN
