NaN NaN NaN NaN NaN NaN NaN NaN NaN NaN 1.8089 2.0712 2.1421 2.3416 2.4224 2.5484 2.657 2.6643 2.7121 2.778 2.8463 2.8788 2.9142 2.9494 2.9608 2.9933 3.0082 3.0396 3.0642 3.088 3.1154 3.1392 3.1736 3.2063 3.2379 3.2564 3.2723
NaN NaN NaN NaN NaN NaN NaN NaN NaN NaN NaN NaN NaN NaN 2.1126 2.2705 2.5412 2.5685 2.6397 2.7182 2.7941 2.8402 2.8875 2.929 2.9471 2.9811 2.9979 3.0281 3.053 3.0752 3.1025 3.1209 3.1546 3.1905 3.218 3.2367 3.2524
NaN NaN NaN NaN NaN NaN NaN NaN 0.35607 0.31993 0.29252 0.25937 0.21916 0.1788 2.1038 2.1404 2.4541 2.4966 2.5783 2.6631 2.7442 2.8016 2.8581 2.9017 2.9327 2.9663 2.9861 3.0168 3.0429 3.0633 3.0865 3.102 3.1372 3.1738 3.198 3.2171 3.2313
NaN NaN NaN NaN NaN NaN NaN NaN 0.7725 0.83833 0.91917 1.0369 1.2126 1.5143 2.0884 2.0687 2.3793 2.4402 2.5276 2.6118 2.6978 2.7598 2.8243 2.8731 2.9116 2.9484 2.9733 3.0042 3.0305 3.0519 3.0722 3.0889 3.1255 3.1564 3.1774 3.1958 3.2109
NaN NaN NaN NaN NaN NaN NaN NaN 1.0893 1.1507 1.2253 1.3328 1.4966 1.7281 2.0188 2.0034 2.3165 2.3908 2.4798 2.5656 2.6509 2.7195 2.7887 2.8431 2.8875 2.9278 2.9561 2.9873 3.0148 3.0352 3.0514 3.0693 3.1004 3.136 3.157 3.1748 3.1913
NaN NaN NaN NaN NaN NaN NaN NaN 1.1774 1.235 1.3203 1.4397 1.6005 1.7822 1.9588 1.9764 2.2608 2.344 2.4349 2.5215 2.6067 2.679 2.7512 2.8095 2.8599 2.9025 2.9352 2.9664 2.9925 3.0152 3.0302 3.0496 3.0807 3.1161 3.1361 3.1552 3.1699
NaN NaN NaN NaN NaN NaN NaN NaN 1.2617 1.3189 1.4105 1.5337 1.6687 1.8008 1.9189 1.9705 2.2181 2.2992 2.3891 2.4774 2.5616 2.6368 2.7121 2.7746 2.8308 2.875 2.9102 2.9451 2.9735 2.9982 3.0169 3.0413 3.0661 3.1 3.1171 3.1344 3.1478
NaN NaN NaN NaN NaN NaN NaN NaN 1.309 1.3814 1.4777 1.5895 1.6963 1.7982 1.8973 1.9786 2.1881 2.271 2.3553 2.4377 2.5197 2.5938 2.6687 2.7317 2.7869 2.8479 2.8733 2.8314 2.9544 2.9704 2.9882 3.0185 3.0485 3.0771 3.0951 3.1109 3.1234
NaN NaN NaN NaN NaN NaN NaN NaN 1.3494 1.4394 1.5297 1.6237 1.7088 1.794 1.8881 1.9866 2.1628 2.2431 2.3258 2.4045 2.4806 2.5612 2.6348 2.7039 2.7729 2.8511 2.9098 2.8723 2.9491 2.9563 2.9722 3.0046 3.0288 3.0591 3.0802 3.0777 3.1073
NaN NaN NaN NaN NaN NaN NaN NaN NaN 1.5125 1.5857 1.6585 1.7235 1.7973 1.8889 1.9988 2.1502 2.2208 2.3004 2.3742 2.4499 2.5312 2.6076 2.6796 2.7522 2.8273 2.8703 2.8327 2.9253 2.9385 2.9538 2.9861 3.0099 3.0383 3.0621 3.054 3.0889
NaN NaN NaN NaN NaN NaN NaN NaN NaN 1.5698 1.6371 1.6743 1.7203 1.796 1.8918 2.008 2.1437 2.2122 2.281 2.3496 2.429 2.5105 2.5849 2.659 2.7304 2.7996 2.8341 2.805 2.8988 2.9174 2.9375 2.9685 2.9916 3.0204 3.0426 3.0449 3.0698
NaN NaN NaN NaN NaN NaN NaN NaN NaN NaN 1.6439 1.6679 1.7108 1.8021 1.9014 2.0183 2.1406 2.203 2.266 2.3363 2.4112 2.4894 2.5627 2.6327 2.7052 2.7688 2.799 2.7816 2.8716 2.8941 2.921 2.9511 2.9765 3.0031 3.0218 3.0237 3.0474
NaN NaN NaN NaN NaN NaN NaN NaN NaN NaN NaN 1.6712 1.7184 1.8159 1.9167 2.0295 2.1347 2.1892 2.2526 2.3218 2.3956 2.4698 2.5426 2.6115 2.6808 2.7413 2.7699 2.7644 2.8464 2.8725 2.9033 2.934 2.9589 2.9859 2.9991 3.0025 3.025
NaN NaN NaN NaN NaN NaN NaN NaN NaN NaN NaN 1.6828 1.7388 1.8252 1.9191 2.0233 2.118 2.1684 2.2269 2.303 2.3801 2.4508 2.5223 2.5894 2.6563 2.7139 2.7441 2.7458 2.8212 2.8498 2.8866 2.9165 2.9399 2.9635 2.9762 2.9834 3.0026
NaN NaN NaN NaN NaN NaN NaN NaN NaN NaN NaN NaN 1.7355 1.8333 1.8937 1.9996 2.095 2.1481 2.2084 2.2842 2.3625 2.4313 2.5019 2.5663 2.6335 2.6892 2.7204 2.7317 2.7979 2.8291 2.8681 2.899 2.924 2.9447 2.957 2.9643 2.9791
NaN NaN NaN NaN NaN NaN NaN NaN NaN NaN NaN NaN NaN 1.8399 1.8946 1.9914 2.0921 2.137 2.195 2.2714 2.3469 2.4154 2.4848 2.5483 2.6111 2.6675 2.6972 2.7164 2.7774 2.8073 2.8513 2.8813 2.9067 2.9257 2.9373 2.9459 2.956
NaN NaN NaN NaN NaN NaN NaN NaN NaN NaN NaN NaN NaN NaN 1.8773 1.9829 2.0843 2.1055 2.1694 2.2559 2.3126 2.3929 2.4607 2.5257 2.5919 2.6439 2.678 2.704 2.7558 2.7889 2.8347 2.8654 2.8902 2.9071 2.9185 2.9255 2.9368
NaN NaN NaN NaN NaN NaN NaN NaN NaN NaN NaN NaN NaN NaN NaN 1.9419 2.0267 2.0838 2.1457 2.2347 2.2894 2.3734 2.4397 2.5039 2.5677 2.6222 2.6559 2.693 2.724 2.7644 2.8169 2.8499 2.8743 2.8894 2.9016 2.9095 2.9158
NaN NaN NaN NaN NaN NaN NaN NaN NaN NaN NaN NaN NaN NaN NaN NaN NaN 2.0421 2.1436 2.2141 2.2433 2.3458 2.4093 2.4681 2.532 2.5993 2.637 2.6836 2.7147 2.7558 2.8014 2.8349 2.858 2.8717 2.8855 2.8916 2.8967
NaN NaN NaN NaN NaN NaN NaN NaN NaN NaN NaN NaN NaN NaN NaN NaN NaN NaN 2.0415 2.1382 2.2092 2.3188 2.3883 2.4391 2.4907 2.5737 2.6207 2.6527 2.6962 2.7391 2.7858 2.8211 2.8443 2.8562 2.8684 2.8744 2.8777
NaN NaN NaN NaN NaN NaN NaN NaN NaN NaN NaN NaN NaN NaN NaN NaN NaN NaN NaN NaN 2.0661 2.2056 2.3568 2.3982 2.4246 2.5384 2.5947 2.6123 2.6736 2.7175 2.7745 2.809 2.8281 2.8397 2.8498 2.8558 2.8602
NaN NaN NaN NaN NaN NaN NaN NaN NaN NaN NaN NaN NaN NaN NaN NaN NaN NaN NaN NaN NaN NaN 2.0453 2.1295 2.3018 2.4996 2.5568 2.5563 2.6454 2.6791 2.7222 2.7883 2.8069 2.8175 2.8261 2.8314 2.8353
NaN NaN NaN NaN NaN NaN NaN NaN NaN NaN NaN NaN NaN NaN NaN NaN NaN NaN NaN NaN NaN NaN NaN NaN 2.0013 2.2707 2.4772 2.4816 2.5747 2.6236 2.6343 2.7301 2.7654 2.7649 2.788 2.8009 2.7881
NaN NaN NaN NaN NaN NaN NaN NaN NaN NaN NaN NaN NaN NaN NaN NaN NaN NaN NaN NaN NaN NaN NaN NaN NaN NaN 2.1579 2.2629 2.4729 2.5968 2.5483 2.6422 2.6825 2.6577 2.7205 2.7276 2.7348
NaN NaN NaN NaN NaN NaN NaN NaN NaN NaN NaN NaN NaN NaN NaN NaN NaN NaN NaN NaN NaN NaN NaN NaN NaN NaN NaN NaN 2.0025 2.1292 2.2643 2.3724 2.5563 2.5099 2.5118 2.348 1.5484
NaN NaN NaN NaN NaN NaN NaN NaN NaN NaN NaN NaN NaN NaN NaN NaN NaN NaN NaN NaN NaN NaN NaN NaN NaN NaN NaN NaN NaN NaN 1.7274 2.1168 2.3211 2.1791 1.3007 NaN NaN
NaN NaN NaN NaN NaN NaN NaN NaN NaN NaN NaN NaN NaN NaN NaN NaN NaN NaN NaN NaN NaN NaN NaN NaN NaN NaN NaN NaN NaN NaN NaN NaN 1.8105 0.96329 NaN NaN NaN
NaN NaN NaN NaN NaN NaN NaN NaN NaN NaN NaN NaN NaN NaN NaN NaN NaN NaN NaN NaN NaN NaN NaN NaN NaN NaN NaN NaN NaN NaN NaN NaN NaN NaN NaN NaN NaN
NaN NaN NaN NaN NaN NaN NaN NaN NaN NaN NaN NaN NaN NaN NaN NaN NaN NaN NaN NaN NaN NaN NaN NaN NaN NaN NaN NaN NaN NaN NaN NaN NaN NaN NaN NaN NaN
NaN NaN NaN NaN NaN NaN NaN NaN NaN NaN NaN NaN NaN NaN NaN NaN NaN NaN NaN NaN NaN NaN NaN NaN NaN NaN NaN NaN NaN NaN NaN NaN NaN NaN NaN NaN NaN
