NaN NaN NaN NaN NaN NaN NaN NaN NaN NaN 1.4418 1.5434 1.5144 1.5656 1.5636 1.4989 1.4584 1.4518 1.4643 1.4855 1.507 1.5163 1.5273 1.54 1.5433 1.5547 1.5593 1.5705 1.578 1.5836 1.5908 1.5974 1.6099 1.6239 1.6371 1.644 1.6491
NaN NaN NaN NaN NaN NaN NaN NaN NaN NaN NaN NaN NaN NaN 1.5457 1.4753 1.4341 1.4359 1.4552 1.4764 1.497 1.5092 1.5226 1.5348 1.5387 1.5495 1.5548 1.5648 1.5723 1.5771 1.5845 1.5893 1.6023 1.6184 1.6297 1.6366 1.6413
NaN NaN NaN NaN NaN NaN NaN NaN 0.39395 0.36214 0.34167 0.31516 0.28148 0.25089 1.5558 1.4396 1.421 1.4285 1.45 1.4706 1.49 1.5034 1.5172 1.5269 1.5343 1.5433 1.5489 1.5585 1.5662 1.5705 1.5762 1.5802 1.5944 1.6111 1.6211 1.6279 1.6319
NaN NaN NaN NaN NaN NaN NaN NaN 0.72259 0.76819 0.81964 0.8918 0.99468 1.1682 1.4839 1.358 1.3983 1.4188 1.4423 1.4617 1.482 1.4946 1.5091 1.5188 1.5271 1.5363 1.5429 1.5517 1.5592 1.5643 1.5687 1.5734 1.5885 1.6025 1.611 1.6175 1.6219
NaN NaN NaN NaN NaN NaN NaN NaN 0.92389 0.95914 0.99846 1.0539 1.1371 1.2499 1.3791 1.2976 1.3747 1.404 1.4294 1.4508 1.4706 1.4847 1.4989 1.5092 1.5179 1.527 1.5336 1.5418 1.5495 1.5543 1.5571 1.5632 1.5764 1.593 1.6018 1.6078 1.6129
NaN NaN NaN NaN NaN NaN NaN NaN 0.94319 0.97291 1.0177 1.0787 1.1583 1.2414 1.3116 1.2714 1.3519 1.3853 1.4139 1.4374 1.4577 1.4725 1.4868 1.4975 1.5074 1.5163 1.5241 1.5319 1.5387 1.5449 1.5479 1.5547 1.5679 1.5838 1.5922 1.5987 1.6028
NaN NaN NaN NaN NaN NaN NaN NaN 0.97486 1.0032 1.0502 1.1117 1.175 1.2307 1.2729 1.261 1.3344 1.3651 1.3953 1.422 1.4434 1.4598 1.4754 1.4875 1.4991 1.5082 1.5164 1.5258 1.5333 1.54 1.5449 1.5536 1.5629 1.5775 1.5845 1.5903 1.594
NaN NaN NaN NaN NaN NaN NaN NaN 0.9835 1.0213 1.07 1.1241 1.1718 1.2135 1.2497 1.2596 1.3225 1.3528 1.3792 1.4028 1.4234 1.4387 1.4531 1.464 1.4742 1.4926 1.4974 1.4692 1.5234 1.5306 1.5348 1.5459 1.5579 1.5692 1.5767 1.5819 1.5852
NaN NaN NaN NaN NaN NaN NaN NaN 0.98576 1.0424 1.0866 1.1307 1.168 1.2029 1.2384 1.2606 1.3139 1.3434 1.3711 1.3953 1.4162 1.438 1.455 1.472 1.4921 1.5194 1.5374 1.5043 1.523 1.5271 1.5316 1.5438 1.553 1.565 1.5739 1.5696 1.5805
NaN NaN NaN NaN NaN NaN NaN NaN NaN 1.0793 1.1129 1.1449 1.172 1.2019 1.2361 1.2654 1.3103 1.3346 1.3613 1.3848 1.4076 1.4307 1.4499 1.4673 1.4866 1.5084 1.5171 1.4888 1.5168 1.5225 1.5272 1.5397 1.5493 1.5605 1.5706 1.5633 1.575
NaN NaN NaN NaN NaN NaN NaN NaN NaN 1.1033 1.1361 1.1482 1.1661 1.1975 1.2351 1.2699 1.3118 1.3353 1.3569 1.3795 1.4055 1.4293 1.4477 1.4654 1.4827 1.5004 1.5062 1.4847 1.5125 1.5193 1.5261 1.5377 1.547 1.5584 1.5668 1.5647 1.5705
NaN NaN NaN NaN NaN NaN NaN NaN NaN NaN 1.1336 1.1386 1.1571 1.1993 1.2391 1.2756 1.3135 1.3344 1.3552 1.3787 1.4022 1.4247 1.443 1.4586 1.4763 1.4916 1.4964 1.4818 1.5082 1.5155 1.5246 1.5351 1.5447 1.5544 1.5604 1.5584 1.5641
NaN NaN NaN NaN NaN NaN NaN NaN NaN NaN NaN 1.143 1.1619 1.2059 1.246 1.2807 1.312 1.3301 1.3523 1.376 1.3993 1.4204 1.4391 1.4546 1.4706 1.4852 1.4897 1.4809 1.5042 1.512 1.5216 1.5314 1.54 1.5497 1.5528 1.5515 1.5567
NaN NaN NaN NaN NaN NaN NaN NaN NaN NaN NaN 1.1472 1.1694 1.2049 1.2398 1.2716 1.3009 1.3188 1.3411 1.3696 1.3947 1.4145 1.433 1.4483 1.4637 1.4774 1.4831 1.4776 1.4989 1.507 1.5182 1.5269 1.5342 1.5419 1.5448 1.545 1.5486
NaN NaN NaN NaN NaN NaN NaN NaN NaN NaN NaN NaN 1.1544 1.2005 1.2156 1.2533 1.2876 1.3099 1.3347 1.3624 1.3877 1.4073 1.426 1.4408 1.457 1.4705 1.4768 1.4755 1.4934 1.5021 1.5134 1.5223 1.5297 1.5354 1.5376 1.5373 1.5387
NaN NaN NaN NaN NaN NaN NaN NaN NaN NaN NaN NaN NaN 1.222 1.232 1.2511 1.29 1.3088 1.3316 1.3587 1.3819 1.4017 1.4201 1.4349 1.4494 1.4638 1.4693 1.4713 1.488 1.4956 1.5086 1.5165 1.5233 1.5278 1.5293 1.5293 1.5284
NaN NaN NaN NaN NaN NaN NaN NaN NaN NaN NaN NaN NaN NaN 1.2405 1.2693 1.2827 1.2916 1.3171 1.3477 1.3642 1.3904 1.4091 1.4257 1.443 1.4556 1.4633 1.4681 1.4814 1.4903 1.5035 1.5114 1.5173 1.5205 1.5216 1.5205 1.5203
NaN NaN NaN NaN NaN NaN NaN NaN NaN NaN NaN NaN NaN NaN NaN 1.2734 1.2818 1.2755 1.3019 1.3364 1.3547 1.3807 1.3991 1.4156 1.4322 1.4467 1.4541 1.464 1.4684 1.4803 1.4973 1.5063 1.5116 1.5137 1.5149 1.5138 1.5113
NaN NaN NaN NaN NaN NaN NaN NaN NaN NaN NaN NaN NaN NaN NaN NaN NaN 1.2875 1.3001 1.3211 1.3298 1.3636 1.3817 1.3972 1.4163 1.4389 1.4491 1.4625 1.4678 1.4784 1.4913 1.5005 1.5052 1.5063 1.5079 1.5059 1.5028
NaN NaN NaN NaN NaN NaN NaN NaN NaN NaN NaN NaN NaN NaN NaN NaN NaN NaN 1.2988 1.329 1.3136 1.3481 1.3703 1.3824 1.3966 1.4275 1.4421 1.4467 1.4593 1.4718 1.4854 1.4952 1.4998 1.4997 1.5002 1.4981 1.4946
NaN NaN NaN NaN NaN NaN NaN NaN NaN NaN NaN NaN NaN NaN NaN NaN NaN NaN NaN NaN 1.3054 1.364 1.3659 1.359 1.3639 1.4102 1.4293 1.4271 1.4487 1.4632 1.4817 1.4906 1.4928 1.4924 1.4915 1.4897 1.4874
NaN NaN NaN NaN NaN NaN NaN NaN NaN NaN NaN NaN NaN NaN NaN NaN NaN NaN NaN NaN NaN NaN 1.3744 1.3744 1.3536 1.3908 1.4094 1.3993 1.4332 1.4436 1.4554 1.4808 1.4833 1.4817 1.4799 1.4782 1.4765
NaN NaN NaN NaN NaN NaN NaN NaN NaN NaN NaN NaN NaN NaN NaN NaN NaN NaN NaN NaN NaN NaN NaN NaN 1.3499 1.3723 1.364 1.3522 1.3908 1.4115 1.4106 1.4505 1.4631 1.455 1.4601 1.4636 1.4545
NaN NaN NaN NaN NaN NaN NaN NaN NaN NaN NaN NaN NaN NaN NaN NaN NaN NaN NaN NaN NaN NaN NaN NaN NaN NaN 1.3479 1.3613 1.3739 1.3954 1.3691 1.398 1.417 1.3998 1.4255 1.4298 1.4309
NaN NaN NaN NaN NaN NaN NaN NaN NaN NaN NaN NaN NaN NaN NaN NaN NaN NaN NaN NaN NaN NaN NaN NaN NaN NaN NaN NaN 1.3409 1.411 1.3685 1.3754 1.3533 1.2905 1.2587 1.123 0.51504
NaN NaN NaN NaN NaN NaN NaN NaN NaN NaN NaN NaN NaN NaN NaN NaN NaN NaN NaN NaN NaN NaN NaN NaN NaN NaN NaN NaN NaN NaN 1.3243 1.3067 1.222 1.0436 0.431 NaN NaN
NaN NaN NaN NaN NaN NaN NaN NaN NaN NaN NaN NaN NaN NaN NaN NaN NaN NaN NaN NaN NaN NaN NaN NaN NaN NaN NaN NaN NaN NaN NaN NaN 0.9524 0.32376 NaN NaN NaN
NaN NaN NaN NaN NaN NaN NaN NaN NaN NaN NaN NaN NaN NaN NaN NaN NaN NaN NaN NaN NaN NaN NaN NaN NaN NaN NaN NaN NaN NaN NaN NaN NaN NaN NaN NaN NaN
NaN NaN NaN NaN NaN NaN NaN NaN NaN NaN NaN NaN NaN NaN NaN NaN NaN NaN NaN NaN NaN NaN NaN NaN NaN NaN NaN NaN NaN NaN NaN NaN NaN NaN NaN NaN NaN
NaN NaN NaN NaN NaN NaN NaN NaN NaN NaN NaN NaN NaN NaN NaN NaN NaN NaN NaN NaN NaN NaN NaN NaN NaN NaN NaN NaN NaN NaN NaN NaN NaN NaN NaN NaN NaN
