NaN NaN NaN NaN NaN NaN NaN NaN NaN NaN 1.3665 1.4533 1.4215 1.465 1.4623 1.4027 1.3661 1.361 1.3729 1.3922 1.4112 1.4194 1.429 1.4402 1.4429 1.4527 1.4566 1.4664 1.4728 1.4773 1.4834 1.4891 1.5004 1.5132 1.5252 1.5314 1.5359
NaN NaN NaN NaN NaN NaN NaN NaN NaN NaN NaN NaN NaN NaN 1.456 1.3849 1.3452 1.3475 1.3653 1.3842 1.4022 1.4129 1.4246 1.4351 1.4383 1.4475 1.452 1.4607 1.4671 1.4709 1.4772 1.4813 1.493 1.5078 1.5181 1.5242 1.5284
NaN NaN NaN NaN NaN NaN NaN NaN 0.38544 0.35473 0.33517 0.30968 0.27715 0.24773 1.4662 1.3554 1.3349 1.3421 1.3614 1.3794 1.3961 1.4076 1.4194 1.4274 1.4337 1.4412 1.4459 1.4542 1.4607 1.4641 1.4689 1.4724 1.4853 1.5006 1.5096 1.5157 1.5191
NaN NaN NaN NaN NaN NaN NaN NaN 0.69937 0.74234 0.79027 0.85718 0.95198 1.1112 1.3976 1.2802 1.3143 1.3337 1.3546 1.3714 1.3887 1.3993 1.4115 1.4194 1.4264 1.4341 1.4396 1.4471 1.4535 1.4578 1.4614 1.4655 1.4793 1.492 1.4996 1.5054 1.5092
NaN NaN NaN NaN NaN NaN NaN NaN 0.88762 0.92018 0.95607 1.0066 1.0821 1.1838 1.2985 1.2241 1.2924 1.3199 1.3425 1.3611 1.378 1.3898 1.4015 1.4099 1.417 1.4246 1.4301 1.4371 1.4437 1.4476 1.4498 1.4553 1.4674 1.4826 1.4906 1.4959 1.5004
NaN NaN NaN NaN NaN NaN NaN NaN 0.90232 0.92947 0.97054 1.0262 1.0986 1.1735 1.2356 1.1996 1.2712 1.3022 1.3278 1.3484 1.3658 1.3781 1.3898 1.3985 1.4065 1.4139 1.4204 1.4271 1.4329 1.4382 1.4408 1.447 1.459 1.4736 1.4812 1.4869 1.4905
NaN NaN NaN NaN NaN NaN NaN NaN 0.93024 0.95612 0.99916 1.0553 1.1128 1.1626 1.2 1.1897 1.2549 1.283 1.3102 1.3339 1.3523 1.3661 1.3791 1.389 1.3986 1.406 1.413 1.4211 1.4277 1.4334 1.4377 1.4456 1.4541 1.4673 1.4737 1.4789 1.4821
NaN NaN NaN NaN NaN NaN NaN NaN 0.93659 0.97143 1.0161 1.0655 1.1087 1.146 1.1785 1.188 1.2437 1.2713 1.2947 1.3153 1.333 1.3456 1.3573 1.3659 1.3741 1.3904 1.3942 1.3678 1.4177 1.4244 1.4281 1.4383 1.4492 1.4595 1.4663 1.471 1.4738
NaN NaN NaN NaN NaN NaN NaN NaN 0.93677 0.99014 1.0306 1.0708 1.1046 1.1361 1.1684 1.1887 1.2359 1.2627 1.2875 1.3089 1.3271 1.346 1.3605 1.3751 1.3928 1.4172 1.433 1.4014 1.417 1.4211 1.4251 1.4362 1.4446 1.4556 1.4637 1.4596 1.4694
NaN NaN NaN NaN NaN NaN NaN NaN NaN 1.0244 1.055 1.0839 1.1085 1.1355 1.1666 1.193 1.2326 1.2545 1.2784 1.2992 1.3192 1.3394 1.3559 1.3707 1.3873 1.4063 1.4134 1.3869 1.4113 1.4168 1.4211 1.4325 1.4413 1.4516 1.4608 1.4538 1.4643
NaN NaN NaN NaN NaN NaN NaN NaN NaN 1.0461 1.0763 1.0869 1.103 1.1316 1.1659 1.1973 1.2344 1.2556 1.275 1.2953 1.3178 1.3385 1.3542 1.3692 1.3839 1.399 1.4035 1.3835 1.4077 1.4141 1.4204 1.4309 1.4394 1.4498 1.4575 1.4553 1.4603
NaN NaN NaN NaN NaN NaN NaN NaN NaN NaN 1.0735 1.0778 1.0946 1.1334 1.1698 1.2026 1.2362 1.2552 1.274 1.2949 1.3151 1.3345 1.3501 1.3631 1.3781 1.391 1.3948 1.3812 1.4041 1.4108 1.4192 1.4286 1.4374 1.4462 1.4515 1.4496 1.4544
NaN NaN NaN NaN NaN NaN NaN NaN NaN NaN NaN 1.0824 1.0995 1.1398 1.1764 1.2073 1.2348 1.2515 1.2718 1.2929 1.3129 1.3308 1.3467 1.3597 1.3731 1.3854 1.389 1.3807 1.4008 1.4078 1.4165 1.4252 1.433 1.4417 1.4444 1.4431 1.4475
NaN NaN NaN NaN NaN NaN NaN NaN NaN NaN NaN 1.0862 1.1064 1.1385 1.1701 1.1984 1.2242 1.2407 1.2613 1.287 1.3088 1.3255 1.3412 1.3539 1.3668 1.3784 1.3832 1.3777 1.3961 1.4033 1.4133 1.421 1.4275 1.4344 1.437 1.4371 1.44
NaN NaN NaN NaN NaN NaN NaN NaN NaN NaN NaN NaN 1.0907 1.1332 1.1468 1.1809 1.2117 1.2326 1.2554 1.2805 1.3024 1.319 1.3348 1.3471 1.3608 1.3723 1.3776 1.376 1.3913 1.3989 1.4089 1.4166 1.4232 1.4282 1.4301 1.4297 1.4306
NaN NaN NaN NaN NaN NaN NaN NaN NaN NaN NaN NaN NaN 1.1538 1.1626 1.1793 1.2144 1.2319 1.2526 1.277 1.2973 1.3139 1.3295 1.3417 1.3538 1.3661 1.3707 1.372 1.3864 1.3929 1.4043 1.4111 1.4171 1.4209 1.4222 1.4219 1.4207
NaN NaN NaN NaN NaN NaN NaN NaN NaN NaN NaN NaN NaN NaN 1.1704 1.1962 1.2074 1.2156 1.2387 1.2663 1.2805 1.3033 1.3192 1.3332 1.3479 1.3586 1.3651 1.3689 1.3803 1.388 1.3995 1.4062 1.4112 1.4139 1.4148 1.4135 1.413
NaN NaN NaN NaN NaN NaN NaN NaN NaN NaN NaN NaN NaN NaN NaN 1.1997 1.2064 1.2002 1.2241 1.2554 1.2717 1.2943 1.3098 1.3237 1.3378 1.3502 1.3565 1.365 1.3681 1.3786 1.3936 1.4014 1.4058 1.4074 1.4083 1.4071 1.4044
NaN NaN NaN NaN NaN NaN NaN NaN NaN NaN NaN NaN NaN NaN NaN NaN NaN 1.2112 1.222 1.2405 1.248 1.2779 1.2933 1.3064 1.323 1.3431 1.352 1.3636 1.3677 1.3767 1.3879 1.3958 1.3996 1.4003 1.4016 1.3994 1.3963
NaN NaN NaN NaN NaN NaN NaN NaN NaN NaN NaN NaN NaN NaN NaN NaN NaN NaN 1.2198 1.2467 1.2325 1.2634 1.2825 1.2926 1.3047 1.3324 1.3453 1.3485 1.3595 1.3704 1.3822 1.3906 1.3943 1.394 1.3941 1.3919 1.3885
NaN NaN NaN NaN NaN NaN NaN NaN NaN NaN NaN NaN NaN NaN NaN NaN NaN NaN NaN NaN 1.2243 1.277 1.278 1.2705 1.2743 1.3161 1.3332 1.3302 1.3495 1.3623 1.3786 1.3861 1.3876 1.3869 1.3858 1.3839 1.3816
NaN NaN NaN NaN NaN NaN NaN NaN NaN NaN NaN NaN NaN NaN NaN NaN NaN NaN NaN NaN NaN NaN 1.2866 1.2846 1.2646 1.2978 1.3142 1.3042 1.3347 1.3438 1.3539 1.3768 1.3786 1.3767 1.3748 1.373 1.3715
NaN NaN NaN NaN NaN NaN NaN NaN NaN NaN NaN NaN NaN NaN NaN NaN NaN NaN NaN NaN NaN NaN NaN NaN 1.2631 1.2796 1.2703 1.2592 1.2944 1.3133 1.3121 1.3483 1.3596 1.3516 1.3561 1.3593 1.351
NaN NaN NaN NaN NaN NaN NaN NaN NaN NaN NaN NaN NaN NaN NaN NaN NaN NaN NaN NaN NaN NaN NaN NaN NaN NaN 1.2584 1.2677 1.2781 1.2972 1.2724 1.2985 1.3161 1.3001 1.3237 1.328 1.329
NaN NaN NaN NaN NaN NaN NaN NaN NaN NaN NaN NaN NaN NaN NaN NaN NaN NaN NaN NaN NaN NaN NaN NaN NaN NaN NaN NaN 1.2518 1.3128 1.2705 1.2758 1.2542 1.1949 1.1628 1.0324 0.44796
NaN NaN NaN NaN NaN NaN NaN NaN NaN NaN NaN NaN NaN NaN NaN NaN NaN NaN NaN NaN NaN NaN NaN NaN NaN NaN NaN NaN NaN NaN 1.2504 1.2098 1.1278 0.9582 0.37421 NaN NaN
NaN NaN NaN NaN NaN NaN NaN NaN NaN NaN NaN NaN NaN NaN NaN NaN NaN NaN NaN NaN NaN NaN NaN NaN NaN NaN NaN NaN NaN NaN NaN NaN 0.87724 0.28132 NaN NaN NaN
NaN NaN NaN NaN NaN NaN NaN NaN NaN NaN NaN NaN NaN NaN NaN NaN NaN NaN NaN NaN NaN NaN NaN NaN NaN NaN NaN NaN NaN NaN NaN NaN NaN NaN NaN NaN NaN
NaN NaN NaN NaN NaN NaN NaN NaN NaN NaN NaN NaN NaN NaN NaN NaN NaN NaN NaN NaN NaN NaN NaN NaN NaN NaN NaN NaN NaN NaN NaN NaN NaN NaN NaN NaN NaN
NaN NaN NaN NaN NaN NaN NaN NaN NaN NaN NaN NaN NaN NaN NaN NaN NaN NaN NaN NaN NaN NaN NaN NaN NaN NaN NaN NaN NaN NaN NaN NaN NaN NaN NaN NaN NaN
