NaN NaN NaN NaN NaN NaN NaN NaN NaN NaN 1.4067 1.5049 1.4746 1.5238 1.5216 1.4588 1.4204 1.4143 1.4265 1.447 1.4678 1.4767 1.4874 1.4997 1.5028 1.5137 1.5181 1.5289 1.5361 1.5414 1.5483 1.5545 1.5666 1.5801 1.5929 1.5995 1.6044
NaN NaN NaN NaN NaN NaN NaN NaN NaN NaN NaN NaN NaN NaN 1.5053 1.4361 1.3969 1.3992 1.418 1.4384 1.4583 1.4701 1.4831 1.4949 1.4986 1.5089 1.514 1.5237 1.5309 1.5354 1.5425 1.547 1.5595 1.575 1.586 1.5926 1.5972
NaN NaN NaN NaN NaN NaN NaN NaN 0.3844 0.35339 0.33341 0.30756 0.27472 0.24492 1.5156 1.4022 1.3847 1.3923 1.4131 1.433 1.4518 1.4647 1.478 1.4874 1.4946 1.5032 1.5085 1.5177 1.5251 1.5292 1.5347 1.5385 1.5521 1.5683 1.5779 1.5846 1.5884
NaN NaN NaN NaN NaN NaN NaN NaN 0.70444 0.749 0.79952 0.87024 0.97065 1.1395 1.4459 1.3237 1.363 1.3832 1.4059 1.4246 1.4442 1.4565 1.4704 1.4797 1.4878 1.4966 1.5029 1.5113 1.5186 1.5235 1.5277 1.5321 1.5467 1.5602 1.5684 1.5747 1.5789
NaN NaN NaN NaN NaN NaN NaN NaN 0.90133 0.93587 0.9745 1.0288 1.1099 1.2194 1.3446 1.2656 1.3404 1.369 1.3936 1.4142 1.4333 1.447 1.4607 1.4706 1.479 1.4877 1.4941 1.502 1.5095 1.514 1.5167 1.5224 1.5352 1.5513 1.5598 1.5656 1.5706
NaN NaN NaN NaN NaN NaN NaN NaN 0.92095 0.95011 0.99399 1.0535 1.1308 1.2115 1.2797 1.2407 1.3185 1.3512 1.3787 1.4014 1.421 1.4353 1.4491 1.4595 1.469 1.4775 1.485 1.4926 1.4992 1.5051 1.508 1.5145 1.5272 1.5427 1.5508 1.5571 1.561
NaN NaN NaN NaN NaN NaN NaN NaN 0.95242 0.98032 1.0262 1.086 1.1475 1.2016 1.2427 1.231 1.3018 1.3317 1.3609 1.3867 1.4073 1.4232 1.4383 1.45 1.4612 1.4699 1.4778 1.4869 1.4942 1.5006 1.5053 1.5137 1.5227 1.5368 1.5436 1.5493 1.5528
NaN NaN NaN NaN NaN NaN NaN NaN 0.96144 0.99842 1.0458 1.0984 1.1448 1.1854 1.2206 1.2299 1.2906 1.32 1.3455 1.3682 1.3881 1.4029 1.4168 1.4273 1.4372 1.4553 1.4603 1.4312 1.4846 1.4918 1.4958 1.5065 1.518 1.5291 1.5363 1.5414 1.5446
NaN NaN NaN NaN NaN NaN NaN NaN 0.96399 1.0192 1.0622 1.1052 1.1414 1.1755 1.2101 1.2311 1.2825 1.3111 1.3378 1.3612 1.3814 1.4025 1.419 1.4355 1.4549 1.4816 1.4994 1.4658 1.4843 1.4886 1.493 1.5047 1.5136 1.5253 1.534 1.5298 1.5404
NaN NaN NaN NaN NaN NaN NaN NaN NaN 1.0553 1.0881 1.1192 1.1457 1.1749 1.2082 1.2361 1.2793 1.3028 1.3285 1.3512 1.3732 1.3956 1.4143 1.4311 1.4498 1.471 1.4799 1.4513 1.4785 1.4845 1.489 1.5011 1.5103 1.5212 1.5311 1.5238 1.5353
NaN NaN NaN NaN NaN NaN NaN NaN NaN 1.0789 1.1108 1.1228 1.1404 1.1711 1.2076 1.2408 1.2811 1.3038 1.3246 1.3463 1.3714 1.3945 1.4124 1.4295 1.4462 1.4636 1.4695 1.4477 1.4746 1.4816 1.4883 1.4994 1.5084 1.5194 1.5277 1.5255 1.5312
NaN NaN NaN NaN NaN NaN NaN NaN NaN NaN 1.1086 1.1138 1.132 1.1731 1.2117 1.2465 1.283 1.3032 1.3232 1.3459 1.3684 1.3902 1.408 1.4231 1.4403 1.4553 1.4603 1.4453 1.4707 1.4781 1.4871 1.4971 1.5064 1.5158 1.5217 1.5197 1.5252
NaN NaN NaN NaN NaN NaN NaN NaN NaN NaN NaN 1.1183 1.137 1.1798 1.2187 1.2517 1.2818 1.2994 1.3211 1.3438 1.366 1.3863 1.4045 1.4195 1.435 1.4493 1.4541 1.4448 1.4672 1.475 1.4844 1.4938 1.5021 1.5115 1.5146 1.5133 1.5183
NaN NaN NaN NaN NaN NaN NaN NaN NaN NaN NaN 1.1226 1.1443 1.179 1.2128 1.2432 1.2713 1.2887 1.3104 1.3378 1.3618 1.3808 1.3988 1.4136 1.4285 1.442 1.4479 1.4419 1.4623 1.4704 1.4813 1.4897 1.4967 1.5042 1.5071 1.5073 1.5108
NaN NaN NaN NaN NaN NaN NaN NaN NaN NaN NaN NaN 1.1296 1.1743 1.1892 1.2256 1.2587 1.2804 1.3045 1.3311 1.3553 1.3741 1.3922 1.4066 1.4223 1.4356 1.4421 1.4402 1.4572 1.4658 1.4769 1.4854 1.4926 1.4981 1.5003 1.5001 1.5015
NaN NaN NaN NaN NaN NaN NaN NaN NaN NaN NaN NaN NaN 1.1954 1.2051 1.2236 1.2613 1.2796 1.3017 1.3278 1.3502 1.369 1.3868 1.4011 1.4152 1.4293 1.435 1.4364 1.4523 1.4598 1.4724 1.48 1.4866 1.491 1.4926 1.4925 1.4917
NaN NaN NaN NaN NaN NaN NaN NaN NaN NaN NaN NaN NaN NaN 1.2134 1.2411 1.2542 1.2631 1.2879 1.3174 1.3332 1.3583 1.3763 1.3924 1.4091 1.4216 1.4293 1.4335 1.4462 1.4549 1.4677 1.4753 1.481 1.4841 1.4853 1.4842 1.4841
NaN NaN NaN NaN NaN NaN NaN NaN NaN NaN NaN NaN NaN NaN NaN 1.2452 1.2532 1.2476 1.2732 1.3066 1.3243 1.3492 1.3668 1.3828 1.3988 1.4131 1.4206 1.4299 1.4337 1.4454 1.4619 1.4706 1.4757 1.4777 1.479 1.478 1.4755
NaN NaN NaN NaN NaN NaN NaN NaN NaN NaN NaN NaN NaN NaN NaN NaN NaN 1.2589 1.2713 1.2918 1.3003 1.3327 1.3501 1.365 1.3835 1.4057 1.416 1.4287 1.4334 1.4437 1.4563 1.4652 1.4696 1.4707 1.4724 1.4704 1.4675
NaN NaN NaN NaN NaN NaN NaN NaN NaN NaN NaN NaN NaN NaN NaN NaN NaN NaN 1.2697 1.2988 1.2843 1.3179 1.3391 1.3508 1.3645 1.3949 1.4094 1.4134 1.4254 1.4375 1.4508 1.4602 1.4646 1.4646 1.4651 1.4631 1.4597
NaN NaN NaN NaN NaN NaN NaN NaN NaN NaN NaN NaN NaN NaN NaN NaN NaN NaN NaN NaN 1.276 1.3326 1.3347 1.3278 1.3328 1.3782 1.3971 1.3944 1.4152 1.4294 1.4473 1.456 1.4581 1.4576 1.4569 1.4551 1.4529
NaN NaN NaN NaN NaN NaN NaN NaN NaN NaN NaN NaN NaN NaN NaN NaN NaN NaN NaN NaN NaN NaN 1.3428 1.3424 1.3221 1.359 1.3775 1.3675 1.4004 1.4105 1.422 1.4467 1.4491 1.4475 1.4458 1.4442 1.4427
NaN NaN NaN NaN NaN NaN NaN NaN NaN NaN NaN NaN NaN NaN NaN NaN NaN NaN NaN NaN NaN NaN NaN NaN 1.319 1.3401 1.3329 1.3214 1.359 1.3792 1.3784 1.4174 1.4297 1.4217 1.4268 1.4304 1.4216
NaN NaN NaN NaN NaN NaN NaN NaN NaN NaN NaN NaN NaN NaN NaN NaN NaN NaN NaN NaN NaN NaN NaN NaN NaN NaN 1.3171 1.3294 1.3418 1.364 1.3372 1.366 1.385 1.3681 1.3935 1.398 1.399
NaN NaN NaN NaN NaN NaN NaN NaN NaN NaN NaN NaN NaN NaN NaN NaN NaN NaN NaN NaN NaN NaN NaN NaN NaN NaN NaN NaN 1.3104 1.3788 1.3359 1.3426 1.3217 1.2606 1.2296 1.0967 0.50212
NaN NaN NaN NaN NaN NaN NaN NaN NaN NaN NaN NaN NaN NaN NaN NaN NaN NaN NaN NaN NaN NaN NaN NaN NaN NaN NaN NaN NaN NaN 1.3002 1.2745 1.1922 1.0181 0.42007 NaN NaN
NaN NaN NaN NaN NaN NaN NaN NaN NaN NaN NaN NaN NaN NaN NaN NaN NaN NaN NaN NaN NaN NaN NaN NaN NaN NaN NaN NaN NaN NaN NaN NaN 0.92817 0.31563 NaN NaN NaN
NaN NaN NaN NaN NaN NaN NaN NaN NaN NaN NaN NaN NaN NaN NaN NaN NaN NaN NaN NaN NaN NaN NaN NaN NaN NaN NaN NaN NaN NaN NaN NaN NaN NaN NaN NaN NaN
NaN NaN NaN NaN NaN NaN NaN NaN NaN NaN NaN NaN NaN NaN NaN NaN NaN NaN NaN NaN NaN NaN NaN NaN NaN NaN NaN NaN NaN NaN NaN NaN NaN NaN NaN NaN NaN
NaN NaN NaN NaN NaN NaN NaN NaN NaN NaN NaN NaN NaN NaN NaN NaN NaN NaN NaN NaN NaN NaN NaN NaN NaN NaN NaN NaN NaN NaN NaN NaN NaN NaN NaN NaN NaN
