NaN NaN NaN NaN NaN NaN NaN NaN NaN NaN 1.3755 1.4606 1.4287 1.4714 1.4685 1.4091 1.3722 1.3673 1.3793 1.3985 1.4173 1.4253 1.4349 1.4458 1.4484 1.4581 1.4619 1.4716 1.4778 1.4822 1.4881 1.4938 1.5051 1.5179 1.5297 1.5359 1.5403
NaN NaN NaN NaN NaN NaN NaN NaN NaN NaN NaN NaN NaN NaN 1.4644 1.3923 1.3517 1.354 1.3718 1.3904 1.4082 1.4187 1.4302 1.4405 1.4436 1.4526 1.457 1.4656 1.4718 1.4755 1.4817 1.4857 1.4974 1.5122 1.5224 1.5284 1.5325
NaN NaN NaN NaN NaN NaN NaN NaN 0.39109 0.36002 0.3403 0.31456 0.28166 0.25199 1.4745 1.3633 1.3417 1.3487 1.3678 1.3857 1.402 1.4132 1.4247 1.4325 1.4386 1.4461 1.4506 1.4587 1.4651 1.4684 1.4731 1.4765 1.4894 1.5047 1.5135 1.5196 1.5229
NaN NaN NaN NaN NaN NaN NaN NaN 0.70806 0.75123 0.79917 0.86605 0.96076 1.1198 1.4052 1.2878 1.321 1.3403 1.361 1.3775 1.3945 1.4048 1.4166 1.4242 1.431 1.4385 1.444 1.4513 1.4575 1.4616 1.4651 1.4693 1.483 1.4957 1.5032 1.5089 1.5126
NaN NaN NaN NaN NaN NaN NaN NaN 0.8968 0.92933 0.96501 1.0152 1.0904 1.1916 1.3052 1.2312 1.2989 1.3262 1.3487 1.367 1.3835 1.395 1.4063 1.4143 1.4212 1.4286 1.434 1.4408 1.4472 1.451 1.4532 1.4587 1.4708 1.486 1.4938 1.499 1.5034
NaN NaN NaN NaN NaN NaN NaN NaN 0.91038 0.93741 0.97834 1.0338 1.106 1.1804 1.2419 1.2064 1.2774 1.3083 1.3337 1.3541 1.3711 1.383 1.3943 1.4026 1.4103 1.4175 1.4239 1.4304 1.4361 1.4413 1.4438 1.4501 1.4621 1.4766 1.4841 1.4898 1.4932
NaN NaN NaN NaN NaN NaN NaN NaN 0.93773 0.96345 1.0064 1.0624 1.1197 1.1691 1.206 1.1962 1.2608 1.2889 1.3159 1.3393 1.3574 1.3708 1.3833 1.3929 1.4021 1.4094 1.4162 1.4242 1.4306 1.4362 1.4405 1.4485 1.4569 1.4701 1.4764 1.4814 1.4845
NaN NaN NaN NaN NaN NaN NaN NaN 0.94344 0.97822 1.0228 1.0721 1.115 1.1521 1.1844 1.1942 1.2495 1.2769 1.3001 1.3204 1.3377 1.3499 1.3611 1.3693 1.3772 1.393 1.3964 1.3711 1.4203 1.427 1.4306 1.4408 1.4517 1.462 1.4687 1.4733 1.476
NaN NaN NaN NaN NaN NaN NaN NaN 0.94299 0.99662 1.037 1.0771 1.1107 1.142 1.1741 1.1947 1.2415 1.2682 1.2928 1.314 1.3319 1.3505 1.3645 1.3788 1.3962 1.4203 1.4356 1.4048 1.4196 1.4234 1.4275 1.4386 1.447 1.4579 1.4659 1.4617 1.4715
NaN NaN NaN NaN NaN NaN NaN NaN NaN 1.0309 1.0612 1.0901 1.1145 1.1413 1.1722 1.1988 1.2381 1.2598 1.2835 1.3042 1.3239 1.3437 1.3598 1.3742 1.3905 1.409 1.4156 1.3898 1.4137 1.419 1.4233 1.4347 1.4435 1.4537 1.4628 1.4559 1.4662
NaN NaN NaN NaN NaN NaN NaN NaN NaN 1.0523 1.0825 1.0928 1.1087 1.1371 1.1714 1.203 1.2398 1.2608 1.2801 1.3003 1.3226 1.3429 1.3581 1.3727 1.387 1.4016 1.4057 1.3863 1.4101 1.4162 1.4225 1.433 1.4416 1.4519 1.4594 1.4573 1.4621
NaN NaN NaN NaN NaN NaN NaN NaN NaN NaN 1.0795 1.0835 1.1002 1.1389 1.1753 1.2082 1.2414 1.2603 1.279 1.2998 1.3198 1.3388 1.3539 1.3665 1.3812 1.3936 1.3969 1.3839 1.4064 1.4129 1.4212 1.4306 1.4394 1.4481 1.4533 1.4514 1.4561
NaN NaN NaN NaN NaN NaN NaN NaN NaN NaN NaN 1.0882 1.1051 1.1453 1.1818 1.2128 1.24 1.2564 1.2766 1.2976 1.3175 1.3351 1.3505 1.363 1.3761 1.3879 1.3911 1.3833 1.4031 1.4099 1.4184 1.4271 1.4348 1.4434 1.446 1.4447 1.449
NaN NaN NaN NaN NaN NaN NaN NaN NaN NaN NaN 1.0919 1.112 1.1438 1.1753 1.2036 1.2291 1.2455 1.2659 1.2916 1.3133 1.3297 1.345 1.3573 1.3697 1.3808 1.3852 1.3801 1.3983 1.4053 1.4151 1.4227 1.4292 1.436 1.4384 1.4385 1.4413
NaN NaN NaN NaN NaN NaN NaN NaN NaN NaN NaN NaN 1.0957 1.1382 1.1517 1.1857 1.2165 1.2372 1.2599 1.2849 1.3067 1.323 1.3384 1.3503 1.3637 1.3747 1.3795 1.3782 1.3933 1.4008 1.4105 1.4182 1.4247 1.4296 1.4313 1.4309 1.4317
NaN NaN NaN NaN NaN NaN NaN NaN NaN NaN NaN NaN NaN 1.1589 1.1678 1.1842 1.2191 1.2364 1.257 1.2813 1.3015 1.3178 1.333 1.3448 1.3566 1.3684 1.3726 1.3741 1.3883 1.3946 1.4058 1.4125 1.4184 1.4221 1.4232 1.4229 1.4215
NaN NaN NaN NaN NaN NaN NaN NaN NaN NaN NaN NaN NaN NaN 1.1754 1.2012 1.212 1.2199 1.2429 1.2703 1.2844 1.3071 1.3226 1.3362 1.3505 1.3608 1.3669 1.3708 1.3821 1.3896 1.4008 1.4074 1.4123 1.4149 1.4156 1.4143 1.4136
NaN NaN NaN NaN NaN NaN NaN NaN NaN NaN NaN NaN NaN NaN NaN 1.2045 1.211 1.2043 1.2281 1.2592 1.2754 1.2979 1.3131 1.3265 1.3402 1.3523 1.3582 1.3667 1.3697 1.38 1.3948 1.4024 1.4067 1.4082 1.409 1.4076 1.4048
NaN NaN NaN NaN NaN NaN NaN NaN NaN NaN NaN NaN NaN NaN NaN NaN NaN 1.2154 1.2259 1.244 1.2514 1.2812 1.2963 1.3091 1.3254 1.3451 1.3536 1.3651 1.3692 1.378 1.3889 1.3966 1.4003 1.4009 1.402 1.3997 1.3965
NaN NaN NaN NaN NaN NaN NaN NaN NaN NaN NaN NaN NaN NaN NaN NaN NaN NaN 1.2235 1.2501 1.2357 1.2664 1.2854 1.2952 1.3071 1.3342 1.3467 1.3499 1.3608 1.3715 1.383 1.3913 1.3948 1.3944 1.3943 1.3921 1.3885
NaN NaN NaN NaN NaN NaN NaN NaN NaN NaN NaN NaN NaN NaN NaN NaN NaN NaN NaN NaN 1.2275 1.28 1.2807 1.273 1.2767 1.3178 1.3344 1.3315 1.3506 1.3633 1.3793 1.3866 1.3879 1.3871 1.3859 1.3839 1.3815
NaN NaN NaN NaN NaN NaN NaN NaN NaN NaN NaN NaN NaN NaN NaN NaN NaN NaN NaN NaN NaN NaN 1.2894 1.2871 1.2672 1.2996 1.3154 1.3055 1.3356 1.3445 1.3545 1.377 1.3788 1.3767 1.3747 1.3728 1.3712
NaN NaN NaN NaN NaN NaN NaN NaN NaN NaN NaN NaN NaN NaN NaN NaN NaN NaN NaN NaN NaN NaN NaN NaN 1.2657 1.2816 1.2713 1.2602 1.2952 1.3138 1.3126 1.3483 1.3594 1.3515 1.3558 1.3589 1.3505
NaN NaN NaN NaN NaN NaN NaN NaN NaN NaN NaN NaN NaN NaN NaN NaN NaN NaN NaN NaN NaN NaN NaN NaN NaN NaN 1.2601 1.269 1.279 1.2971 1.273 1.2985 1.3157 1.2999 1.3231 1.3273 1.3283
NaN NaN NaN NaN NaN NaN NaN NaN NaN NaN NaN NaN NaN NaN NaN NaN NaN NaN NaN NaN NaN NaN NaN NaN NaN NaN NaN NaN 1.2534 1.3131 1.2709 1.2759 1.2534 1.1938 1.1608 1.0291 0.43932
NaN NaN NaN NaN NaN NaN NaN NaN NaN NaN NaN NaN NaN NaN NaN NaN NaN NaN NaN NaN NaN NaN NaN NaN NaN NaN NaN NaN NaN NaN 1.2516 1.2096 1.1264 0.95552 0.36714 NaN NaN
NaN NaN NaN NaN NaN NaN NaN NaN NaN NaN NaN NaN NaN NaN NaN NaN NaN NaN NaN NaN NaN NaN NaN NaN NaN NaN NaN NaN NaN NaN NaN NaN 0.8758 0.27624 NaN NaN NaN
NaN NaN NaN NaN NaN NaN NaN NaN NaN NaN NaN NaN NaN NaN NaN NaN NaN NaN NaN NaN NaN NaN NaN NaN NaN NaN NaN NaN NaN NaN NaN NaN NaN NaN NaN NaN NaN
NaN NaN NaN NaN NaN NaN NaN NaN NaN NaN NaN NaN NaN NaN NaN NaN NaN NaN NaN NaN NaN NaN NaN NaN NaN NaN NaN NaN NaN NaN NaN NaN NaN NaN NaN NaN NaN
NaN NaN NaN NaN NaN NaN NaN NaN NaN NaN NaN NaN NaN NaN NaN NaN NaN NaN NaN NaN NaN NaN NaN NaN NaN NaN NaN NaN NaN NaN NaN NaN NaN NaN NaN NaN NaN
