NaN NaN NaN NaN NaN NaN NaN NaN NaN NaN 1.8611 2.0871 2.1528 2.3399 2.4185 2.5301 2.6155 2.6163 2.6559 2.7137 2.7743 2.8026 2.834 2.8669 2.8771 2.9065 2.9198 2.9487 2.9707 2.9908 3.014 3.0339 3.0646 3.0951 3.1246 3.1416 3.1556
NaN NaN NaN NaN NaN NaN NaN NaN NaN NaN NaN NaN NaN NaN 2.1649 2.2813 2.5203 2.5434 2.6039 2.6705 2.7358 2.7752 2.8162 2.853 2.8682 2.8983 2.9133 2.9408 2.9631 2.9815 3.0047 3.0198 3.0502 3.0842 3.1101 3.1271 3.1408
NaN NaN NaN NaN NaN NaN NaN NaN 0.43176 0.39022 0.35942 0.32175 0.27579 0.23096 2.1487 2.17 2.4536 2.4917 2.5614 2.6325 2.7007 2.7488 2.7966 2.8334 2.8595 2.8883 2.9055 2.9331 2.9563 2.9731 2.9926 3.0051 3.0373 3.0722 3.0951 3.1125 3.1249
NaN NaN NaN NaN NaN NaN NaN NaN 0.88274 0.95008 1.0312 1.1477 1.318 1.6067 2.1423 2.1177 2.3929 2.4509 2.5258 2.5959 2.668 2.719 2.7728 2.813 2.845 2.876 2.8974 2.9244 2.9477 2.9657 2.9823 2.996 3.0297 3.0595 3.0793 3.0962 3.1094
NaN NaN NaN NaN NaN NaN NaN NaN 1.2126 1.2732 1.3453 1.4477 1.6021 1.8168 2.0798 2.0618 2.3409 2.4129 2.49 2.5621 2.6335 2.6899 2.7468 2.7913 2.8275 2.8611 2.8848 2.9117 2.9357 2.9528 2.9656 2.9808 3.0097 3.044 3.064 3.0801 3.0948
NaN NaN NaN NaN NaN NaN NaN NaN 1.293 1.3491 1.4317 1.5461 1.6981 1.8664 2.0268 2.0417 2.2942 2.3745 2.4545 2.5285 2.5999 2.6593 2.7183 2.7657 2.8068 2.8417 2.8691 2.8957 2.9182 2.9376 2.9495 2.9662 2.995 3.029 3.0481 3.0653 3.0781
NaN NaN NaN NaN NaN NaN NaN NaN 1.3765 1.4322 1.5205 1.6381 1.7651 1.8867 1.9946 2.0406 2.2594 2.3362 2.4163 2.4932 2.5644 2.6267 2.6885 2.7395 2.7856 2.8216 2.8509 2.8808 2.9052 2.9262 2.9417 2.963 2.9854 3.0176 3.0339 3.0495 3.0611
NaN NaN NaN NaN NaN NaN NaN NaN 1.4219 1.4928 1.5855 1.692 1.7922 1.8866 1.979 2.0523 2.2365 2.3139 2.3882 2.4594 2.5289 2.59 2.651 2.7018 2.7464 2.8005 2.8232 2.7701 2.889 2.9049 2.9194 2.9461 2.9734 3.0001 3.0171 3.0313 3.042
NaN NaN NaN NaN NaN NaN NaN NaN 1.4578 1.5499 1.6365 1.7259 1.8062 1.886 1.9745 2.0629 2.2173 2.2916 2.3651 2.4338 2.4989 2.5678 2.629 2.6868 2.7461 2.817 2.8701 2.819 2.8867 2.8953 2.9087 2.9376 2.9594 2.9875 3.0078 3.0036 3.0306
NaN NaN NaN NaN NaN NaN NaN NaN NaN 1.6239 1.6944 1.7631 1.8245 1.894 1.9798 2.0777 2.2094 2.2735 2.3442 2.4091 2.475 2.5453 2.6097 2.67 2.7317 2.7977 2.8349 2.7869 2.8687 2.8823 2.8954 2.9246 2.9462 2.9725 2.9955 2.9854 3.0166
NaN NaN NaN NaN NaN NaN NaN NaN NaN 1.6777 1.7438 1.7807 1.8244 1.8958 1.9858 2.0893 2.2078 2.2697 2.3298 2.3905 2.4609 2.5319 2.5945 2.6565 2.7163 2.7759 2.8054 2.7677 2.8496 2.8674 2.8851 2.9129 2.934 2.9606 2.9816 2.9815 3.0025
NaN NaN NaN NaN NaN NaN NaN NaN NaN NaN 1.748 1.7749 1.8172 1.9051 1.9981 2.102 2.2086 2.2644 2.3196 2.3823 2.4485 2.5164 2.5783 2.6362 2.6972 2.7513 2.7771 2.7522 2.8299 2.8507 2.8745 2.9011 2.924 2.9483 2.9654 2.9653 2.9853
NaN NaN NaN NaN NaN NaN NaN NaN NaN NaN NaN 1.782 1.8285 1.9214 2.0154 2.1147 2.2055 2.254 2.3103 2.3723 2.4376 2.5019 2.5638 2.6209 2.6786 2.7302 2.7545 2.7419 2.812 2.8354 2.8624 2.8891 2.9112 2.9357 2.9473 2.9487 2.9676
NaN NaN NaN NaN NaN NaN NaN NaN NaN NaN NaN 1.788 1.849 1.9302 2.0163 2.1078 2.19 2.2352 2.2878 2.357 2.4259 2.4871 2.548 2.6038 2.6595 2.7085 2.7345 2.7293 2.7934 2.8187 2.8508 2.8765 2.8969 2.9179 2.9289 2.9339 2.9496
NaN NaN NaN NaN NaN NaN NaN NaN NaN NaN NaN NaN 1.8225 1.9188 1.9871 2.0831 2.1684 2.2175 2.2724 2.3411 2.4113 2.4712 2.5316 2.5852 2.6416 2.6891 2.7161 2.7204 2.7761 2.8034 2.8373 2.8638 2.8853 2.9033 2.9136 2.9185 2.9299
NaN NaN NaN NaN NaN NaN NaN NaN NaN NaN NaN NaN NaN 1.9112 1.9738 2.0776 2.1688 2.21 2.2623 2.3309 2.3984 2.4586 2.5182 2.5712 2.6235 2.672 2.6974 2.7097 2.7609 2.7866 2.825 2.8504 2.8719 2.888 2.8975 2.9035 2.9103
NaN NaN NaN NaN NaN NaN NaN NaN NaN NaN NaN NaN NaN NaN 1.9388 2.0485 2.1612 2.1832 2.24 2.316 2.3656 2.4383 2.497 2.552 2.6083 2.6528 2.6823 2.7013 2.7442 2.7728 2.8126 2.8386 2.8592 2.873 2.8821 2.8865 2.8945
NaN NaN NaN NaN NaN NaN NaN NaN NaN NaN NaN NaN NaN NaN NaN 1.9899 2.0828 2.1601 2.2181 2.2968 2.3451 2.4206 2.4785 2.5331 2.5873 2.6346 2.6637 2.694 2.7168 2.7521 2.7987 2.8271 2.8471 2.859 2.8686 2.8737 2.8768
NaN NaN NaN NaN NaN NaN NaN NaN NaN NaN NaN NaN NaN NaN NaN NaN NaN 2.0957 2.2098 2.2787 2.3039 2.3939 2.4496 2.4994 2.555 2.6159 2.6493 2.6884 2.7119 2.7469 2.7866 2.8155 2.8343 2.8446 2.8556 2.8588 2.8608
NaN NaN NaN NaN NaN NaN NaN NaN NaN NaN NaN NaN NaN NaN NaN NaN NaN NaN 2.08 2.178 2.2679 2.3674 2.4299 2.4721 2.5165 2.5937 2.6364 2.6598 2.6963 2.7336 2.7745 2.805 2.8238 2.8322 2.8413 2.8445 2.8448
NaN NaN NaN NaN NaN NaN NaN NaN NaN NaN NaN NaN NaN NaN NaN NaN NaN NaN NaN NaN 2.101 2.2348 2.3879 2.4293 2.4527 2.5615 2.6133 2.6222 2.6766 2.7157 2.7664 2.7961 2.8107 2.8185 2.8253 2.8285 2.8303
NaN NaN NaN NaN NaN NaN NaN NaN NaN NaN NaN NaN NaN NaN NaN NaN NaN NaN NaN NaN NaN NaN 2.0667 2.1476 2.3232 2.5225 2.5764 2.5689 2.6505 2.6804 2.7172 2.7783 2.7928 2.7991 2.8041 2.8069 2.8087
NaN NaN NaN NaN NaN NaN NaN NaN NaN NaN NaN NaN NaN NaN NaN NaN NaN NaN NaN NaN NaN NaN NaN NaN 2.0251 2.2862 2.4896 2.4908 2.5785 2.6253 2.6318 2.7227 2.7551 2.7493 2.7684 2.7797 2.7657
NaN NaN NaN NaN NaN NaN NaN NaN NaN NaN NaN NaN NaN NaN NaN NaN NaN NaN NaN NaN NaN NaN NaN NaN NaN NaN 2.1811 2.2754 2.4776 2.5983 2.5433 2.6321 2.6734 2.645 2.7046 2.7128 2.7177
NaN NaN NaN NaN NaN NaN NaN NaN NaN NaN NaN NaN NaN NaN NaN NaN NaN NaN NaN NaN NaN NaN NaN NaN NaN NaN NaN NaN 2.0191 2.1372 2.2661 2.3708 2.5416 2.4826 2.4694 2.2817 1.3991
NaN NaN NaN NaN NaN NaN NaN NaN NaN NaN NaN NaN NaN NaN NaN NaN NaN NaN NaN NaN NaN NaN NaN NaN NaN NaN NaN NaN NaN NaN 1.7462 2.1181 2.2952 2.1156 1.1732 NaN NaN
NaN NaN NaN NaN NaN NaN NaN NaN NaN NaN NaN NaN NaN NaN NaN NaN NaN NaN NaN NaN NaN NaN NaN NaN NaN NaN NaN NaN NaN NaN NaN NaN 1.7918 0.86912 NaN NaN NaN
NaN NaN NaN NaN NaN NaN NaN NaN NaN NaN NaN NaN NaN NaN NaN NaN NaN NaN NaN NaN NaN NaN NaN NaN NaN NaN NaN NaN NaN NaN NaN NaN NaN NaN NaN NaN NaN
NaN NaN NaN NaN NaN NaN NaN NaN NaN NaN NaN NaN NaN NaN NaN NaN NaN NaN NaN NaN NaN NaN NaN NaN NaN NaN NaN NaN NaN NaN NaN NaN NaN NaN NaN NaN NaN
NaN NaN NaN NaN NaN NaN NaN NaN NaN NaN NaN NaN NaN NaN NaN NaN NaN NaN NaN NaN NaN NaN NaN NaN NaN NaN NaN NaN NaN NaN NaN NaN NaN NaN NaN NaN NaN
