NaN NaN NaN NaN NaN NaN NaN NaN NaN NaN 1.4533 1.5399 1.5065 1.5504 1.5475 1.4858 1.4483 1.4437 1.4567 1.4768 1.4965 1.505 1.5148 1.5264 1.529 1.5389 1.5428 1.5528 1.5592 1.5635 1.5695 1.5752 1.5869 1.6003 1.6128 1.6192 1.6238
NaN NaN NaN NaN NaN NaN NaN NaN NaN NaN NaN NaN NaN NaN 1.5465 1.469 1.4269 1.4303 1.4492 1.4686 1.4872 1.4983 1.5102 1.5209 1.524 1.5332 1.5377 1.5466 1.5529 1.5565 1.5628 1.5669 1.579 1.5946 1.6053 1.6116 1.6159
NaN NaN NaN NaN NaN NaN NaN NaN 0.41921 0.38604 0.36503 0.33755 0.30238 0.27057 1.5574 1.4402 1.4173 1.4254 1.4456 1.464 1.481 1.4928 1.5046 1.5126 1.5189 1.5264 1.531 1.5394 1.546 1.5491 1.5539 1.5573 1.5707 1.5868 1.5962 1.6025 1.606
NaN NaN NaN NaN NaN NaN NaN NaN 0.75528 0.80101 0.85176 0.92237 1.0218 1.1881 1.4849 1.3617 1.3959 1.417 1.4386 1.4556 1.4733 1.484 1.4962 1.5039 1.5108 1.5185 1.524 1.5315 1.538 1.5422 1.5456 1.5498 1.5641 1.5775 1.5854 1.5914 1.5953
NaN NaN NaN NaN NaN NaN NaN NaN 0.95471 0.98898 1.0265 1.0792 1.1577 1.2628 1.38 1.3027 1.3728 1.4023 1.4257 1.4448 1.4619 1.4738 1.4853 1.4935 1.5005 1.5079 1.5134 1.5204 1.5271 1.531 1.5331 1.5387 1.5514 1.5674 1.5757 1.5812 1.5858
NaN NaN NaN NaN NaN NaN NaN NaN 0.96847 0.99686 1.0399 1.098 1.1733 1.2505 1.314 1.2771 1.3504 1.3835 1.4101 1.4313 1.4488 1.4611 1.4726 1.4811 1.489 1.4962 1.5028 1.5095 1.5155 1.5209 1.5233 1.5297 1.5423 1.5576 1.5656 1.5715 1.5751
NaN NaN NaN NaN NaN NaN NaN NaN 0.99721 1.0242 1.0693 1.1279 1.1876 1.2388 1.2771 1.2666 1.3333 1.3631 1.3914 1.4158 1.4345 1.4484 1.4612 1.471 1.4805 1.4878 1.4948 1.5031 1.5098 1.5157 1.5201 1.5282 1.537 1.5509 1.5576 1.563 1.5662
NaN NaN NaN NaN NaN NaN NaN NaN 1.003 1.0396 1.0863 1.1378 1.1826 1.2212 1.2548 1.2647 1.3216 1.3506 1.3747 1.3957 1.4135 1.4261 1.4376 1.4459 1.454 1.4709 1.4751 1.4456 1.4987 1.5061 1.5098 1.5204 1.5318 1.5426 1.5498 1.5547 1.5575
NaN NaN NaN NaN NaN NaN NaN NaN 1.0021 1.0589 1.1012 1.1432 1.1782 1.211 1.2445 1.2655 1.3136 1.3422 1.3679 1.3894 1.4077 1.4272 1.4419 1.4568 1.475 1.5005 1.517 1.4821 1.4979 1.5025 1.5068 1.5183 1.527 1.5385 1.5473 1.5427 1.5531
NaN NaN NaN NaN NaN NaN NaN NaN NaN 1.0952 1.127 1.1571 1.1827 1.2108 1.2431 1.2701 1.3104 1.334 1.359 1.3801 1.3998 1.4204 1.4372 1.4521 1.469 1.4885 1.4959 1.4668 1.4918 1.4981 1.5026 1.5145 1.5237 1.5345 1.5444 1.5368 1.5478
NaN NaN NaN NaN NaN NaN NaN NaN NaN 1.1177 1.1494 1.1602 1.177 1.2068 1.2427 1.2749 1.3127 1.3354 1.3559 1.3766 1.399 1.4199 1.4357 1.4508 1.4655 1.4809 1.4857 1.4637 1.4884 1.4954 1.5021 1.5131 1.522 1.5329 1.5411 1.5387 1.5438
NaN NaN NaN NaN NaN NaN NaN NaN NaN NaN 1.1464 1.1506 1.1684 1.2091 1.2471 1.2807 1.3148 1.3352 1.355 1.3768 1.3967 1.4159 1.4315 1.4445 1.4596 1.4727 1.4768 1.4618 1.4849 1.4923 1.5011 1.5108 1.52 1.5292 1.5349 1.5328 1.5377
NaN NaN NaN NaN NaN NaN NaN NaN NaN NaN NaN 1.156 1.174 1.2161 1.2543 1.2858 1.3137 1.3316 1.3529 1.3747 1.3948 1.4124 1.4283 1.4411 1.4546 1.467 1.471 1.4616 1.4818 1.4893 1.4983 1.5073 1.5154 1.5245 1.5274 1.5261 1.5305
NaN NaN NaN NaN NaN NaN NaN NaN NaN NaN NaN 1.1601 1.1813 1.2146 1.2474 1.2762 1.3025 1.3203 1.3419 1.3688 1.3909 1.4071 1.4227 1.4353 1.4481 1.4599 1.465 1.4587 1.4771 1.4848 1.4951 1.5029 1.5097 1.5169 1.5196 1.5197 1.5227
NaN NaN NaN NaN NaN NaN NaN NaN NaN NaN NaN NaN 1.1634 1.208 1.2223 1.2575 1.2895 1.3119 1.3359 1.362 1.3844 1.4005 1.4161 1.4283 1.442 1.4536 1.4593 1.457 1.4722 1.4802 1.4905 1.4984 1.5051 1.5103 1.5123 1.5119 1.5127
NaN NaN NaN NaN NaN NaN NaN NaN NaN NaN NaN NaN NaN 1.2302 1.2393 1.2562 1.2928 1.3114 1.3332 1.3584 1.3792 1.3955 1.4107 1.4227 1.4347 1.4473 1.4521 1.4529 1.4672 1.474 1.4857 1.4925 1.4986 1.5026 1.5039 1.5036 1.5022
NaN NaN NaN NaN NaN NaN NaN NaN NaN NaN NaN NaN NaN NaN 1.2474 1.2741 1.2853 1.2941 1.3184 1.3469 1.3613 1.3844 1.4 1.4138 1.4286 1.4395 1.4463 1.4497 1.4609 1.4688 1.4806 1.4873 1.4924 1.4951 1.4961 1.4947 1.494
NaN NaN NaN NaN NaN NaN NaN NaN NaN NaN NaN NaN NaN NaN NaN 1.2777 1.2842 1.2777 1.3027 1.3352 1.3521 1.3749 1.3902 1.4038 1.4179 1.4307 1.4372 1.4456 1.448 1.4589 1.4743 1.4822 1.4866 1.4882 1.4892 1.4878 1.4848
NaN NaN NaN NaN NaN NaN NaN NaN NaN NaN NaN NaN NaN NaN NaN NaN NaN 1.2891 1.3002 1.319 1.3268 1.3575 1.3727 1.3856 1.4024 1.4233 1.4326 1.4442 1.4477 1.4569 1.4683 1.4763 1.48 1.4806 1.4819 1.4796 1.4762
NaN NaN NaN NaN NaN NaN NaN NaN NaN NaN NaN NaN NaN NaN NaN NaN NaN NaN 1.2971 1.3247 1.31 1.3419 1.3612 1.371 1.3831 1.412 1.4255 1.4281 1.439 1.4502 1.4622 1.4708 1.4744 1.4738 1.4739 1.4716 1.4679
NaN NaN NaN NaN NaN NaN NaN NaN NaN NaN NaN NaN NaN NaN NaN NaN NaN NaN NaN NaN 1.3008 1.3554 1.3561 1.3471 1.3512 1.3948 1.4126 1.4085 1.4284 1.4416 1.4584 1.466 1.4672 1.4663 1.4651 1.463 1.4607
NaN NaN NaN NaN NaN NaN NaN NaN NaN NaN NaN NaN NaN NaN NaN NaN NaN NaN NaN NaN NaN NaN 1.3642 1.3615 1.3413 1.3749 1.3921 1.3809 1.4126 1.4219 1.4322 1.456 1.4577 1.4554 1.4533 1.4515 1.45
NaN NaN NaN NaN NaN NaN NaN NaN NaN NaN NaN NaN NaN NaN NaN NaN NaN NaN NaN NaN NaN NaN NaN NaN 1.3393 1.355 1.3444 1.3324 1.3692 1.3892 1.3876 1.4257 1.4375 1.4288 1.4335 1.4371 1.4284
NaN NaN NaN NaN NaN NaN NaN NaN NaN NaN NaN NaN NaN NaN NaN NaN NaN NaN NaN NaN NaN NaN NaN NaN NaN NaN 1.3336 1.3408 1.3512 1.3717 1.3444 1.3722 1.3911 1.3741 1.3993 1.4043 1.4055
NaN NaN NaN NaN NaN NaN NaN NaN NaN NaN NaN NaN NaN NaN NaN NaN NaN NaN NaN NaN NaN NaN NaN NaN NaN NaN NaN NaN 1.3247 1.3856 1.3412 1.3462 1.3234 1.2602 1.2251 1.0849 0.45488
NaN NaN NaN NaN NaN NaN NaN NaN NaN NaN NaN NaN NaN NaN NaN NaN NaN NaN NaN NaN NaN NaN NaN NaN NaN NaN NaN NaN NaN NaN 1.3084 1.2747 1.1865 1.0052 0.37909 NaN NaN
NaN NaN NaN NaN NaN NaN NaN NaN NaN NaN NaN NaN NaN NaN NaN NaN NaN NaN NaN NaN NaN NaN NaN NaN NaN NaN NaN NaN NaN NaN NaN NaN 0.92154 0.2848 NaN NaN NaN
NaN NaN NaN NaN NaN NaN NaN NaN NaN NaN NaN NaN NaN NaN NaN NaN NaN NaN NaN NaN NaN NaN NaN NaN NaN NaN NaN NaN NaN NaN NaN NaN NaN NaN NaN NaN NaN
NaN NaN NaN NaN NaN NaN NaN NaN NaN NaN NaN NaN NaN NaN NaN NaN NaN NaN NaN NaN NaN NaN NaN NaN NaN NaN NaN NaN NaN NaN NaN NaN NaN NaN NaN NaN NaN
NaN NaN NaN NaN NaN NaN NaN NaN NaN NaN NaN NaN NaN NaN NaN NaN NaN NaN NaN NaN NaN NaN NaN NaN NaN NaN NaN NaN NaN NaN NaN NaN NaN NaN NaN NaN NaN
