NaN NaN NaN NaN NaN NaN NaN NaN NaN NaN 1.466 1.5614 1.5311 1.5797 1.5773 1.5133 1.4731 1.4672 1.48 1.501 1.5218 1.5307 1.5413 1.5535 1.5565 1.5674 1.5718 1.5825 1.5896 1.5946 1.6014 1.6077 1.6201 1.634 1.647 1.6538 1.6587
NaN NaN NaN NaN NaN NaN NaN NaN NaN NaN NaN NaN NaN NaN 1.5673 1.4927 1.4501 1.4523 1.4715 1.4921 1.5119 1.5236 1.5365 1.548 1.5516 1.5618 1.5668 1.5764 1.5834 1.5877 1.5947 1.5993 1.612 1.6281 1.6393 1.6459 1.6505
NaN NaN NaN NaN NaN NaN NaN NaN 0.41084 0.37797 0.35699 0.32969 0.29488 0.26339 1.5776 1.4597 1.4384 1.4459 1.4669 1.4868 1.5051 1.5178 1.5308 1.5397 1.5467 1.5551 1.5603 1.5694 1.5767 1.5805 1.5858 1.5897 1.6037 1.6203 1.6301 1.6368 1.6405
NaN NaN NaN NaN NaN NaN NaN NaN 0.74803 0.79425 0.84589 0.91808 1.0206 1.1931 1.5044 1.3781 1.4158 1.4367 1.4595 1.478 1.4971 1.5089 1.5224 1.5312 1.5389 1.5475 1.5536 1.5619 1.569 1.5737 1.5777 1.5823 1.5973 1.6111 1.6194 1.6257 1.6299
NaN NaN NaN NaN NaN NaN NaN NaN 0.95097 0.98616 1.025 1.0798 1.1618 1.2725 1.3979 1.3173 1.3921 1.4216 1.4464 1.4669 1.4855 1.4986 1.5116 1.521 1.5289 1.5374 1.5435 1.5512 1.5585 1.5628 1.5654 1.5714 1.5845 1.601 1.6097 1.6155 1.6204
NaN NaN NaN NaN NaN NaN NaN NaN 0.96754 0.99696 1.0414 1.1018 1.1804 1.262 1.3299 1.2908 1.369 1.4026 1.4305 1.4532 1.4723 1.486 1.499 1.5087 1.5177 1.5259 1.5332 1.5405 1.547 1.5528 1.5556 1.5624 1.5755 1.5913 1.5996 1.6059 1.6097
NaN NaN NaN NaN NaN NaN NaN NaN 0.99797 1.026 1.0726 1.1336 1.196 1.2503 1.2912 1.2801 1.3513 1.3819 1.4115 1.4375 1.4578 1.4731 1.4874 1.4985 1.5091 1.5175 1.5252 1.5341 1.5413 1.5476 1.5524 1.561 1.5702 1.5846 1.5915 1.5971 1.6006
NaN NaN NaN NaN NaN NaN NaN NaN 1.0052 1.0429 1.0912 1.1448 1.1918 1.2325 1.2679 1.2782 1.3392 1.3692 1.3949 1.4176 1.4371 1.4511 1.4642 1.4738 1.483 1.5007 1.5049 1.477 1.5307 1.5379 1.5419 1.553 1.5648 1.576 1.5834 1.5885 1.5916
NaN NaN NaN NaN NaN NaN NaN NaN 1.0058 1.0632 1.1071 1.1508 1.1874 1.2217 1.2568 1.279 1.3307 1.3598 1.387 1.4104 1.4304 1.4512 1.4671 1.4832 1.5026 1.5292 1.5463 1.5129 1.53 1.5342 1.5386 1.5507 1.5598 1.5717 1.5805 1.5761 1.5868
NaN NaN NaN NaN NaN NaN NaN NaN NaN 1.1002 1.1334 1.1648 1.1915 1.2209 1.2546 1.2836 1.327 1.3509 1.377 1.3998 1.4218 1.4439 1.4621 1.4784 1.4967 1.5174 1.5253 1.497 1.5237 1.5295 1.5342 1.5466 1.5561 1.5673 1.5772 1.5698 1.5812
NaN NaN NaN NaN NaN NaN NaN NaN NaN 1.1237 1.1564 1.168 1.1854 1.2165 1.2537 1.2881 1.3287 1.3519 1.3732 1.395 1.42 1.4428 1.4601 1.4767 1.4929 1.5095 1.5144 1.4931 1.5197 1.5264 1.5332 1.5447 1.554 1.5652 1.5735 1.5713 1.5767
NaN NaN NaN NaN NaN NaN NaN NaN NaN NaN 1.1535 1.1581 1.1764 1.2183 1.2578 1.2938 1.3305 1.3512 1.3718 1.3947 1.417 1.4383 1.4555 1.4699 1.4865 1.5008 1.5049 1.4905 1.5156 1.5228 1.5318 1.5421 1.5516 1.5612 1.567 1.5649 1.5703
NaN NaN NaN NaN NaN NaN NaN NaN NaN NaN NaN 1.1629 1.1815 1.2251 1.2649 1.2988 1.329 1.347 1.3691 1.3922 1.4143 1.4342 1.4517 1.4661 1.481 1.4945 1.4984 1.4897 1.5119 1.5194 1.5288 1.5383 1.5469 1.5563 1.5592 1.5579 1.5627
NaN NaN NaN NaN NaN NaN NaN NaN NaN NaN NaN 1.167 1.1889 1.2238 1.2582 1.2892 1.3175 1.3354 1.3577 1.3857 1.4098 1.4283 1.4457 1.4598 1.4741 1.4868 1.4919 1.4864 1.5067 1.5145 1.5253 1.5337 1.5409 1.5484 1.5511 1.5513 1.5546
NaN NaN NaN NaN NaN NaN NaN NaN NaN NaN NaN NaN 1.1724 1.2184 1.2332 1.2703 1.304 1.3265 1.3512 1.3784 1.4027 1.4211 1.4387 1.4523 1.4675 1.48 1.4858 1.4843 1.5013 1.5096 1.5204 1.529 1.5362 1.5417 1.5436 1.5433 1.5444
NaN NaN NaN NaN NaN NaN NaN NaN NaN NaN NaN NaN NaN 1.2404 1.2502 1.2684 1.3067 1.3255 1.3481 1.3746 1.3971 1.4156 1.4328 1.4464 1.4598 1.4733 1.4782 1.48 1.4959 1.503 1.5155 1.523 1.5296 1.5338 1.5351 1.5349 1.5337
NaN NaN NaN NaN NaN NaN NaN NaN NaN NaN NaN NaN NaN NaN 1.2585 1.2868 1.2992 1.308 1.3331 1.3632 1.379 1.4041 1.4217 1.4371 1.4533 1.4651 1.4721 1.4766 1.4892 1.4976 1.5102 1.5177 1.5232 1.5262 1.5271 1.5258 1.5253
NaN NaN NaN NaN NaN NaN NaN NaN NaN NaN NaN NaN NaN NaN NaN 1.2906 1.2982 1.2914 1.3175 1.3514 1.3692 1.3943 1.4115 1.4268 1.4424 1.456 1.4628 1.4723 1.476 1.4875 1.5038 1.5124 1.5173 1.5192 1.5201 1.5189 1.516
NaN NaN NaN NaN NaN NaN NaN NaN NaN NaN NaN NaN NaN NaN NaN NaN NaN 1.3034 1.3154 1.3355 1.3438 1.3766 1.3937 1.4082 1.4264 1.4482 1.4579 1.4707 1.4754 1.4854 1.4977 1.5064 1.5106 1.5115 1.5129 1.5106 1.5073
NaN NaN NaN NaN NaN NaN NaN NaN NaN NaN NaN NaN NaN NaN NaN NaN NaN NaN 1.3133 1.3427 1.3271 1.3608 1.382 1.3933 1.4066 1.4366 1.4506 1.4545 1.4666 1.4786 1.4915 1.5008 1.5049 1.5046 1.5048 1.5025 1.4988
NaN NaN NaN NaN NaN NaN NaN NaN NaN NaN NaN NaN NaN NaN NaN NaN NaN NaN NaN NaN 1.3186 1.3761 1.3774 1.3695 1.3738 1.419 1.4375 1.4347 1.4558 1.4698 1.4876 1.4959 1.4977 1.497 1.4959 1.4938 1.4914
NaN NaN NaN NaN NaN NaN NaN NaN NaN NaN NaN NaN NaN NaN NaN NaN NaN NaN NaN NaN NaN NaN 1.3858 1.3845 1.3636 1.3995 1.4173 1.4067 1.4398 1.4498 1.461 1.4858 1.488 1.486 1.484 1.482 1.4804
NaN NaN NaN NaN NaN NaN NaN NaN NaN NaN NaN NaN NaN NaN NaN NaN NaN NaN NaN NaN NaN NaN NaN NaN 1.3606 1.3804 1.3705 1.3585 1.3967 1.4171 1.4159 1.4551 1.4674 1.459 1.4638 1.4672 1.4581
NaN NaN NaN NaN NaN NaN NaN NaN NaN NaN NaN NaN NaN NaN NaN NaN NaN NaN NaN NaN NaN NaN NaN NaN NaN NaN 1.3569 1.3679 1.3794 1.3999 1.3736 1.4018 1.4206 1.4034 1.4287 1.4332 1.4343
NaN NaN NaN NaN NaN NaN NaN NaN NaN NaN NaN NaN NaN NaN NaN NaN NaN NaN NaN NaN NaN NaN NaN NaN NaN NaN NaN NaN 1.3489 1.415 1.372 1.378 1.3547 1.2909 1.2568 1.1172 0.49155
NaN NaN NaN NaN NaN NaN NaN NaN NaN NaN NaN NaN NaN NaN NaN NaN NaN NaN NaN NaN NaN NaN NaN NaN NaN NaN NaN NaN NaN NaN 1.3289 1.3076 1.2199 1.0377 0.41091 NaN NaN
NaN NaN NaN NaN NaN NaN NaN NaN NaN NaN NaN NaN NaN NaN NaN NaN NaN NaN NaN NaN NaN NaN NaN NaN NaN NaN NaN NaN NaN NaN NaN NaN 0.94953 0.3089 NaN NaN NaN
NaN NaN NaN NaN NaN NaN NaN NaN NaN NaN NaN NaN NaN NaN NaN NaN NaN NaN NaN NaN NaN NaN NaN NaN NaN NaN NaN NaN NaN NaN NaN NaN NaN NaN NaN NaN NaN
NaN NaN NaN NaN NaN NaN NaN NaN NaN NaN NaN NaN NaN NaN NaN NaN NaN NaN NaN NaN NaN NaN NaN NaN NaN NaN NaN NaN NaN NaN NaN NaN NaN NaN NaN NaN NaN
NaN NaN NaN NaN NaN NaN NaN NaN NaN NaN NaN NaN NaN NaN NaN NaN NaN NaN NaN NaN NaN NaN NaN NaN NaN NaN NaN NaN NaN NaN NaN NaN NaN NaN NaN NaN NaN
