NaN NaN NaN NaN NaN NaN NaN NaN NaN NaN 1.4717 1.5868 1.5609 1.6189 1.6179 1.55 1.507 1.4992 1.5123 1.5351 1.5588 1.5691 1.5813 1.5954 1.5992 1.6118 1.617 1.6294 1.6378 1.6443 1.6525 1.6597 1.6733 1.6881 1.7022 1.7097 1.7153
NaN NaN NaN NaN NaN NaN NaN NaN NaN NaN NaN NaN NaN NaN 1.5868 1.52 1.4794 1.4809 1.5016 1.5249 1.5478 1.5614 1.5765 1.5902 1.5949 1.6069 1.6129 1.6241 1.6326 1.6383 1.6466 1.6518 1.6657 1.6828 1.695 1.7024 1.7077
NaN NaN NaN NaN NaN NaN NaN NaN 0.38802 0.35622 0.3355 0.30883 0.2751 0.24425 1.5967 1.4787 1.4635 1.4714 1.4949 1.518 1.54 1.5552 1.5709 1.5823 1.5909 1.6012 1.6075 1.6182 1.627 1.6321 1.6386 1.643 1.6581 1.6758 1.6866 1.6941 1.6986
NaN NaN NaN NaN NaN NaN NaN NaN 0.72119 0.768 0.82136 0.89655 1.0045 1.1875 1.5238 1.3929 1.439 1.4606 1.4864 1.5084 1.5314 1.5461 1.5628 1.5743 1.584 1.5946 1.602 1.612 1.6205 1.6265 1.6316 1.6367 1.6528 1.6677 1.6769 1.684 1.689
NaN NaN NaN NaN NaN NaN NaN NaN 0.92928 0.96618 1.0078 1.0667 1.1552 1.2761 1.4166 1.3302 1.4144 1.4451 1.473 1.497 1.5195 1.536 1.5526 1.5649 1.5752 1.5858 1.5934 1.6028 1.6115 1.617 1.6204 1.6268 1.6409 1.6585 1.668 1.6747 1.6804
NaN NaN NaN NaN NaN NaN NaN NaN 0.95289 0.98434 1.0316 1.0962 1.1808 1.2702 1.3467 1.303 1.3907 1.426 1.457 1.4832 1.5063 1.5236 1.5404 1.5533 1.565 1.5754 1.5843 1.5932 1.601 1.6079 1.6114 1.6187 1.6326 1.6497 1.6587 1.6659 1.6706
NaN NaN NaN NaN NaN NaN NaN NaN 0.98753 1.0176 1.0672 1.1323 1.1998 1.26 1.3061 1.2926 1.3725 1.4053 1.438 1.4673 1.4914 1.5104 1.5287 1.5431 1.5566 1.5672 1.5766 1.5872 1.5957 1.6032 1.6086 1.6179 1.6279 1.6436 1.6512 1.6576 1.6618
NaN NaN NaN NaN NaN NaN NaN NaN 0.9984 1.0382 1.0896 1.147 1.198 1.243 1.2819 1.2917 1.3604 1.3929 1.4219 1.4481 1.4715 1.4894 1.5065 1.5198 1.532 1.5525 1.5585 1.5282 1.586 1.5937 1.5983 1.6102 1.623 1.6352 1.6433 1.6491 1.6528
NaN NaN NaN NaN NaN NaN NaN NaN 1.003 1.0611 1.1079 1.1548 1.1946 1.2321 1.2699 1.2931 1.3513 1.3829 1.413 1.4397 1.463 1.4874 1.5069 1.5262 1.5484 1.5783 1.5985 1.5637 1.5857 1.5901 1.5951 1.6081 1.6179 1.6309 1.6405 1.6362 1.6481
NaN NaN NaN NaN NaN NaN NaN NaN NaN 1.0997 1.1355 1.1697 1.1987 1.2308 1.2672 1.2983 1.3476 1.3737 1.4028 1.4286 1.4538 1.4796 1.5014 1.5212 1.5429 1.5674 1.5781 1.548 1.5792 1.5854 1.5905 1.6038 1.6139 1.626 1.6369 1.6294 1.6423
NaN NaN NaN NaN NaN NaN NaN NaN NaN 1.1255 1.16 1.1734 1.1926 1.2262 1.2661 1.3031 1.3489 1.3742 1.3978 1.4226 1.4511 1.4776 1.4986 1.5189 1.5387 1.559 1.5663 1.5433 1.5743 1.5817 1.589 1.6014 1.6113 1.6235 1.6328 1.6307 1.6375
NaN NaN NaN NaN NaN NaN NaN NaN NaN NaN 1.1578 1.1637 1.1833 1.2279 1.27 1.309 1.3505 1.373 1.3953 1.4212 1.4473 1.4725 1.4934 1.5115 1.5318 1.5495 1.5557 1.54 1.5693 1.5774 1.5872 1.5985 1.6088 1.6194 1.6261 1.6241 1.6307
NaN NaN NaN NaN NaN NaN NaN NaN NaN NaN NaN 1.1677 1.188 1.2346 1.2772 1.3144 1.3489 1.3683 1.3921 1.4181 1.444 1.4677 1.489 1.507 1.5256 1.5424 1.5482 1.5388 1.5648 1.5734 1.584 1.5947 1.604 1.6145 1.6181 1.6169 1.623
NaN NaN NaN NaN NaN NaN NaN NaN NaN NaN NaN 1.1723 1.1959 1.234 1.2713 1.3057 1.3377 1.3568 1.3804 1.411 1.439 1.4614 1.4825 1.5002 1.5181 1.534 1.541 1.5351 1.5589 1.568 1.5804 1.59 1.5981 1.6065 1.6099 1.6104 1.6147
NaN NaN NaN NaN NaN NaN NaN NaN NaN NaN NaN NaN 1.1824 1.2309 1.2471 1.2871 1.324 1.3475 1.3738 1.4036 1.4316 1.4538 1.4751 1.4923 1.511 1.5266 1.5342 1.5329 1.553 1.5628 1.5754 1.5853 1.5934 1.5999 1.6025 1.6026 1.6046
NaN NaN NaN NaN NaN NaN NaN NaN NaN NaN NaN NaN NaN 1.2525 1.2635 1.2845 1.3262 1.346 1.3705 1.3996 1.4255 1.4479 1.4689 1.4861 1.503 1.5195 1.5263 1.5286 1.5473 1.556 1.5705 1.5794 1.5871 1.5922 1.5943 1.5946 1.5942
NaN NaN NaN NaN NaN NaN NaN NaN NaN NaN NaN NaN NaN NaN 1.2725 1.3035 1.319 1.3287 1.3559 1.3888 1.4074 1.4363 1.4576 1.4765 1.4962 1.5109 1.5199 1.5253 1.5404 1.5504 1.5653 1.5742 1.581 1.5848 1.5865 1.5857 1.586
NaN NaN NaN NaN NaN NaN NaN NaN NaN NaN NaN NaN NaN NaN NaN 1.3082 1.3182 1.3125 1.3406 1.3776 1.3976 1.4264 1.4473 1.4661 1.4851 1.5016 1.5105 1.5215 1.5269 1.5402 1.5589 1.5691 1.5753 1.578 1.5797 1.579 1.5768
NaN NaN NaN NaN NaN NaN NaN NaN NaN NaN NaN NaN NaN NaN NaN NaN NaN 1.3251 1.3393 1.3626 1.3723 1.4091 1.4296 1.4471 1.4684 1.4934 1.5051 1.5199 1.5263 1.5383 1.553 1.5634 1.5689 1.5705 1.5728 1.571 1.5683
NaN NaN NaN NaN NaN NaN NaN NaN NaN NaN NaN NaN NaN NaN NaN NaN NaN NaN 1.339 1.3719 1.3559 1.393 1.4179 1.4319 1.4478 1.4816 1.498 1.5037 1.5177 1.5316 1.547 1.5581 1.5635 1.564 1.565 1.5632 1.5599
NaN NaN NaN NaN NaN NaN NaN NaN NaN NaN NaN NaN NaN NaN NaN NaN NaN NaN NaN NaN 1.3479 1.4108 1.414 1.4076 1.4137 1.4638 1.4851 1.4834 1.5068 1.5228 1.5433 1.5535 1.5565 1.5566 1.5562 1.5547 1.5526
NaN NaN NaN NaN NaN NaN NaN NaN NaN NaN NaN NaN NaN NaN NaN NaN NaN NaN NaN NaN NaN NaN 1.4215 1.4238 1.4028 1.4438 1.4645 1.4545 1.4911 1.5027 1.5161 1.5436 1.5469 1.5458 1.5444 1.5429 1.5414
NaN NaN NaN NaN NaN NaN NaN NaN NaN NaN NaN NaN NaN NaN NaN NaN NaN NaN NaN NaN NaN NaN NaN NaN 1.3967 1.4249 1.4188 1.4066 1.4478 1.4699 1.4694 1.5123 1.5261 1.5182 1.524 1.5279 1.5186
NaN NaN NaN NaN NaN NaN NaN NaN NaN NaN NaN NaN NaN NaN NaN NaN NaN NaN NaN NaN NaN NaN NaN NaN NaN NaN 1.3984 1.4155 1.4302 1.4549 1.4267 1.4583 1.4787 1.4607 1.4883 1.4927 1.494
NaN NaN NaN NaN NaN NaN NaN NaN NaN NaN NaN NaN NaN NaN NaN NaN NaN NaN NaN NaN NaN NaN NaN NaN NaN NaN NaN NaN 1.3906 1.4684 1.4275 1.4361 1.4149 1.3507 1.321 1.1846 0.57168
NaN NaN NaN NaN NaN NaN NaN NaN NaN NaN NaN NaN NaN NaN NaN NaN NaN NaN NaN NaN NaN NaN NaN NaN NaN NaN NaN NaN NaN NaN 1.3635 1.3663 1.2824 1.1013 0.47883 NaN NaN
NaN NaN NaN NaN NaN NaN NaN NaN NaN NaN NaN NaN NaN NaN NaN NaN NaN NaN NaN NaN NaN NaN NaN NaN NaN NaN NaN NaN NaN NaN NaN NaN 1.0011 0.35929 NaN NaN NaN
NaN NaN NaN NaN NaN NaN NaN NaN NaN NaN NaN NaN NaN NaN NaN NaN NaN NaN NaN NaN NaN NaN NaN NaN NaN NaN NaN NaN NaN NaN NaN NaN NaN NaN NaN NaN NaN
NaN NaN NaN NaN NaN NaN NaN NaN NaN NaN NaN NaN NaN NaN NaN NaN NaN NaN NaN NaN NaN NaN NaN NaN NaN NaN NaN NaN NaN NaN NaN NaN NaN NaN NaN NaN NaN
NaN NaN NaN NaN NaN NaN NaN NaN NaN NaN NaN NaN NaN NaN NaN NaN NaN NaN NaN NaN NaN NaN NaN NaN NaN NaN NaN NaN NaN NaN NaN NaN NaN NaN NaN NaN NaN
