NaN NaN NaN NaN NaN NaN NaN NaN NaN NaN 1.8619 2.1018 2.1746 2.372 2.4612 2.5994 2.7194 2.7161 2.7552 2.8144 2.8767 2.9057 2.9381 2.9722 2.9831 3.0135 3.0275 3.0573 3.0799 3.1004 3.124 3.1443 3.176 3.2077 3.2386 3.2564 3.271
NaN NaN NaN NaN NaN NaN NaN NaN NaN NaN NaN NaN NaN NaN 2.1844 2.3318 2.6221 2.6438 2.7042 2.7718 2.8382 2.8783 2.9203 2.9581 2.9738 3.0048 3.0205 3.0489 3.0718 3.0905 3.1142 3.1295 3.161 3.1965 3.2237 3.2415 3.2558
NaN NaN NaN NaN NaN NaN NaN NaN 0.43994 0.39595 0.36217 0.32103 0.27105 0.22123 2.1724 2.2231 2.5559 2.5928 2.6627 2.7344 2.8034 2.8522 2.9007 2.9381 2.9648 2.9944 3.0122 3.0406 3.0645 3.0816 3.1014 3.1142 3.1475 3.1842 3.2082 3.2265 3.2393
NaN NaN NaN NaN NaN NaN NaN NaN 0.905 0.97231 1.0524 1.1687 1.3411 1.6363 2.1894 2.1964 2.494 2.5521 2.6275 2.6981 2.7711 2.8224 2.8769 2.9175 2.9499 2.9817 3.0037 3.0315 3.0553 3.0737 3.0906 3.1046 3.1397 3.1709 3.1919 3.2095 3.2233
NaN NaN NaN NaN NaN NaN NaN NaN 1.2479 1.3105 1.3841 1.489 1.6485 1.8724 2.1502 2.1491 2.4402 2.5132 2.5913 2.6643 2.7364 2.7933 2.8506 2.8954 2.932 2.9661 2.9904 3.0179 3.0426 3.06 3.0729 3.0886 3.1188 3.155 3.1761 3.193 3.2082
NaN NaN NaN NaN NaN NaN NaN NaN 1.3359 1.3948 1.4801 1.5987 1.7578 1.9352 2.1063 2.1311 2.3915 2.4734 2.555 2.6303 2.7025 2.7624 2.8217 2.8693 2.9107 2.946 2.974 3.0011 3.0242 3.0441 3.0562 3.0734 3.1036 3.1394 3.1596 3.1776 3.1909
NaN NaN NaN NaN NaN NaN NaN NaN 1.4261 1.4847 1.5768 1.6999 1.8334 1.962 2.077 2.1298 2.3548 2.4334 2.5154 2.594 2.6663 2.7291 2.7913 2.8426 2.889 2.9254 2.9552 2.9858 3.0108 3.0323 3.0481 3.0702 3.0937 3.1275 3.1448 3.1612 3.1733
NaN NaN NaN NaN NaN NaN NaN NaN 1.4755 1.5499 1.647 1.7588 1.8645 1.9644 2.0622 2.1413 2.3307 2.41 2.4862 2.559 2.6295 2.6911 2.7525 2.8032 2.848 2.9032 2.9261 2.8712 2.9935 3.0103 3.025 3.0528 3.0814 3.1093 3.1274 3.1424 3.1535
NaN NaN NaN NaN NaN NaN NaN NaN 1.5136 1.6109 1.7019 1.7959 1.8806 1.9649 2.058 2.1517 2.3103 2.3866 2.4622 2.5326 2.5989 2.6689 2.7306 2.789 2.8493 2.9222 2.9765 2.9224 2.9909 3.0002 3.014 3.0441 3.067 3.0964 3.1179 3.1137 3.1416
NaN NaN NaN NaN NaN NaN NaN NaN NaN 1.6876 1.7636 1.8359 1.9007 1.9736 2.0634 2.1663 2.3016 2.3674 2.4401 2.5067 2.5741 2.6457 2.711 2.7719 2.8347 2.902 2.9395 2.8889 2.9724 2.9867 3.0002 3.0306 3.0535 3.0811 3.1053 3.0949 3.127
NaN NaN NaN NaN NaN NaN NaN NaN NaN 1.7391 1.8116 1.8546 1.9004 1.9752 2.0693 2.1778 2.2996 2.3631 2.4249 2.4873 2.5597 2.6321 2.6956 2.7584 2.819 2.8795 2.9089 2.8694 2.9529 2.9714 2.9897 3.0187 3.0409 3.0689 3.091 3.091 3.1124
NaN NaN NaN NaN NaN NaN NaN NaN NaN NaN 1.8128 1.8481 1.8927 1.9846 2.0819 2.1903 2.3 2.3572 2.414 2.4787 2.5468 2.6161 2.6789 2.7374 2.7992 2.8541 2.8797 2.8536 2.9329 2.9543 2.9789 3.0067 3.0307 3.0562 3.0742 3.0741 3.0945
NaN NaN NaN NaN NaN NaN NaN NaN NaN NaN NaN 1.8538 1.9046 2.0015 2.0995 2.2029 2.2961 2.3458 2.4039 2.468 2.5353 2.601 2.6639 2.7216 2.7801 2.8323 2.8565 2.8431 2.9147 2.9387 2.9666 2.9943 3.0174 3.0431 3.0553 3.0568 3.0762
NaN NaN NaN NaN NaN NaN NaN NaN NaN NaN NaN 1.8521 1.925 2.0102 2.0996 2.1945 2.2789 2.3254 2.3799 2.4517 2.5228 2.5854 2.6474 2.7038 2.7602 2.8098 2.8358 2.8302 2.8957 2.9216 2.9547 2.9813 3.0026 3.0246 3.0361 3.0413 3.0574
NaN NaN NaN NaN NaN NaN NaN NaN NaN NaN NaN NaN 1.8787 1.9835 2.0684 2.1677 2.2556 2.3066 2.3635 2.4347 2.5072 2.5686 2.6302 2.6845 2.7416 2.7898 2.8168 2.8211 2.878 2.906 2.9407 2.9682 2.9905 3.0093 3.02 3.0251 3.0368
NaN NaN NaN NaN NaN NaN NaN NaN NaN NaN NaN NaN NaN 1.9594 2.0361 2.1617 2.2559 2.2985 2.3527 2.4237 2.4934 2.5552 2.616 2.6697 2.7228 2.772 2.7975 2.8099 2.8623 2.8886 2.928 2.9543 2.9766 2.9933 3.0031 3.0093 3.0162
NaN NaN NaN NaN NaN NaN NaN NaN NaN NaN NaN NaN NaN NaN 1.9826 2.1078 2.2466 2.27 2.3289 2.4076 2.4587 2.5336 2.5937 2.6496 2.7069 2.7521 2.7818 2.8012 2.8451 2.8744 2.9153 2.9421 2.9634 2.9777 2.987 2.9916 2.9996
NaN NaN NaN NaN NaN NaN NaN NaN NaN NaN NaN NaN NaN NaN NaN 2.0297 2.1397 2.2448 2.3058 2.3872 2.4376 2.5149 2.5741 2.6297 2.6849 2.733 2.7624 2.7935 2.8167 2.8529 2.9009 2.9302 2.9508 2.9631 2.973 2.9781 2.9811
NaN NaN NaN NaN NaN NaN NaN NaN NaN NaN NaN NaN NaN NaN NaN NaN NaN 2.149 2.2887 2.3681 2.3945 2.4867 2.5437 2.5944 2.6512 2.7136 2.7476 2.7879 2.8118 2.8475 2.8884 2.9182 2.9375 2.948 2.9593 2.9625 2.9642
NaN NaN NaN NaN NaN NaN NaN NaN NaN NaN NaN NaN NaN NaN NaN NaN NaN NaN 2.121 2.2303 2.3492 2.4592 2.5232 2.566 2.6111 2.6905 2.7342 2.758 2.7955 2.8338 2.8758 2.9072 2.9266 2.935 2.9443 2.9473 2.9474
NaN NaN NaN NaN NaN NaN NaN NaN NaN NaN NaN NaN NaN NaN NaN NaN NaN NaN NaN NaN 2.1409 2.2827 2.4618 2.5198 2.5448 2.657 2.7103 2.7188 2.7748 2.8152 2.8675 2.8979 2.9129 2.9208 2.9275 2.9306 2.9322
NaN NaN NaN NaN NaN NaN NaN NaN NaN NaN NaN NaN NaN NaN NaN NaN NaN NaN NaN NaN NaN NaN 2.0944 2.1839 2.3836 2.6154 2.6721 2.6633 2.7475 2.7783 2.8161 2.8793 2.8941 2.9003 2.9052 2.9078 2.9095
NaN NaN NaN NaN NaN NaN NaN NaN NaN NaN NaN NaN NaN NaN NaN NaN NaN NaN NaN NaN NaN NaN NaN NaN 2.0499 2.3334 2.5694 2.5785 2.6718 2.721 2.7271 2.8213 2.8548 2.8483 2.8676 2.8792 2.8646
NaN NaN NaN NaN NaN NaN NaN NaN NaN NaN NaN NaN NaN NaN NaN NaN NaN NaN NaN NaN NaN NaN NaN NaN NaN NaN 2.2162 2.3184 2.5444 2.6831 2.6253 2.7261 2.7698 2.7397 2.8009 2.8096 2.8148
NaN NaN NaN NaN NaN NaN NaN NaN NaN NaN NaN NaN NaN NaN NaN NaN NaN NaN NaN NaN NaN NaN NaN NaN NaN NaN NaN NaN 2.0427 2.1655 2.3031 2.4192 2.6185 2.5696 2.556 2.3592 1.4306
NaN NaN NaN NaN NaN NaN NaN NaN NaN NaN NaN NaN NaN NaN NaN NaN NaN NaN NaN NaN NaN NaN NaN NaN NaN NaN NaN NaN NaN NaN 1.7552 2.1474 2.353 2.1868 1.2002 NaN NaN
NaN NaN NaN NaN NaN NaN NaN NaN NaN NaN NaN NaN NaN NaN NaN NaN NaN NaN NaN NaN NaN NaN NaN NaN NaN NaN NaN NaN NaN NaN NaN NaN 1.8335 0.8905 NaN NaN NaN
NaN NaN NaN NaN NaN NaN NaN NaN NaN NaN NaN NaN NaN NaN NaN NaN NaN NaN NaN NaN NaN NaN NaN NaN NaN NaN NaN NaN NaN NaN NaN NaN NaN NaN NaN NaN NaN
NaN NaN NaN NaN NaN NaN NaN NaN NaN NaN NaN NaN NaN NaN NaN NaN NaN NaN NaN NaN NaN NaN NaN NaN NaN NaN NaN NaN NaN NaN NaN NaN NaN NaN NaN NaN NaN
NaN NaN NaN NaN NaN NaN NaN NaN NaN NaN NaN NaN NaN NaN NaN NaN NaN NaN NaN NaN NaN NaN NaN NaN NaN NaN NaN NaN NaN NaN NaN NaN NaN NaN NaN NaN NaN
