NaN NaN NaN NaN NaN NaN NaN NaN NaN NaN 1.0955 1.1721 1.1476 1.1857 1.1834 1.1313 1.0957 1.0902 1.1001 1.117 1.1336 1.1406 1.1492 1.1587 1.1614 1.1705 1.1742 1.1827 1.1884 1.1927 1.1984 1.2037 1.2137 1.2249 1.2353 1.2409 1.2451
NaN NaN NaN NaN NaN NaN NaN NaN NaN NaN NaN NaN NaN NaN 1.1739 1.1147 1.0776 1.0774 1.0925 1.1092 1.1249 1.134 1.1444 1.1534 1.1565 1.1651 1.1692 1.1769 1.1826 1.1863 1.192 1.196 1.2063 1.2191 1.2281 1.2336 1.2376
NaN NaN NaN NaN NaN NaN NaN NaN 0.30429 0.27986 0.26443 0.24415 0.21809 0.19419 1.1808 1.087 1.0664 1.0713 1.088 1.1041 1.1187 1.1286 1.1391 1.1461 1.1518 1.1589 1.1633 1.1706 1.1763 1.1796 1.1841 1.1875 1.1989 1.2121 1.22 1.2255 1.2287
NaN NaN NaN NaN NaN NaN NaN NaN 0.56085 0.59453 0.62985 0.68003 0.75463 0.88386 1.1217 1.0205 1.0474 1.0632 1.0815 1.0966 1.1118 1.121 1.1318 1.1387 1.1449 1.1522 1.1572 1.1639 1.1694 1.1734 1.1768 1.1808 1.193 1.204 1.2107 1.2159 1.2194
NaN NaN NaN NaN NaN NaN NaN NaN 0.70571 0.73052 0.75679 0.79533 0.85566 0.93988 1.0363 0.97136 1.028 1.0508 1.0707 1.0874 1.1022 1.1124 1.1228 1.1301 1.1365 1.1435 1.1485 1.1547 1.1604 1.164 1.1663 1.1714 1.1821 1.1952 1.2021 1.2069 1.211
NaN NaN NaN NaN NaN NaN NaN NaN 0.71141 0.7319 0.76344 0.80755 0.86709 0.92937 0.98089 0.94891 1.0095 1.0354 1.0578 1.0762 1.0914 1.1021 1.1124 1.1199 1.127 1.1338 1.1396 1.1454 1.1505 1.1551 1.1576 1.1634 1.1741 1.1867 1.1933 1.1984 1.2017
NaN NaN NaN NaN NaN NaN NaN NaN 0.72969 0.74892 0.78314 0.82905 0.87658 0.91775 0.94805 0.93891 0.99476 1.0188 1.0425 1.0634 1.0794 1.0913 1.1026 1.1111 1.1195 1.1262 1.1323 1.1394 1.145 1.15 1.154 1.1612 1.169 1.1804 1.1859 1.1905 1.1934
NaN NaN NaN NaN NaN NaN NaN NaN 0.73088 0.75843 0.79468 0.83548 0.87121 0.90171 0.92789 0.93628 0.98444 1.0082 1.0291 1.0476 1.063 1.0739 1.0841 1.0914 1.0985 1.1113 1.1131 1.0989 1.1364 1.1413 1.1448 1.1539 1.1637 1.1726 1.1784 1.1825 1.1851
NaN NaN NaN NaN NaN NaN NaN NaN 0.72922 0.77207 0.80505 0.83826 0.86582 0.89141 0.91751 0.93571 0.97671 0.99992 1.0219 1.0409 1.0567 1.0726 1.0849 1.0971 1.1121 1.132 1.144 1.1238 1.1352 1.1374 1.141 1.1509 1.1585 1.168 1.1747 1.1717 1.1801
NaN NaN NaN NaN NaN NaN NaN NaN NaN 0.79897 0.8234 0.8472 0.86703 0.88847 0.91395 0.9378 0.97258 0.99185 1.013 1.0315 1.0488 1.0657 1.0797 1.0922 1.1065 1.122 1.1265 1.1094 1.1294 1.1326 1.1363 1.1464 1.1543 1.1632 1.1707 1.1657 1.1745
NaN NaN NaN NaN NaN NaN NaN NaN NaN 0.81552 0.84042 0.8476 0.8598 0.88294 0.91163 0.93994 0.97248 0.99109 1.0085 1.0263 1.0461 1.0636 1.0769 1.0897 1.1024 1.1147 1.1168 1.1044 1.125 1.129 1.1343 1.1436 1.1513 1.1604 1.1666 1.1655 1.1697
NaN NaN NaN NaN NaN NaN NaN NaN NaN NaN 0.83674 0.83903 0.85108 0.88254 0.91339 0.94301 0.97253 0.98911 1.0057 1.0243 1.0424 1.0589 1.0721 1.0833 1.0963 1.1067 1.108 1.1005 1.1206 1.125 1.1319 1.1404 1.1483 1.156 1.1603 1.1592 1.1634
NaN NaN NaN NaN NaN NaN NaN NaN NaN NaN NaN 0.84116 0.85369 0.88661 0.91761 0.94561 0.96997 0.98424 1.0018 1.0207 1.0389 1.0545 1.068 1.0791 1.0907 1.1005 1.1018 1.0983 1.1163 1.1212 1.1284 1.1363 1.1434 1.151 1.153 1.1524 1.1563
NaN NaN NaN NaN NaN NaN NaN NaN NaN NaN NaN 0.8436 0.85931 0.88484 0.91144 0.93691 0.95959 0.97378 0.99154 1.0142 1.034 1.0487 1.0621 1.073 1.0841 1.0933 1.0956 1.0941 1.111 1.1162 1.1246 1.1315 1.1376 1.1436 1.1455 1.146 1.1487
NaN NaN NaN NaN NaN NaN NaN NaN NaN NaN NaN NaN 0.8479 0.8834 0.89285 0.92137 0.94804 0.96572 0.98522 1.0072 1.0272 1.0419 1.0554 1.066 1.0778 1.0869 1.0897 1.0911 1.1055 1.1113 1.1197 1.1268 1.1328 1.1373 1.1386 1.1386 1.1397
NaN NaN NaN NaN NaN NaN NaN NaN NaN NaN NaN NaN NaN 0.89884 0.90668 0.91977 0.9491 0.96376 0.98152 1.0029 1.0214 1.0363 1.0497 1.0603 1.0708 1.0805 1.0829 1.0865 1.1001 1.1052 1.1149 1.1211 1.1267 1.1302 1.131 1.1311 1.1303
NaN NaN NaN NaN NaN NaN NaN NaN NaN NaN NaN NaN NaN NaN 0.91244 0.93524 0.94396 0.94966 0.96899 0.9931 1.0061 1.0263 1.0401 1.0521 1.0646 1.0731 1.0773 1.0827 1.0938 1.1001 1.1098 1.116 1.1207 1.1233 1.1238 1.123 1.1228
NaN NaN NaN NaN NaN NaN NaN NaN NaN NaN NaN NaN NaN NaN NaN 0.93752 0.9442 0.93722 0.95696 0.98344 0.99756 1.0177 1.0313 1.0432 1.0552 1.0651 1.0692 1.0779 1.0827 1.0914 1.104 1.111 1.1152 1.1169 1.1175 1.1166 1.1145
NaN NaN NaN NaN NaN NaN NaN NaN NaN NaN NaN NaN NaN NaN NaN NaN NaN 0.94808 0.95668 0.97163 0.97736 1.0034 1.0169 1.0284 1.0423 1.0582 1.0646 1.0758 1.0813 1.089 1.0984 1.1054 1.1091 1.1101 1.111 1.1093 1.1068
NaN NaN NaN NaN NaN NaN NaN NaN NaN NaN NaN NaN NaN NaN NaN NaN NaN NaN 0.95679 0.98004 0.96616 0.99151 1.008 1.0169 1.0269 1.0485 1.0581 1.0632 1.0736 1.0829 1.0929 1.1003 1.1039 1.1039 1.104 1.1022 1.0994
NaN NaN NaN NaN NaN NaN NaN NaN NaN NaN NaN NaN NaN NaN NaN NaN NaN NaN NaN NaN 0.96172 1.0071 1.0077 1.0005 1.0022 1.0345 1.0478 1.0478 1.0645 1.0754 1.089 1.0956 1.0975 1.0972 1.0963 1.0946 1.0927
NaN NaN NaN NaN NaN NaN NaN NaN NaN NaN NaN NaN NaN NaN NaN NaN NaN NaN NaN NaN NaN NaN 1.0168 1.0168 0.99837 1.0222 1.0334 1.0263 1.0515 1.0592 1.0681 1.087 1.089 1.0878 1.0862 1.0846 1.0832
NaN NaN NaN NaN NaN NaN NaN NaN NaN NaN NaN NaN NaN NaN NaN NaN NaN NaN NaN NaN NaN NaN NaN NaN 0.9967 1.0122 1.0003 0.99118 1.0203 1.0351 1.0343 1.0629 1.072 1.0666 1.0697 1.0718 1.0647
NaN NaN NaN NaN NaN NaN NaN NaN NaN NaN NaN NaN NaN NaN NaN NaN NaN NaN NaN NaN NaN NaN NaN NaN NaN NaN 0.99174 1.002 1.01 1.0211 1.0056 1.0242 1.0366 1.0241 1.0414 1.0438 1.0455
NaN NaN NaN NaN NaN NaN NaN NaN NaN NaN NaN NaN NaN NaN NaN NaN NaN NaN NaN NaN NaN NaN NaN NaN NaN NaN NaN NaN 0.98997 1.0418 1.0083 1.0134 0.99322 0.94545 0.92118 0.82027 0.3613
NaN NaN NaN NaN NaN NaN NaN NaN NaN NaN NaN NaN NaN NaN NaN NaN NaN NaN NaN NaN NaN NaN NaN NaN NaN NaN NaN NaN NaN NaN 1.0105 0.96633 0.90079 0.76673 0.30297 NaN NaN
NaN NaN NaN NaN NaN NaN NaN NaN NaN NaN NaN NaN NaN NaN NaN NaN NaN NaN NaN NaN NaN NaN NaN NaN NaN NaN NaN NaN NaN NaN NaN NaN 0.70578 0.22809 NaN NaN NaN
NaN NaN NaN NaN NaN NaN NaN NaN NaN NaN NaN NaN NaN NaN NaN NaN NaN NaN NaN NaN NaN NaN NaN NaN NaN NaN NaN NaN NaN NaN NaN NaN NaN NaN NaN NaN NaN
NaN NaN NaN NaN NaN NaN NaN NaN NaN NaN NaN NaN NaN NaN NaN NaN NaN NaN NaN NaN NaN NaN NaN NaN NaN NaN NaN NaN NaN NaN NaN NaN NaN NaN NaN NaN NaN
NaN NaN NaN NaN NaN NaN NaN NaN NaN NaN NaN NaN NaN NaN NaN NaN NaN NaN NaN NaN NaN NaN NaN NaN NaN NaN NaN NaN NaN NaN NaN NaN NaN NaN NaN NaN NaN
