NaN NaN NaN NaN NaN NaN NaN NaN NaN NaN 1.4243 1.5115 1.4787 1.5228 1.52 1.459 1.422 1.4171 1.4296 1.4494 1.4688 1.4772 1.487 1.4984 1.5011 1.511 1.5149 1.5248 1.5313 1.5357 1.5417 1.5475 1.559 1.5722 1.5844 1.5908 1.5953
NaN NaN NaN NaN NaN NaN NaN NaN NaN NaN NaN NaN NaN NaN 1.5163 1.4416 1.4007 1.4036 1.4221 1.4413 1.4597 1.4707 1.4825 1.4932 1.4964 1.5056 1.5101 1.5189 1.5253 1.529 1.5353 1.5394 1.5514 1.5666 1.5772 1.5834 1.5876
NaN NaN NaN NaN NaN NaN NaN NaN 0.40602 0.37379 0.3533 0.32657 0.29244 0.26162 1.5269 1.4122 1.3907 1.3985 1.4183 1.4366 1.4535 1.4653 1.4771 1.4852 1.4915 1.499 1.5037 1.5121 1.5187 1.522 1.5267 1.5302 1.5434 1.5592 1.5683 1.5746 1.578
NaN NaN NaN NaN NaN NaN NaN NaN 0.73379 0.77867 0.82884 0.89868 0.99705 1.1616 1.4559 1.335 1.3696 1.39 1.4114 1.4284 1.446 1.4567 1.469 1.4768 1.4838 1.4915 1.4971 1.5046 1.5111 1.5153 1.5188 1.523 1.5371 1.5502 1.558 1.5638 1.5677
NaN NaN NaN NaN NaN NaN NaN NaN 0.93026 0.96417 1.0016 1.0539 1.1319 1.2364 1.3534 1.2771 1.347 1.3757 1.3988 1.4178 1.4349 1.4468 1.4585 1.4669 1.4739 1.4815 1.487 1.494 1.5007 1.5046 1.5068 1.5123 1.5248 1.5404 1.5486 1.5539 1.5585
NaN NaN NaN NaN NaN NaN NaN NaN 0.94538 0.97361 1.0163 1.0739 1.1485 1.2253 1.2887 1.252 1.3251 1.3574 1.3836 1.4046 1.4222 1.4346 1.4463 1.4549 1.4629 1.4702 1.4769 1.4836 1.4895 1.4949 1.4973 1.5037 1.516 1.531 1.5388 1.5447 1.5482
NaN NaN NaN NaN NaN NaN NaN NaN 0.97447 1.0014 1.0459 1.1039 1.163 1.2141 1.2523 1.2419 1.3082 1.3374 1.3653 1.3895 1.4082 1.4222 1.4352 1.4451 1.4547 1.4621 1.4692 1.4774 1.4841 1.4899 1.4943 1.5023 1.5109 1.5245 1.5311 1.5363 1.5396
NaN NaN NaN NaN NaN NaN NaN NaN 0.98106 1.0172 1.0633 1.1143 1.1586 1.197 1.2305 1.2401 1.2968 1.3252 1.3492 1.3701 1.3879 1.4007 1.4124 1.4209 1.4291 1.4459 1.4499 1.4214 1.4735 1.4806 1.4843 1.4947 1.5059 1.5165 1.5235 1.5283 1.5311
NaN NaN NaN NaN NaN NaN NaN NaN 0.98094 1.0365 1.0783 1.1198 1.1545 1.187 1.2202 1.2409 1.2889 1.3166 1.3419 1.3637 1.3821 1.4015 1.4162 1.4311 1.4491 1.4743 1.4906 1.4569 1.4728 1.4772 1.4814 1.4927 1.5012 1.5125 1.521 1.5166 1.5267
NaN NaN NaN NaN NaN NaN NaN NaN NaN 1.0722 1.1037 1.1335 1.1589 1.1867 1.2187 1.2456 1.2857 1.3086 1.333 1.3539 1.3741 1.3947 1.4116 1.4266 1.4435 1.4628 1.4702 1.442 1.4669 1.4729 1.4773 1.489 1.498 1.5086 1.5182 1.5108 1.5216
NaN NaN NaN NaN NaN NaN NaN NaN NaN 1.0946 1.1258 1.1368 1.1534 1.1829 1.2182 1.2502 1.2878 1.3099 1.33 1.3504 1.373 1.3941 1.41 1.4252 1.44 1.4554 1.4602 1.4389 1.4635 1.4702 1.4768 1.4875 1.4963 1.507 1.5149 1.5126 1.5176
NaN NaN NaN NaN NaN NaN NaN NaN NaN NaN 1.123 1.1274 1.145 1.185 1.2225 1.2559 1.2899 1.3097 1.3291 1.3506 1.3707 1.3901 1.4059 1.419 1.4342 1.4474 1.4515 1.4368 1.46 1.4671 1.4757 1.4853 1.4943 1.5033 1.5089 1.5068 1.5117
NaN NaN NaN NaN NaN NaN NaN NaN NaN NaN NaN 1.1325 1.1504 1.1919 1.2296 1.2609 1.2887 1.3061 1.3271 1.3487 1.3687 1.3866 1.4027 1.4157 1.4293 1.4418 1.4457 1.4366 1.4568 1.4642 1.473 1.4819 1.4899 1.4988 1.5016 1.5002 1.5047
NaN NaN NaN NaN NaN NaN NaN NaN NaN NaN NaN 1.1365 1.1575 1.1905 1.223 1.2517 1.2778 1.2951 1.3163 1.3427 1.3647 1.3813 1.3972 1.41 1.4229 1.4347 1.4398 1.4337 1.4522 1.4597 1.4699 1.4777 1.4843 1.4914 1.494 1.4941 1.497
NaN NaN NaN NaN NaN NaN NaN NaN NaN NaN NaN NaN 1.1405 1.1843 1.1985 1.2335 1.265 1.2869 1.3104 1.3361 1.3585 1.3748 1.3907 1.403 1.4169 1.4286 1.4341 1.432 1.4473 1.4552 1.4654 1.4733 1.4799 1.485 1.4869 1.4865 1.4873
NaN NaN NaN NaN NaN NaN NaN NaN NaN NaN NaN NaN NaN 1.206 1.215 1.232 1.2682 1.2863 1.3077 1.3326 1.3533 1.3698 1.3853 1.3976 1.4098 1.4224 1.4271 1.4281 1.4424 1.4491 1.4608 1.4676 1.4736 1.4775 1.4788 1.4785 1.4771
NaN NaN NaN NaN NaN NaN NaN NaN NaN NaN NaN NaN NaN NaN 1.223 1.2494 1.2608 1.2695 1.2934 1.3216 1.3359 1.359 1.3749 1.3889 1.4038 1.4147 1.4214 1.425 1.4362 1.4441 1.4558 1.4626 1.4676 1.4703 1.4712 1.4698 1.4692
NaN NaN NaN NaN NaN NaN NaN NaN NaN NaN NaN NaN NaN NaN NaN 1.253 1.2596 1.2534 1.2781 1.3102 1.327 1.3498 1.3653 1.3791 1.3933 1.4061 1.4126 1.421 1.4237 1.4345 1.4498 1.4576 1.462 1.4636 1.4645 1.4632 1.4603
NaN NaN NaN NaN NaN NaN NaN NaN NaN NaN NaN NaN NaN NaN NaN NaN NaN 1.2645 1.2757 1.2945 1.3023 1.3327 1.3482 1.3613 1.3782 1.3989 1.4081 1.4197 1.4234 1.4325 1.4439 1.4519 1.4556 1.4562 1.4575 1.4552 1.4519
NaN NaN NaN NaN NaN NaN NaN NaN NaN NaN NaN NaN NaN NaN NaN NaN NaN NaN 1.2729 1.3003 1.2858 1.3176 1.337 1.347 1.3593 1.3878 1.4011 1.404 1.415 1.426 1.438 1.4466 1.4502 1.4497 1.4498 1.4475 1.4439
NaN NaN NaN NaN NaN NaN NaN NaN NaN NaN NaN NaN NaN NaN NaN NaN NaN NaN NaN NaN 1.2769 1.331 1.3319 1.3237 1.3279 1.371 1.3885 1.3849 1.4046 1.4177 1.4343 1.442 1.4433 1.4424 1.4413 1.4392 1.4368
NaN NaN NaN NaN NaN NaN NaN NaN NaN NaN NaN NaN NaN NaN NaN NaN NaN NaN NaN NaN NaN NaN 1.3401 1.3378 1.3177 1.3516 1.3686 1.358 1.3892 1.3985 1.4088 1.4323 1.434 1.4319 1.4298 1.428 1.4264
NaN NaN NaN NaN NaN NaN NaN NaN NaN NaN NaN NaN NaN NaN NaN NaN NaN NaN NaN NaN NaN NaN NaN NaN 1.3158 1.3319 1.3223 1.3107 1.347 1.3666 1.3652 1.4027 1.4144 1.4059 1.4105 1.414 1.4053
NaN NaN NaN NaN NaN NaN NaN NaN NaN NaN NaN NaN NaN NaN NaN NaN NaN NaN NaN NaN NaN NaN NaN NaN NaN NaN 1.3106 1.3189 1.3295 1.3497 1.3232 1.3505 1.3691 1.3524 1.377 1.3817 1.3828
NaN NaN NaN NaN NaN NaN NaN NaN NaN NaN NaN NaN NaN NaN NaN NaN NaN NaN NaN NaN NaN NaN NaN NaN NaN NaN NaN NaN 1.3025 1.3639 1.3204 1.3255 1.3032 1.2414 1.2073 1.0704 0.45702
NaN NaN NaN NaN NaN NaN NaN NaN NaN NaN NaN NaN NaN NaN NaN NaN NaN NaN NaN NaN NaN NaN NaN NaN NaN NaN NaN NaN NaN NaN 1.2911 1.2557 1.1697 0.99237 0.38131 NaN NaN
NaN NaN NaN NaN NaN NaN NaN NaN NaN NaN NaN NaN NaN NaN NaN NaN NaN NaN NaN NaN NaN NaN NaN NaN NaN NaN NaN NaN NaN NaN NaN NaN 0.90884 0.28657 NaN NaN NaN
NaN NaN NaN NaN NaN NaN NaN NaN NaN NaN NaN NaN NaN NaN NaN NaN NaN NaN NaN NaN NaN NaN NaN NaN NaN NaN NaN NaN NaN NaN NaN NaN NaN NaN NaN NaN NaN
NaN NaN NaN NaN NaN NaN NaN NaN NaN NaN NaN NaN NaN NaN NaN NaN NaN NaN NaN NaN NaN NaN NaN NaN NaN NaN NaN NaN NaN NaN NaN NaN NaN NaN NaN NaN NaN
NaN NaN NaN NaN NaN NaN NaN NaN NaN NaN NaN NaN NaN NaN NaN NaN NaN NaN NaN NaN NaN NaN NaN NaN NaN NaN NaN NaN NaN NaN NaN NaN NaN NaN NaN NaN NaN
