NaN NaN NaN NaN NaN NaN NaN NaN NaN NaN 1.4672 1.5666 1.5364 1.5869 1.5848 1.5198 1.4795 1.4733 1.4863 1.5077 1.5292 1.5385 1.5494 1.5622 1.5654 1.5766 1.5811 1.5922 1.5997 1.605 1.612 1.6185 1.631 1.6452 1.6585 1.6655 1.6706
NaN NaN NaN NaN NaN NaN NaN NaN NaN NaN NaN NaN NaN NaN 1.5712 1.4973 1.4554 1.4579 1.4776 1.4987 1.5193 1.5315 1.5448 1.5569 1.5608 1.5713 1.5765 1.5865 1.5939 1.5984 1.6057 1.6103 1.6233 1.6396 1.6512 1.6581 1.6628
NaN NaN NaN NaN NaN NaN NaN NaN 0.40667 0.37399 0.35302 0.32579 0.29112 0.25959 1.5816 1.4628 1.443 1.4511 1.4727 1.4933 1.5125 1.5258 1.5394 1.5489 1.5562 1.565 1.5704 1.5799 1.5875 1.5916 1.5972 1.6011 1.6153 1.6323 1.6424 1.6493 1.6533
NaN NaN NaN NaN NaN NaN NaN NaN 0.7431 0.78947 0.84146 0.91425 1.0179 1.1924 1.5086 1.3808 1.4203 1.4417 1.4653 1.4845 1.5046 1.517 1.5312 1.5406 1.5488 1.5578 1.5642 1.5729 1.5803 1.5853 1.5895 1.5941 1.6093 1.6235 1.6321 1.6387 1.6431
NaN NaN NaN NaN NaN NaN NaN NaN 0.94713 0.98266 1.0221 1.0776 1.161 1.2737 1.4021 1.3199 1.3966 1.4268 1.4523 1.4735 1.4931 1.507 1.5208 1.5308 1.5393 1.5481 1.5546 1.5627 1.5703 1.5749 1.5776 1.5836 1.597 1.6139 1.6228 1.6288 1.634
NaN NaN NaN NaN NaN NaN NaN NaN 0.96514 0.99497 1.04 1.1013 1.1811 1.2642 1.3339 1.2935 1.3736 1.4079 1.4366 1.46 1.4801 1.4946 1.5085 1.5189 1.5284 1.5371 1.5448 1.5525 1.5592 1.5653 1.5682 1.5751 1.5883 1.6046 1.6131 1.6196 1.6237
NaN NaN NaN NaN NaN NaN NaN NaN 0.99652 1.025 1.0723 1.1341 1.1976 1.2531 1.2951 1.2831 1.3561 1.3874 1.4177 1.4445 1.4656 1.4818 1.497 1.5088 1.5201 1.5289 1.537 1.5463 1.5538 1.5604 1.5653 1.574 1.5834 1.5981 1.6053 1.6112 1.6149
NaN NaN NaN NaN NaN NaN NaN NaN 1.0045 1.0427 1.0917 1.1462 1.194 1.2357 1.2719 1.2817 1.3442 1.375 1.4014 1.4248 1.4452 1.4602 1.4741 1.4846 1.4945 1.513 1.518 1.488 1.5434 1.5509 1.5551 1.5663 1.5783 1.5899 1.5975 1.6028 1.6061
NaN NaN NaN NaN NaN NaN NaN NaN 1.0061 1.0637 1.1082 1.1527 1.19 1.2251 1.2608 1.2828 1.3357 1.3656 1.3934 1.4175 1.4383 1.46 1.4768 1.4936 1.5136 1.5411 1.5593 1.5242 1.5429 1.5474 1.552 1.5642 1.5735 1.5857 1.5949 1.5905 1.6015
NaN NaN NaN NaN NaN NaN NaN NaN NaN 1.1012 1.135 1.1671 1.1943 1.2244 1.2587 1.2877 1.3323 1.3568 1.3835 1.407 1.4296 1.4527 1.4717 1.4888 1.5079 1.5297 1.5385 1.5087 1.5366 1.5429 1.5477 1.5602 1.5699 1.5814 1.5918 1.5842 1.596
NaN NaN NaN NaN NaN NaN NaN NaN NaN 1.1253 1.1585 1.1704 1.1884 1.2201 1.2579 1.2925 1.3341 1.3578 1.3797 1.4021 1.4278 1.4515 1.4697 1.4871 1.5041 1.5217 1.5276 1.505 1.5326 1.5398 1.5468 1.5584 1.5679 1.5794 1.5881 1.5858 1.5917
NaN NaN NaN NaN NaN NaN NaN NaN NaN NaN 1.1558 1.1608 1.1794 1.222 1.2622 1.2984 1.336 1.3572 1.3784 1.4018 1.4247 1.447 1.4651 1.4804 1.4978 1.513 1.5179 1.5024 1.5284 1.5361 1.5454 1.5559 1.5657 1.5755 1.5817 1.5797 1.5853
NaN NaN NaN NaN NaN NaN NaN NaN NaN NaN NaN 1.1655 1.1846 1.229 1.2694 1.3036 1.3346 1.3532 1.3758 1.3995 1.4222 1.4428 1.4613 1.4765 1.4922 1.5066 1.5114 1.5018 1.5247 1.5328 1.5425 1.5523 1.561 1.5708 1.574 1.5727 1.5779
NaN NaN NaN NaN NaN NaN NaN NaN NaN NaN NaN 1.1699 1.1922 1.2279 1.2629 1.2944 1.3233 1.3417 1.3645 1.3931 1.4177 1.437 1.4552 1.4702 1.4853 1.4989 1.5048 1.4986 1.5195 1.5279 1.5391 1.5478 1.5552 1.5631 1.5661 1.5663 1.5699
NaN NaN NaN NaN NaN NaN NaN NaN NaN NaN NaN NaN 1.1764 1.223 1.2381 1.2756 1.3099 1.3329 1.3581 1.3861 1.4108 1.4298 1.4483 1.4627 1.4787 1.4922 1.4987 1.4968 1.5142 1.523 1.5344 1.5432 1.5507 1.5565 1.5588 1.5585 1.5598
NaN NaN NaN NaN NaN NaN NaN NaN NaN NaN NaN NaN NaN 1.245 1.255 1.2737 1.3127 1.332 1.3551 1.3824 1.4054 1.4244 1.4424 1.4569 1.4711 1.4855 1.4911 1.4926 1.509 1.5166 1.5296 1.5374 1.5443 1.5488 1.5504 1.5504 1.5494
NaN NaN NaN NaN NaN NaN NaN NaN NaN NaN NaN NaN NaN NaN 1.2635 1.2923 1.3054 1.3146 1.3404 1.3711 1.3873 1.413 1.4314 1.4477 1.4647 1.4773 1.4851 1.4894 1.5024 1.5113 1.5245 1.5323 1.5381 1.5414 1.5426 1.5415 1.5412
NaN NaN NaN NaN NaN NaN NaN NaN NaN NaN NaN NaN NaN NaN NaN 1.2964 1.3045 1.2982 1.3248 1.3595 1.3779 1.4034 1.4213 1.4374 1.4538 1.4683 1.4759 1.4855 1.4892 1.5012 1.5182 1.5272 1.5324 1.5345 1.5358 1.5347 1.532
NaN NaN NaN NaN NaN NaN NaN NaN NaN NaN NaN NaN NaN NaN NaN NaN NaN 1.3104 1.3229 1.3439 1.3525 1.3859 1.4036 1.4187 1.4377 1.4605 1.4709 1.484 1.4888 1.4993 1.5122 1.5214 1.5259 1.527 1.5287 1.5266 1.5235
NaN NaN NaN NaN NaN NaN NaN NaN NaN NaN NaN NaN NaN NaN NaN NaN NaN NaN 1.3212 1.3513 1.3359 1.3704 1.392 1.4038 1.4177 1.449 1.4638 1.4678 1.4802 1.4926 1.5063 1.516 1.5204 1.5204 1.5208 1.5187 1.5151
NaN NaN NaN NaN NaN NaN NaN NaN NaN NaN NaN NaN NaN NaN NaN NaN NaN NaN NaN NaN 1.3274 1.386 1.3877 1.3798 1.3845 1.4314 1.4509 1.4479 1.4694 1.484 1.5025 1.5114 1.5134 1.5129 1.512 1.5102 1.5078
NaN NaN NaN NaN NaN NaN NaN NaN NaN NaN NaN NaN NaN NaN NaN NaN NaN NaN NaN NaN NaN NaN 1.3958 1.3951 1.3739 1.4114 1.4304 1.4196 1.4537 1.4641 1.4758 1.5014 1.5038 1.502 1.5002 1.4985 1.4969
NaN NaN NaN NaN NaN NaN NaN NaN NaN NaN NaN NaN NaN NaN NaN NaN NaN NaN NaN NaN NaN NaN NaN NaN 1.3707 1.392 1.3835 1.3713 1.4102 1.4312 1.4301 1.4705 1.4834 1.4749 1.4801 1.4838 1.4747
NaN NaN NaN NaN NaN NaN NaN NaN NaN NaN NaN NaN NaN NaN NaN NaN NaN NaN NaN NaN NaN NaN NaN NaN NaN NaN 1.3685 1.3801 1.3924 1.4149 1.3871 1.4167 1.4364 1.4187 1.445 1.4498 1.451
NaN NaN NaN NaN NaN NaN NaN NaN NaN NaN NaN NaN NaN NaN NaN NaN NaN NaN NaN NaN NaN NaN NaN NaN NaN NaN NaN NaN 1.3603 1.4291 1.3859 1.3926 1.3704 1.3064 1.2736 1.1346 0.51016
NaN NaN NaN NaN NaN NaN NaN NaN NaN NaN NaN NaN NaN NaN NaN NaN NaN NaN NaN NaN NaN NaN NaN NaN NaN NaN NaN NaN NaN NaN 1.3384 1.3218 1.2352 1.0531 0.42632 NaN NaN
NaN NaN NaN NaN NaN NaN NaN NaN NaN NaN NaN NaN NaN NaN NaN NaN NaN NaN NaN NaN NaN NaN NaN NaN NaN NaN NaN NaN NaN NaN NaN NaN 0.96204 0.32013 NaN NaN NaN
NaN NaN NaN NaN NaN NaN NaN NaN NaN NaN NaN NaN NaN NaN NaN NaN NaN NaN NaN NaN NaN NaN NaN NaN NaN NaN NaN NaN NaN NaN NaN NaN NaN NaN NaN NaN NaN
NaN NaN NaN NaN NaN NaN NaN NaN NaN NaN NaN NaN NaN NaN NaN NaN NaN NaN NaN NaN NaN NaN NaN NaN NaN NaN NaN NaN NaN NaN NaN NaN NaN NaN NaN NaN NaN
NaN NaN NaN NaN NaN NaN NaN NaN NaN NaN NaN NaN NaN NaN NaN NaN NaN NaN NaN NaN NaN NaN NaN NaN NaN NaN NaN NaN NaN NaN NaN NaN NaN NaN NaN NaN NaN
