NaN NaN NaN NaN NaN NaN NaN NaN NaN NaN 1.8469 2.0743 2.1372 2.3215 2.3949 2.4953 2.5651 2.5668 2.6069 2.665 2.7258 2.7542 2.7857 2.8184 2.8287 2.8579 2.8713 2.9 2.922 2.9423 2.9658 2.9859 3.0166 3.0468 3.0761 3.093 3.107
NaN NaN NaN NaN NaN NaN NaN NaN NaN NaN NaN NaN NaN NaN 2.1413 2.252 2.4684 2.4913 2.5525 2.6199 2.6858 2.7256 2.7669 2.8039 2.8194 2.8494 2.8645 2.8919 2.9142 2.9329 2.9563 2.9716 3.0019 3.0355 3.0612 3.0781 3.092
NaN NaN NaN NaN NaN NaN NaN NaN 0.40972 0.37022 0.3411 0.30555 0.26227 0.22017 2.1257 2.1366 2.3991 2.4371 2.5076 2.5797 2.6489 2.6978 2.7462 2.7835 2.81 2.8391 2.8564 2.884 2.9072 2.9243 2.9441 2.9568 2.9888 3.0233 3.0459 3.0633 3.0758
NaN NaN NaN NaN NaN NaN NaN NaN 0.84869 0.91544 0.99635 1.1126 1.2828 1.5714 2.1081 2.0705 2.3374 2.3945 2.4702 2.5414 2.6147 2.6667 2.7213 2.7624 2.7949 2.8263 2.8479 2.8751 2.8984 2.9167 2.9336 2.9475 2.981 3.0103 3.03 3.0468 3.0601
NaN NaN NaN NaN NaN NaN NaN NaN 1.1713 1.2313 1.303 1.4052 1.5592 1.7734 2.0359 2.0094 2.2848 2.3556 2.4332 2.5064 2.5789 2.6364 2.6944 2.7399 2.7769 2.811 2.835 2.8622 2.8864 2.9037 2.9168 2.9321 2.9608 2.9946 3.0144 3.0305 3.0452
NaN NaN NaN NaN NaN NaN NaN NaN 1.251 1.3063 1.3881 1.5014 1.6521 1.8191 1.9778 1.9868 2.2378 2.3168 2.3971 2.4719 2.5444 2.605 2.6652 2.7137 2.7556 2.7912 2.8191 2.8459 2.8687 2.8883 2.9005 2.9172 2.9458 2.9793 2.9983 3.0155 3.0284
NaN NaN NaN NaN NaN NaN NaN NaN 1.3321 1.3869 1.4742 1.5904 1.7161 1.8364 1.9424 1.9844 2.2027 2.2785 2.3586 2.436 2.5082 2.5716 2.6346 2.6867 2.7337 2.7705 2.8003 2.8305 2.8551 2.8764 2.8921 2.9134 2.9357 2.9676 2.9838 2.9994 3.0111
NaN NaN NaN NaN NaN NaN NaN NaN 1.3763 1.4459 1.5374 1.6425 1.7414 1.8344 1.9249 1.9952 2.1794 2.2559 2.3305 2.4023 2.4726 2.5349 2.5973 2.6493 2.6949 2.7493 2.7723 2.7214 2.8389 2.8546 2.8694 2.8961 2.9233 2.9498 2.9667 2.9809 2.9917
NaN NaN NaN NaN NaN NaN NaN NaN 1.4118 1.5013 1.5867 1.6748 1.7539 1.8323 1.9189 2.0052 2.1597 2.2333 2.3069 2.376 2.4417 2.5114 2.5736 2.6323 2.6921 2.7629 2.8162 2.7678 2.8362 2.8445 2.8581 2.887 2.9087 2.9367 2.9568 2.953 2.9799
NaN NaN NaN NaN NaN NaN NaN NaN NaN 1.5734 1.6424 1.7101 1.7705 1.8388 1.923 2.0193 2.1514 2.2151 2.2859 2.3509 2.4172 2.4881 2.5535 2.6146 2.677 2.7434 2.7813 2.7354 2.8177 2.8311 2.8443 2.8734 2.895 2.9212 2.944 2.9344 2.9656
NaN NaN NaN NaN NaN NaN NaN NaN NaN 1.6277 1.6917 1.7266 1.7694 1.8397 1.9281 2.0304 2.1492 2.2107 2.271 2.3318 2.4024 2.4738 2.5374 2.6003 2.661 2.7212 2.7513 2.7154 2.7977 2.8155 2.8333 2.8611 2.8821 2.9086 2.9294 2.9298 2.9511
NaN NaN NaN NaN NaN NaN NaN NaN NaN NaN 1.697 1.7205 1.7617 1.8479 1.9396 2.0425 2.1494 2.205 2.2603 2.323 2.3895 2.4579 2.5206 2.5795 2.6413 2.6962 2.7225 2.699 2.7773 2.7981 2.822 2.8487 2.8716 2.8958 2.913 2.9132 2.9335
NaN NaN NaN NaN NaN NaN NaN NaN NaN NaN NaN 1.7269 1.7719 1.8633 1.9561 2.0549 2.146 2.1944 2.2507 2.3126 2.3781 2.4429 2.5055 2.5636 2.6222 2.6745 2.6994 2.6879 2.7585 2.7822 2.8093 2.8362 2.8583 2.8828 2.8946 2.8963 2.9155
NaN NaN NaN NaN NaN NaN NaN NaN NaN NaN NaN 1.7363 1.7919 1.872 1.9573 2.0485 2.1309 2.1759 2.2283 2.2972 2.3661 2.4278 2.4894 2.5461 2.6027 2.6524 2.6789 2.6747 2.7393 2.7649 2.7972 2.8231 2.8437 2.8648 2.876 2.8813 2.8973
NaN NaN NaN NaN NaN NaN NaN NaN NaN NaN NaN NaN 1.7764 1.8693 1.9294 2.0247 2.1097 2.1583 2.2128 2.2813 2.3514 2.4118 2.4729 2.5273 2.5845 2.6326 2.6601 2.6653 2.7215 2.7491 2.7832 2.8101 2.8317 2.8499 2.8604 2.8658 2.8776
NaN NaN NaN NaN NaN NaN NaN NaN NaN NaN NaN NaN NaN 1.8708 1.9258 2.0189 2.1096 2.1504 2.2025 2.2711 2.3386 2.3991 2.4592 2.513 2.5662 2.6153 2.6412 2.6541 2.7059 2.7319 2.7706 2.7963 2.8181 2.8345 2.8442 2.8506 2.858
NaN NaN NaN NaN NaN NaN NaN NaN NaN NaN NaN NaN NaN NaN 1.9018 2.0037 2.1025 2.1239 2.1806 2.2567 2.3064 2.379 2.4382 2.4939 2.5508 2.5959 2.6258 2.6454 2.6888 2.7178 2.7579 2.7843 2.8052 2.8194 2.8288 2.8336 2.8421
NaN NaN NaN NaN NaN NaN NaN NaN NaN NaN NaN NaN NaN NaN NaN 1.9571 2.0403 2.1017 2.1592 2.2378 2.2861 2.3615 2.4198 2.475 2.5299 2.5776 2.6071 2.6378 2.6615 2.697 2.7438 2.7724 2.7928 2.8052 2.8152 2.8207 2.8244
NaN NaN NaN NaN NaN NaN NaN NaN NaN NaN NaN NaN NaN NaN NaN NaN NaN 2.0548 2.1551 2.2194 2.2452 2.3355 2.3915 2.4418 2.4978 2.5587 2.5924 2.6319 2.656 2.6915 2.7315 2.7607 2.7799 2.7906 2.802 2.8058 2.8083
NaN NaN NaN NaN NaN NaN NaN NaN NaN NaN NaN NaN NaN NaN NaN NaN NaN NaN 2.0476 2.1401 2.2133 2.3096 2.3721 2.4149 2.4597 2.5366 2.5794 2.6036 2.6405 2.6781 2.7192 2.75 2.7692 2.7781 2.7877 2.7914 2.7923
NaN NaN NaN NaN NaN NaN NaN NaN NaN NaN NaN NaN NaN NaN NaN NaN NaN NaN NaN NaN 2.0698 2.2002 2.3402 2.3739 2.397 2.5047 2.5564 2.5664 2.6208 2.66 2.7109 2.7409 2.7561 2.7645 2.7718 2.7755 2.7777
NaN NaN NaN NaN NaN NaN NaN NaN NaN NaN NaN NaN NaN NaN NaN NaN NaN NaN NaN NaN NaN NaN 2.045 2.1219 2.2845 2.467 2.5202 2.5139 2.5952 2.6252 2.6624 2.7231 2.7381 2.7451 2.7508 2.754 2.7562
NaN NaN NaN NaN NaN NaN NaN NaN NaN NaN NaN NaN NaN NaN NaN NaN NaN NaN NaN NaN NaN NaN NaN NaN 2.0047 2.2552 2.4416 2.4394 2.5253 2.5713 2.5784 2.6685 2.7008 2.696 2.7156 2.727 2.7136
NaN NaN NaN NaN NaN NaN NaN NaN NaN NaN NaN NaN NaN NaN NaN NaN NaN NaN NaN NaN NaN NaN NaN NaN NaN NaN 2.1546 2.247 2.4374 2.5489 2.4968 2.5807 2.6209 2.5936 2.6528 2.6607 2.666
NaN NaN NaN NaN NaN NaN NaN NaN NaN NaN NaN NaN NaN NaN NaN NaN NaN NaN NaN NaN NaN NaN NaN NaN NaN NaN NaN NaN 2.0003 2.1184 2.2433 2.3429 2.5003 2.4379 2.4272 2.2479 1.399
NaN NaN NaN NaN NaN NaN NaN NaN NaN NaN NaN NaN NaN NaN NaN NaN NaN NaN NaN NaN NaN NaN NaN NaN NaN NaN NaN NaN NaN NaN 1.736 2.1004 2.2671 2.0853 1.1738 NaN NaN
NaN NaN NaN NaN NaN NaN NaN NaN NaN NaN NaN NaN NaN NaN NaN NaN NaN NaN NaN NaN NaN NaN NaN NaN NaN NaN NaN NaN NaN NaN NaN NaN 1.7712 0.87043 NaN NaN NaN
NaN NaN NaN NaN NaN NaN NaN NaN NaN NaN NaN NaN NaN NaN NaN NaN NaN NaN NaN NaN NaN NaN NaN NaN NaN NaN NaN NaN NaN NaN NaN NaN NaN NaN NaN NaN NaN
NaN NaN NaN NaN NaN NaN NaN NaN NaN NaN NaN NaN NaN NaN NaN NaN NaN NaN NaN NaN NaN NaN NaN NaN NaN NaN NaN NaN NaN NaN NaN NaN NaN NaN NaN NaN NaN
NaN NaN NaN NaN NaN NaN NaN NaN NaN NaN NaN NaN NaN NaN NaN NaN NaN NaN NaN NaN NaN NaN NaN NaN NaN NaN NaN NaN NaN NaN NaN NaN NaN NaN NaN NaN NaN
