NaN NaN NaN NaN NaN NaN NaN NaN NaN NaN 1.5487 1.7946 1.8105 1.9286 1.9402 1.8789 1.8269 1.8198 1.8463 1.8869 1.9306 1.9513 1.974 1.9976 2.0049 2.0259 2.0354 2.0563 2.0723 2.0874 2.1047 2.1196 2.1419 2.1636 2.1848 2.1971 2.2074
NaN NaN NaN NaN NaN NaN NaN NaN NaN NaN NaN NaN NaN NaN 1.7409 1.7726 1.7611 1.7648 1.8051 1.8525 1.9001 1.9292 1.9593 1.9864 1.9977 2.0195 2.0303 2.0502 2.0665 2.0803 2.0976 2.1089 2.1309 2.1549 2.1734 2.1858 2.196
NaN NaN NaN NaN NaN NaN NaN NaN 0.27888 0.25188 0.23218 0.20816 0.17889 0.15012 1.7489 1.6718 1.7105 1.7238 1.7705 1.8213 1.8715 1.9075 1.943 1.9708 1.9903 2.0115 2.0242 2.0442 2.0613 2.074 2.0886 2.0979 2.121 2.1456 2.1619 2.1746 2.1838
NaN NaN NaN NaN NaN NaN NaN NaN 0.60004 0.6525 0.71771 0.81216 0.95306 1.197 1.6724 1.5494 1.6637 1.6908 1.7415 1.7918 1.8451 1.8834 1.9238 1.9544 1.9786 2.0018 2.0176 2.0375 2.0546 2.0681 2.0807 2.0908 2.1149 2.1358 2.15 2.1622 2.172
NaN NaN NaN NaN NaN NaN NaN NaN 0.83657 0.88417 0.94237 1.0259 1.1526 1.332 1.5576 1.4655 1.6227 1.6604 1.713 1.7649 1.8176 1.8601 1.9032 1.9372 1.9649 1.9902 2.008 2.028 2.0458 2.0586 2.0684 2.0795 2.0999 2.124 2.1382 2.15 2.1608
NaN NaN NaN NaN NaN NaN NaN NaN 0.89644 0.94002 1.0044 1.0941 1.2137 1.3484 1.4746 1.4271 1.5853 1.6304 1.6853 1.7384 1.7913 1.8361 1.881 1.9174 1.9488 1.9754 1.9961 2.0159 2.0327 2.0472 2.0562 2.0683 2.0887 2.1126 2.1261 2.1387 2.1483
NaN NaN NaN NaN NaN NaN NaN NaN 0.95244 0.99485 1.0623 1.1522 1.2498 1.344 1.4212 1.4125 1.5566 1.6012 1.6561 1.7112 1.7638 1.8107 1.8577 1.8968 1.932 1.9595 1.9817 2.004 2.0222 2.0378 2.0494 2.0648 2.0807 2.1036 2.1152 2.1266 2.1354
NaN NaN NaN NaN NaN NaN NaN NaN 0.9815 1.0341 1.1037 1.1837 1.2587 1.3286 1.3893 1.4119 1.5364 1.5832 1.6346 1.6859 1.7374 1.7838 1.8305 1.8698 1.9042 1.9446 1.9622 1.9248 2.0101 2.0214 2.0323 2.0516 2.0711 2.0902 2.1024 2.1128 2.1209
NaN NaN NaN NaN NaN NaN NaN NaN 1.0052 1.0702 1.1347 1.2007 1.2589 1.3154 1.3716 1.4134 1.5194 1.5653 1.6161 1.6653 1.7134 1.7648 1.8112 1.8549 1.899 1.9508 1.9903 1.9562 2.0077 2.0136 2.0235 2.0443 2.0599 2.08 2.0946 2.0922 2.1118
NaN NaN NaN NaN NaN NaN NaN NaN NaN 1.1176 1.169 1.2191 1.2622 1.3102 1.3646 1.4193 1.5109 1.551 1.5999 1.6462 1.6945 1.7468 1.7953 1.8409 1.8871 1.9363 1.9652 1.9326 1.9935 2.0034 2.013 2.0339 2.0493 2.0682 2.0847 2.0781 2.1011
NaN NaN NaN NaN NaN NaN NaN NaN NaN 1.1548 1.2008 1.2249 1.2545 1.3036 1.3611 1.4238 1.5068 1.5463 1.588 1.6311 1.6823 1.735 1.7822 1.8293 1.8745 1.9195 1.9429 1.9171 1.9779 1.9913 2.0042 2.0242 2.0391 2.0582 2.0735 2.074 2.0901
NaN NaN NaN NaN NaN NaN NaN NaN NaN NaN 1.2025 1.2155 1.243 1.3035 1.3637 1.4296 1.5049 1.541 1.5792 1.6236 1.6719 1.7224 1.7691 1.8133 1.8595 1.9007 1.9213 1.9043 1.962 1.9777 1.9951 2.0144 2.0309 2.0484 2.0611 2.0616 2.0768
NaN NaN NaN NaN NaN NaN NaN NaN NaN NaN NaN 1.2143 1.2443 1.3094 1.3711 1.4362 1.5009 1.5325 1.5715 1.6153 1.6627 1.7106 1.7572 1.8009 1.8448 1.8842 1.9036 1.8953 1.9474 1.9652 1.9852 2.0048 2.0208 2.0386 2.0475 2.0491 2.0635
NaN NaN NaN NaN NaN NaN NaN NaN NaN NaN NaN 1.221 1.2543 1.3123 1.3698 1.4307 1.4894 1.519 1.555 1.6036 1.6534 1.699 1.7449 1.7875 1.83 1.8675 1.888 1.885 1.9327 1.9519 1.9757 1.9947 2.0097 2.0252 2.0337 2.0378 2.05
NaN NaN NaN NaN NaN NaN NaN NaN NaN NaN NaN NaN 1.257 1.3214 1.3492 1.4132 1.4735 1.5059 1.5433 1.5916 1.6424 1.6869 1.7324 1.7733 1.8162 1.8525 1.8737 1.8775 1.919 1.9397 1.965 1.9847 2.0006 2.0141 2.0222 2.0265 2.0356
NaN NaN NaN NaN NaN NaN NaN NaN NaN NaN NaN NaN NaN 1.343 1.3638 1.406 1.4717 1.499 1.5351 1.5838 1.6326 1.6772 1.722 1.7624 1.8024 1.8394 1.8594 1.869 1.9071 1.9267 1.9553 1.9743 1.9904 2.0027 2.0103 2.0154 2.0214
NaN NaN NaN NaN NaN NaN NaN NaN NaN NaN NaN NaN NaN NaN 1.377 1.4284 1.4637 1.477 1.5181 1.5736 1.6096 1.6626 1.7065 1.7482 1.7907 1.8248 1.8477 1.8622 1.8942 1.9159 1.9456 1.9652 1.9807 1.9915 1.9989 2.003 2.0098
NaN NaN NaN NaN NaN NaN NaN NaN NaN NaN NaN NaN NaN NaN NaN 1.4384 1.4634 1.4612 1.5015 1.5591 1.5945 1.6498 1.693 1.7343 1.7754 1.8113 1.8339 1.8565 1.8741 1.9005 1.935 1.9562 1.9714 1.9809 1.9888 1.9934 1.9969
NaN NaN NaN NaN NaN NaN NaN NaN NaN NaN NaN NaN NaN NaN NaN NaN NaN 1.4759 1.5034 1.5457 1.5632 1.631 1.6726 1.7103 1.7519 1.797 1.8224 1.8515 1.8694 1.896 1.9258 1.9474 1.9618 1.9702 1.9791 1.9826 1.9852
NaN NaN NaN NaN NaN NaN NaN NaN NaN NaN NaN NaN NaN NaN NaN NaN NaN NaN 1.5103 1.5646 1.5455 1.6119 1.6582 1.6906 1.7242 1.7807 1.8127 1.8309 1.858 1.8859 1.9165 1.9393 1.9538 1.9609 1.9687 1.9721 1.9735
NaN NaN NaN NaN NaN NaN NaN NaN NaN NaN NaN NaN NaN NaN NaN NaN NaN NaN NaN NaN 1.537 1.6368 1.6575 1.6616 1.6787 1.7575 1.7958 1.8039 1.8436 1.8725 1.91 1.9324 1.9441 1.9509 1.957 1.9605 1.9629
NaN NaN NaN NaN NaN NaN NaN NaN NaN NaN NaN NaN NaN NaN NaN NaN NaN NaN NaN NaN NaN NaN 1.6346 1.6694 1.6607 1.731 1.7693 1.7659 1.8252 1.8474 1.8752 1.9195 1.9309 1.9369 1.9419 1.945 1.9473
NaN NaN NaN NaN NaN NaN NaN NaN NaN NaN NaN NaN NaN NaN NaN NaN NaN NaN NaN NaN NaN NaN NaN NaN 1.6116 1.7071 1.7266 1.7156 1.7761 1.8091 1.8149 1.8804 1.9042 1.9018 1.9169 1.9258 1.9169
NaN NaN NaN NaN NaN NaN NaN NaN NaN NaN NaN NaN NaN NaN NaN NaN NaN NaN NaN NaN NaN NaN NaN NaN NaN NaN 1.6486 1.7138 1.7536 1.8014 1.7672 1.8193 1.8477 1.8288 1.8724 1.8785 1.8826
NaN NaN NaN NaN NaN NaN NaN NaN NaN NaN NaN NaN NaN NaN NaN NaN NaN NaN NaN NaN NaN NaN NaN NaN NaN NaN NaN NaN 1.6219 1.7526 1.7651 1.7961 1.7893 1.7248 1.7206 1.6013 1.0286
NaN NaN NaN NaN NaN NaN NaN NaN NaN NaN NaN NaN NaN NaN NaN NaN NaN NaN NaN NaN NaN NaN NaN NaN NaN NaN NaN NaN NaN NaN 1.5324 1.7103 1.6639 1.4892 0.86607 NaN NaN
NaN NaN NaN NaN NaN NaN NaN NaN NaN NaN NaN NaN NaN NaN NaN NaN NaN NaN NaN NaN NaN NaN NaN NaN NaN NaN NaN NaN NaN NaN NaN NaN 1.3008 0.64755 NaN NaN NaN
NaN NaN NaN NaN NaN NaN NaN NaN NaN NaN NaN NaN NaN NaN NaN NaN NaN NaN NaN NaN NaN NaN NaN NaN NaN NaN NaN NaN NaN NaN NaN NaN NaN NaN NaN NaN NaN
NaN NaN NaN NaN NaN NaN NaN NaN NaN NaN NaN NaN NaN NaN NaN NaN NaN NaN NaN NaN NaN NaN NaN NaN NaN NaN NaN NaN NaN NaN NaN NaN NaN NaN NaN NaN NaN
NaN NaN NaN NaN NaN NaN NaN NaN NaN NaN NaN NaN NaN NaN NaN NaN NaN NaN NaN NaN NaN NaN NaN NaN NaN NaN NaN NaN NaN NaN NaN NaN NaN NaN NaN NaN NaN
