NaN NaN NaN NaN NaN NaN NaN NaN NaN NaN 1.5666 1.7118 1.7012 1.7774 1.7806 1.7108 1.6608 1.6506 1.6655 1.6926 1.7213 1.7338 1.749 1.7658 1.7707 1.7862 1.7928 1.8078 1.8184 1.8273 1.8379 1.8472 1.8634 1.8804 1.8968 1.9057 1.9125
NaN NaN NaN NaN NaN NaN NaN NaN NaN NaN NaN NaN NaN NaN 1.7147 1.6638 1.6253 1.6253 1.6497 1.6784 1.707 1.7238 1.7427 1.7598 1.7662 1.7812 1.7887 1.8025 1.8132 1.8211 1.8318 1.8387 1.855 1.8744 1.8886 1.8975 1.904
NaN NaN NaN NaN NaN NaN NaN NaN 0.38588 0.35318 0.33134 0.3036 0.26884 0.23672 1.7232 1.6081 1.6021 1.61 1.6384 1.6676 1.6958 1.7153 1.7357 1.7508 1.7621 1.7754 1.7835 1.7969 1.808 1.815 1.8237 1.8294 1.847 1.8671 1.8796 1.8886 1.8942
NaN NaN NaN NaN NaN NaN NaN NaN 0.73708 0.78768 0.84643 0.92999 1.0516 1.2594 1.648 1.5104 1.5724 1.5952 1.6267 1.6549 1.6845 1.704 1.7261 1.7418 1.7549 1.7687 1.7783 1.791 1.8018 1.8097 1.8167 1.8231 1.8418 1.8588 1.8695 1.878 1.8842
NaN NaN NaN NaN NaN NaN NaN NaN 0.96487 1.0062 1.0537 1.1213 1.2236 1.3651 1.5336 1.4399 1.5437 1.5769 1.6107 1.641 1.6702 1.692 1.7145 1.7315 1.7457 1.7599 1.77 1.7821 1.7931 1.8004 1.8053 1.813 1.8292 1.8491 1.8601 1.8681 1.8751
NaN NaN NaN NaN NaN NaN NaN NaN 0.99789 1.0338 1.0875 1.1615 1.2591 1.3642 1.4567 1.4091 1.5165 1.5553 1.5925 1.6251 1.6547 1.6778 1.7008 1.7187 1.7348 1.749 1.7606 1.7722 1.7821 1.7909 1.7957 1.8043 1.8205 1.8398 1.8503 1.8589 1.8647
NaN NaN NaN NaN NaN NaN NaN NaN 1.0394 1.0739 1.1304 1.205 1.2834 1.3548 1.4107 1.3974 1.4956 1.5323 1.571 1.6068 1.6374 1.6624 1.687 1.7067 1.7251 1.7395 1.7518 1.7652 1.776 1.7854 1.7924 1.8034 1.8153 1.8332 1.842 1.8497 1.8549
NaN NaN NaN NaN NaN NaN NaN NaN 1.055 1.0999 1.1585 1.2245 1.284 1.3372 1.3834 1.3969 1.4815 1.5187 1.5537 1.5862 1.616 1.6401 1.6637 1.6825 1.6994 1.7244 1.7321 1.701 1.7662 1.7746 1.7806 1.7947 1.8095 1.8238 1.8329 1.8398 1.8445
NaN NaN NaN NaN NaN NaN NaN NaN 1.0642 1.1273 1.1808 1.2348 1.2811 1.3251 1.3694 1.3985 1.4703 1.5066 1.5425 1.575 1.6041 1.6346 1.6601 1.6849 1.7124 1.7479 1.7724 1.7376 1.7661 1.7703 1.7764 1.7917 1.8032 1.8183 1.8291 1.8249 1.8388
NaN NaN NaN NaN NaN NaN NaN NaN NaN 1.1703 1.2116 1.2514 1.2853 1.3227 1.3654 1.4041 1.4653 1.4959 1.5306 1.5619 1.5927 1.6246 1.6526 1.6784 1.7061 1.7365 1.7506 1.7195 1.7582 1.7645 1.7705 1.7861 1.7979 1.8119 1.8241 1.8164 1.8318
NaN NaN NaN NaN NaN NaN NaN NaN NaN 1.2002 1.2393 1.2557 1.2782 1.3172 1.3635 1.409 1.4654 1.4952 1.5239 1.5537 1.5881 1.6208 1.6479 1.6744 1.7003 1.7263 1.7361 1.7123 1.7511 1.7591 1.7677 1.7823 1.7937 1.8079 1.8185 1.8167 1.8255
NaN NaN NaN NaN NaN NaN NaN NaN NaN NaN 1.2378 1.2454 1.2676 1.3184 1.3672 1.4151 1.4663 1.4931 1.5198 1.551 1.5829 1.6141 1.641 1.6651 1.6916 1.7145 1.7228 1.7068 1.7438 1.7529 1.7646 1.7781 1.7902 1.8026 1.8104 1.8087 1.8171
NaN NaN NaN NaN NaN NaN NaN NaN NaN NaN NaN 1.2483 1.2717 1.3253 1.3748 1.4209 1.464 1.4871 1.5152 1.5465 1.5783 1.6078 1.635 1.6589 1.6834 1.7052 1.713 1.704 1.7372 1.7473 1.7601 1.7731 1.7843 1.7966 1.8011 1.8001 1.808
NaN NaN NaN NaN NaN NaN NaN NaN NaN NaN NaN 1.2537 1.2807 1.3254 1.3695 1.4121 1.4519 1.4742 1.5013 1.5378 1.5721 1.6001 1.627 1.6505 1.6741 1.6947 1.7038 1.6989 1.7293 1.7402 1.7554 1.7674 1.7772 1.7873 1.7914 1.7924 1.7983
NaN NaN NaN NaN NaN NaN NaN NaN NaN NaN NaN NaN 1.2702 1.3252 1.3445 1.3924 1.4366 1.4633 1.4925 1.5283 1.5634 1.5912 1.6182 1.6409 1.6653 1.6854 1.6952 1.6956 1.7216 1.7335 1.7492 1.7615 1.7716 1.7796 1.783 1.7836 1.787
NaN NaN NaN NaN NaN NaN NaN NaN NaN NaN NaN NaN NaN 1.3478 1.3616 1.3885 1.4379 1.4599 1.4878 1.5227 1.5558 1.5841 1.6109 1.6335 1.6557 1.6767 1.6857 1.6903 1.7145 1.7253 1.7433 1.7547 1.7644 1.771 1.7738 1.7748 1.7753
NaN NaN NaN NaN NaN NaN NaN NaN NaN NaN NaN NaN NaN NaN 1.372 1.4095 1.43 1.4405 1.472 1.5113 1.5349 1.5711 1.5981 1.6225 1.6476 1.6665 1.6781 1.6862 1.706 1.7186 1.7371 1.7487 1.7575 1.7627 1.7651 1.7649 1.7662
NaN NaN NaN NaN NaN NaN NaN NaN NaN NaN NaN NaN NaN NaN NaN 1.4153 1.4293 1.4234 1.4556 1.4989 1.5228 1.5597 1.5865 1.6108 1.6351 1.656 1.6674 1.6817 1.6905 1.707 1.7298 1.7427 1.751 1.7549 1.7575 1.7575 1.7559
NaN NaN NaN NaN NaN NaN NaN NaN NaN NaN NaN NaN NaN NaN NaN NaN NaN 1.4376 1.4553 1.4839 1.4951 1.541 1.5672 1.5898 1.6162 1.6461 1.6606 1.6795 1.6892 1.7047 1.7231 1.7362 1.7438 1.7466 1.7498 1.7486 1.7464
NaN NaN NaN NaN NaN NaN NaN NaN NaN NaN NaN NaN NaN NaN NaN NaN NaN NaN 1.4567 1.4964 1.4781 1.5235 1.5545 1.573 1.5933 1.6328 1.6527 1.6619 1.6797 1.6971 1.7163 1.7303 1.7378 1.7394 1.7413 1.74 1.7371
NaN NaN NaN NaN NaN NaN NaN NaN NaN NaN NaN NaN NaN NaN NaN NaN NaN NaN NaN NaN 1.4701 1.5449 1.5521 1.5471 1.5551 1.613 1.6384 1.6393 1.6676 1.687 1.712 1.7252 1.73 1.7312 1.7316 1.7305 1.7287
NaN NaN NaN NaN NaN NaN NaN NaN NaN NaN NaN NaN NaN NaN NaN NaN NaN NaN NaN NaN NaN NaN 1.5511 1.5621 1.5435 1.5917 1.6162 1.6073 1.6506 1.6649 1.6819 1.7142 1.7193 1.7192 1.7186 1.7174 1.7161
NaN NaN NaN NaN NaN NaN NaN NaN NaN NaN NaN NaN NaN NaN NaN NaN NaN NaN NaN NaN NaN NaN NaN NaN 1.5255 1.5725 1.5694 1.5567 1.6043 1.6296 1.6303 1.6797 1.6961 1.6888 1.6962 1.7006 1.6902
NaN NaN NaN NaN NaN NaN NaN NaN NaN NaN NaN NaN NaN NaN NaN NaN NaN NaN NaN NaN NaN NaN NaN NaN NaN NaN 1.5372 1.5659 1.5861 1.6148 1.5856 1.622 1.6444 1.6251 1.6563 1.6605 1.6621
NaN NaN NaN NaN NaN NaN NaN NaN NaN NaN NaN NaN NaN NaN NaN NaN NaN NaN NaN NaN NaN NaN NaN NaN NaN NaN NaN NaN 1.5216 1.6126 1.5878 1.6014 1.5799 1.5112 1.4841 1.3425 0.70431
NaN NaN NaN NaN NaN NaN NaN NaN NaN NaN NaN NaN NaN NaN NaN NaN NaN NaN NaN NaN NaN NaN NaN NaN NaN NaN NaN NaN NaN NaN 1.4574 1.5272 1.4434 1.2512 0.59162 NaN NaN
NaN NaN NaN NaN NaN NaN NaN NaN NaN NaN NaN NaN NaN NaN NaN NaN NaN NaN NaN NaN NaN NaN NaN NaN NaN NaN NaN NaN NaN NaN NaN NaN 1.1294 0.44377 NaN NaN NaN
NaN NaN NaN NaN NaN NaN NaN NaN NaN NaN NaN NaN NaN NaN NaN NaN NaN NaN NaN NaN NaN NaN NaN NaN NaN NaN NaN NaN NaN NaN NaN NaN NaN NaN NaN NaN NaN
NaN NaN NaN NaN NaN NaN NaN NaN NaN NaN NaN NaN NaN NaN NaN NaN NaN NaN NaN NaN NaN NaN NaN NaN NaN NaN NaN NaN NaN NaN NaN NaN NaN NaN NaN NaN NaN
NaN NaN NaN NaN NaN NaN NaN NaN NaN NaN NaN NaN NaN NaN NaN NaN NaN NaN NaN NaN NaN NaN NaN NaN NaN NaN NaN NaN NaN NaN NaN NaN NaN NaN NaN NaN NaN
