NaN NaN NaN NaN NaN NaN NaN NaN NaN NaN 1.7 1.9518 1.9948 2.145 2.1781 2.1752 2.1369 2.1325 2.1659 2.2154 2.268 2.2932 2.3205 2.3488 2.3577 2.3825 2.394 2.4188 2.4379 2.4557 2.4762 2.4938 2.5202 2.546 2.5711 2.5858 2.5982
NaN NaN NaN NaN NaN NaN NaN NaN NaN NaN NaN NaN NaN NaN 1.9447 2.0162 2.0553 2.0654 2.1159 2.1737 2.2313 2.2666 2.3027 2.3352 2.349 2.3749 2.3879 2.4116 2.431 2.4474 2.4679 2.4814 2.5073 2.5359 2.558 2.5728 2.5851
NaN NaN NaN NaN NaN NaN NaN NaN 0.32111 0.28976 0.26663 0.23838 0.20382 0.16926 1.9472 1.9009 1.9934 2.0155 2.0737 2.1358 2.1967 2.2403 2.283 2.3164 2.34 2.3653 2.3805 2.4045 2.4248 2.44 2.4573 2.4685 2.4958 2.5251 2.5446 2.5598 2.571
NaN NaN NaN NaN NaN NaN NaN NaN 0.68984 0.74932 0.82269 0.92891 1.087 1.3594 1.8838 1.7781 1.938 1.9758 2.0387 2.1001 2.1646 2.2112 2.2598 2.2967 2.3258 2.3535 2.3725 2.3964 2.4169 2.4331 2.4481 2.4602 2.4887 2.5137 2.5308 2.5455 2.5573
NaN NaN NaN NaN NaN NaN NaN NaN 0.96142 1.0154 1.081 1.1752 1.3182 1.5195 1.7704 1.6905 1.8902 1.9399 2.0046 2.0677 2.1316 2.1831 2.2349 2.2759 2.3092 2.3395 2.3609 2.385 2.4064 2.4218 2.4336 2.4469 2.4712 2.5 2.5171 2.5313 2.5443
NaN NaN NaN NaN NaN NaN NaN NaN 1.0307 1.0803 1.1535 1.2556 1.3917 1.5441 1.6866 1.6517 1.8469 1.9048 1.9718 2.0362 2.1001 2.1544 2.2083 2.2521 2.2898 2.3217 2.3466 2.3705 2.3908 2.4082 2.4191 2.4336 2.4579 2.4865 2.503 2.5181 2.5297
NaN NaN NaN NaN NaN NaN NaN NaN 1.0965 1.1449 1.2221 1.3252 1.4368 1.5439 1.6331 1.6385 1.8141 1.8707 1.9375 2.0039 2.0674 2.124 2.1804 2.2274 2.2696 2.3026 2.3293 2.3561 2.3781 2.397 2.4109 2.4294 2.4486 2.476 2.4902 2.504 2.5146
NaN NaN NaN NaN NaN NaN NaN NaN 1.1311 1.1916 1.2717 1.3638 1.4501 1.5302 1.6023 1.6405 1.7914 1.85 1.9124 1.9742 2.0362 2.0921 2.1482 2.1953 2.2366 2.2851 2.307 2.2619 2.3633 2.3774 2.3907 2.4137 2.4371 2.4601 2.475 2.4877 2.4976
NaN NaN NaN NaN NaN NaN NaN NaN 1.1598 1.235 1.3093 1.3856 1.453 1.5185 1.5863 1.6443 1.7722 1.8293 1.8907 1.95 2.0078 2.0694 2.125 2.1773 2.2299 2.2918 2.3393 2.2983 2.3599 2.368 2.3801 2.405 2.4238 2.4481 2.4659 2.4635 2.487
NaN NaN NaN NaN NaN NaN NaN NaN NaN 1.2915 1.3509 1.4091 1.4594 1.5156 1.5816 1.6528 1.7631 1.8128 1.8719 1.9275 1.9855 2.0481 2.1061 2.1605 2.2157 2.2745 2.3095 2.2705 2.3429 2.3556 2.3675 2.3925 2.4112 2.434 2.4541 2.4468 2.4743
NaN NaN NaN NaN NaN NaN NaN NaN NaN 1.3361 1.3897 1.4178 1.4526 1.5104 1.5803 1.6594 1.759 1.8076 1.858 1.9098 1.9712 2.0341 2.0906 2.1467 2.2007 2.2545 2.2831 2.2522 2.3243 2.341 2.3569 2.3809 2.3991 2.4222 2.4408 2.4418 2.4612
NaN NaN NaN NaN NaN NaN NaN NaN NaN NaN 1.3931 1.4086 1.4413 1.5124 1.5856 1.6673 1.7574 1.8016 1.8478 1.9011 1.9589 2.0193 2.0751 2.1278 2.1828 2.2323 2.2574 2.237 2.3054 2.3248 2.346 2.3693 2.3892 2.4105 2.4262 2.4272 2.4455
NaN NaN NaN NaN NaN NaN NaN NaN NaN NaN NaN 1.4091 1.4448 1.5212 1.596 1.676 1.7532 1.7919 1.8389 1.8915 1.9483 2.0055 2.0611 2.1131 2.1655 2.2127 2.2366 2.2264 2.2881 2.3099 2.3341 2.3577 2.3772 2.3988 2.41 2.4123 2.4298
NaN NaN NaN NaN NaN NaN NaN NaN NaN NaN NaN 1.4187 1.4584 1.5262 1.5959 1.6703 1.7403 1.7764 1.8198 1.8778 1.9374 1.9919 2.0467 2.0975 2.1481 2.193 2.2181 2.2143 2.2707 2.2941 2.3229 2.3458 2.3641 2.3829 2.3936 2.399 2.4139
NaN NaN NaN NaN NaN NaN NaN NaN NaN NaN NaN NaN 1.4626 1.5382 1.5729 1.6506 1.7222 1.7612 1.8062 1.864 1.9246 1.9778 2.0321 2.0808 2.1318 2.1753 2.2012 2.2055 2.2546 2.2798 2.3101 2.334 2.3532 2.3697 2.38 2.3856 2.3969
NaN NaN NaN NaN NaN NaN NaN NaN NaN NaN NaN NaN NaN 1.5634 1.5905 1.6434 1.7205 1.7534 1.7967 1.855 1.9134 1.9665 2.02 2.0682 2.1158 2.16 2.1844 2.1955 2.2406 2.2644 2.2987 2.3217 2.3412 2.3563 2.3659 2.3725 2.3801
NaN NaN NaN NaN NaN NaN NaN NaN NaN NaN NaN NaN NaN NaN 1.6048 1.6686 1.7127 1.7288 1.7772 1.8433 1.8864 1.9496 2.002 2.0516 2.1022 2.143 2.1707 2.1877 2.2256 2.2517 2.2873 2.3109 2.3298 2.3431 2.3525 2.3579 2.3664
NaN NaN NaN NaN NaN NaN NaN NaN NaN NaN NaN NaN NaN NaN NaN 1.676 1.7098 1.7112 1.7596 1.8268 1.8688 1.9347 1.9863 2.0355 2.0843 2.1272 2.1546 2.1812 2.2021 2.2338 2.2749 2.3004 2.3189 2.3306 2.3406 2.3466 2.3512
NaN NaN NaN NaN NaN NaN NaN NaN NaN NaN NaN NaN NaN NaN NaN NaN NaN 1.7262 1.7623 1.812 1.8325 1.9128 1.9627 2.0075 2.0569 2.1107 2.1413 2.1756 2.1967 2.2285 2.2641 2.2901 2.3076 2.318 2.3292 2.3338 2.3374
NaN NaN NaN NaN NaN NaN NaN NaN NaN NaN NaN NaN NaN NaN NaN NaN NaN NaN 1.7592 1.8248 1.8127 1.8907 1.9459 1.9844 2.0244 2.0918 2.1302 2.1515 2.1835 2.2169 2.2533 2.2808 2.2983 2.3072 2.3169 2.3215 2.3237
NaN NaN NaN NaN NaN NaN NaN NaN NaN NaN NaN NaN NaN NaN NaN NaN NaN NaN NaN NaN 1.7873 1.9018 1.9445 1.9503 1.9709 2.0649 2.1107 2.1198 2.1668 2.2012 2.2459 2.2728 2.287 2.2955 2.3033 2.3079 2.3112
NaN NaN NaN NaN NaN NaN NaN NaN NaN NaN NaN NaN NaN NaN NaN NaN NaN NaN NaN NaN NaN NaN 1.841 1.8936 1.9426 2.0334 2.0795 2.0753 2.1455 2.1721 2.2051 2.2578 2.2717 2.2792 2.2856 2.2897 2.2929
NaN NaN NaN NaN NaN NaN NaN NaN NaN NaN NaN NaN NaN NaN NaN NaN NaN NaN NaN NaN NaN NaN NaN NaN 1.8161 1.9728 2.0291 2.0164 2.0879 2.1272 2.1342 2.2121 2.2406 2.2379 2.2562 2.2673 2.2573
NaN NaN NaN NaN NaN NaN NaN NaN NaN NaN NaN NaN NaN NaN NaN NaN NaN NaN NaN NaN NaN NaN NaN NaN NaN NaN 1.8995 1.978 2.0585 2.1191 2.0775 2.14 2.1744 2.1522 2.2043 2.2121 2.2172
NaN NaN NaN NaN NaN NaN NaN NaN NaN NaN NaN NaN NaN NaN NaN NaN NaN NaN NaN NaN NaN NaN NaN NaN NaN NaN NaN NaN 1.814 1.9393 2.0126 2.0709 2.1039 2.0302 2.0268 1.8877 1.2154
NaN NaN NaN NaN NaN NaN NaN NaN NaN NaN NaN NaN NaN NaN NaN NaN NaN NaN NaN NaN NaN NaN NaN NaN NaN NaN NaN NaN NaN NaN 1.6429 1.9263 1.9523 1.7534 1.0226 NaN NaN
NaN NaN NaN NaN NaN NaN NaN NaN NaN NaN NaN NaN NaN NaN NaN NaN NaN NaN NaN NaN NaN NaN NaN NaN NaN NaN NaN NaN NaN NaN NaN NaN 1.5275 0.76408 NaN NaN NaN
NaN NaN NaN NaN NaN NaN NaN NaN NaN NaN NaN NaN NaN NaN NaN NaN NaN NaN NaN NaN NaN NaN NaN NaN NaN NaN NaN NaN NaN NaN NaN NaN NaN NaN NaN NaN NaN
NaN NaN NaN NaN NaN NaN NaN NaN NaN NaN NaN NaN NaN NaN NaN NaN NaN NaN NaN NaN NaN NaN NaN NaN NaN NaN NaN NaN NaN NaN NaN NaN NaN NaN NaN NaN NaN
NaN NaN NaN NaN NaN NaN NaN NaN NaN NaN NaN NaN NaN NaN NaN NaN NaN NaN NaN NaN NaN NaN NaN NaN NaN NaN NaN NaN NaN NaN NaN NaN NaN NaN NaN NaN NaN
