NaN NaN NaN NaN NaN NaN NaN NaN NaN NaN 1.8388 2.093 2.1649 2.3639 2.4491 2.5788 2.6916 2.6934 2.7368 2.7995 2.865 2.8961 2.9302 2.9653 2.9767 3.0082 3.0227 3.0535 3.0772 3.0993 3.1247 3.1466 3.1795 3.2118 3.2432 3.2614 3.2767
NaN NaN NaN NaN NaN NaN NaN NaN NaN NaN NaN NaN NaN NaN 2.1551 2.3064 2.5853 2.6103 2.6761 2.7491 2.8205 2.8639 2.9087 2.9487 2.9658 2.9983 3.0148 3.0443 3.0683 3.0887 3.1141 3.1307 3.1632 3.1991 3.2266 3.245 3.26
NaN NaN NaN NaN NaN NaN NaN NaN 0.3987 0.35838 0.32745 0.28991 0.2443 0.19838 2.1453 2.1871 2.5095 2.5498 2.6256 2.7038 2.779 2.8324 2.885 2.9258 2.9548 2.9864 3.0054 3.0351 3.0603 3.079 3.1004 3.1144 3.1487 3.1854 3.2098 3.2286 3.2422
NaN NaN NaN NaN NaN NaN NaN NaN 0.84167 0.90864 0.98973 1.1076 1.2825 1.5821 2.1473 2.1387 2.4422 2.5024 2.5838 2.661 2.7406 2.7974 2.8571 2.9019 2.9375 2.9718 2.9954 3.0249 3.0502 3.0701 3.0886 3.1038 3.1397 3.171 3.1922 3.2105 3.2249
NaN NaN NaN NaN NaN NaN NaN NaN 1.1746 1.2367 1.3111 1.4178 1.5802 1.8087 2.0934 2.083 2.385 2.4594 2.5429 2.6221 2.7008 2.7637 2.827 2.8767 2.9173 2.9545 2.9809 3.0104 3.0367 3.0557 3.0701 3.0868 3.1176 3.1537 3.175 3.1925 3.2085
NaN NaN NaN NaN NaN NaN NaN NaN 1.2639 1.3221 1.4079 1.5275 1.688 1.868 2.0418 2.0613 2.3337 2.4171 2.5032 2.5841 2.6627 2.7289 2.7946 2.8476 2.8935 2.9325 2.963 2.9923 3.0171 3.0385 3.052 3.0702 3.1009 3.1368 3.1572 3.1759 3.19
NaN NaN NaN NaN NaN NaN NaN NaN 1.3524 1.4103 1.5026 1.6263 1.761 1.8915 2.0079 2.0588 2.2951 2.3755 2.4614 2.5448 2.623 2.692 2.7607 2.8176 2.8689 2.9092 2.9418 2.9747 3.0015 3.0247 3.042 3.0652 3.0893 3.1236 3.141 3.158 3.1709
NaN NaN NaN NaN NaN NaN NaN NaN 1.4017 1.4753 1.5724 1.6846 1.7912 1.8921 1.9906 2.0697 2.2691 2.3506 2.4308 2.5083 2.5845 2.6523 2.7204 2.7772 2.8272 2.8858 2.9109 2.8593 2.9835 3.0005 3.0168 3.0458 3.0751 3.1037 3.122 3.1376 3.1495
NaN NaN NaN NaN NaN NaN NaN NaN 1.4417 1.5357 1.6266 1.721 1.8061 1.891 1.9846 2.0798 2.247 2.3256 2.4046 2.4791 2.5502 2.6255 2.6931 2.7567 2.8214 2.8975 2.9548 2.906 2.9797 2.9888 3.0038 3.035 3.0586 3.0888 3.1105 3.1072 3.1361
NaN NaN NaN NaN NaN NaN NaN NaN NaN 1.6118 1.6863 1.7591 1.8242 1.8977 1.9885 2.094 2.2371 2.3054 2.3814 2.4515 2.523 2.5996 2.6703 2.7367 2.8043 2.876 2.9171 2.8705 2.959 2.9736 2.9881 3.0196 3.043 3.0713 3.0958 3.0865 3.1201
NaN NaN NaN NaN NaN NaN NaN NaN NaN 1.6676 1.7372 1.7769 1.8231 1.8985 1.9935 2.105 2.2335 2.2995 2.3646 2.43 2.506 2.5831 2.6519 2.7202 2.7862 2.8514 2.8841 2.8477 2.9364 2.9558 2.9752 3.0053 3.0281 3.0568 3.0794 3.0805 3.1038
NaN NaN NaN NaN NaN NaN NaN NaN NaN NaN 1.7419 1.771 1.815 1.9068 2.0052 2.1171 2.2328 2.2925 2.3521 2.4196 2.4912 2.5651 2.6331 2.6971 2.7642 2.8237 2.8524 2.8288 2.9134 2.9361 2.962 2.9911 3.016 3.0423 3.0611 3.062 3.0842
NaN NaN NaN NaN NaN NaN NaN NaN NaN NaN NaN 1.7764 1.8253 1.9227 2.0222 2.1295 2.2284 2.2803 2.341 2.4076 2.4782 2.5482 2.616 2.6792 2.7429 2.7996 2.8267 2.8158 2.8923 2.918 2.9476 2.9768 3.001 3.0277 3.0408 3.0433 3.0644
NaN NaN NaN NaN NaN NaN NaN NaN NaN NaN NaN 1.7823 1.8463 1.9321 2.0238 2.1227 2.2119 2.2602 2.3166 2.3905 2.4647 2.5314 2.5982 2.6598 2.7213 2.7752 2.804 2.8007 2.8708 2.8986 2.9338 2.9621 2.9846 3.0077 3.0202 3.0265 3.0443
NaN NaN NaN NaN NaN NaN NaN NaN NaN NaN NaN NaN 1.8211 1.9222 1.9954 2.0977 2.1891 2.2411 2.2996 2.3731 2.4486 2.5138 2.5798 2.6391 2.7011 2.7533 2.7831 2.7898 2.8509 2.881 2.9181 2.9474 2.9711 2.9912 3.003 3.0094 3.0227
NaN NaN NaN NaN NaN NaN NaN NaN NaN NaN NaN NaN NaN 1.9119 1.9787 2.0911 2.1882 2.2318 2.2878 2.3617 2.4344 2.4996 2.5647 2.6232 2.681 2.7342 2.7624 2.7772 2.8335 2.8619 2.9039 2.9321 2.9561 2.9742 2.9852 2.9928 3.0013
NaN NaN NaN NaN NaN NaN NaN NaN NaN NaN NaN NaN NaN NaN 1.9408 2.0575 2.1801 2.2028 2.2631 2.3462 2.4001 2.478 2.542 2.6024 2.664 2.7129 2.7454 2.7673 2.8147 2.8462 2.8897 2.9186 2.9417 2.9576 2.9682 2.9742 2.9839
NaN NaN NaN NaN NaN NaN NaN NaN NaN NaN NaN NaN NaN NaN NaN 1.995 2.0946 2.1796 2.2411 2.3255 2.3781 2.4592 2.5222 2.582 2.6415 2.6931 2.7251 2.7587 2.7852 2.8237 2.8742 2.9055 2.928 2.9419 2.9533 2.9599 2.9646
NaN NaN NaN NaN NaN NaN NaN NaN NaN NaN NaN NaN NaN NaN NaN NaN NaN 2.107 2.2311 2.3067 2.3321 2.4311 2.492 2.5467 2.6071 2.6725 2.7088 2.7518 2.7787 2.8172 2.8607 2.8925 2.9138 2.926 2.9388 2.9436 2.9471
NaN NaN NaN NaN NaN NaN NaN NaN NaN NaN NaN NaN NaN NaN NaN NaN NaN NaN 2.0904 2.1946 2.2938 2.4038 2.4714 2.5181 2.5666 2.6487 2.6947 2.7217 2.7618 2.8026 2.8471 2.8807 2.902 2.9122 2.9232 2.9279 2.9297
NaN NaN NaN NaN NaN NaN NaN NaN NaN NaN NaN NaN NaN NaN NaN NaN NaN NaN NaN NaN 2.1127 2.2532 2.4216 2.4738 2.5002 2.6148 2.6702 2.6822 2.7407 2.783 2.8379 2.8705 2.8876 2.8974 2.9059 2.9106 2.9137
NaN NaN NaN NaN NaN NaN NaN NaN NaN NaN NaN NaN NaN NaN NaN NaN NaN NaN NaN NaN NaN NaN 2.0769 2.1652 2.3531 2.5738 2.6321 2.6265 2.7134 2.7459 2.7864 2.8514 2.8682 2.8765 2.8833 2.8874 2.8904
NaN NaN NaN NaN NaN NaN NaN NaN NaN NaN NaN NaN NaN NaN NaN NaN NaN NaN NaN NaN NaN NaN NaN NaN 2.0328 2.3118 2.5384 2.546 2.6397 2.6894 2.6976 2.7935 2.8283 2.8244 2.8458 2.8584 2.8449
NaN NaN NaN NaN NaN NaN NaN NaN NaN NaN NaN NaN NaN NaN NaN NaN NaN NaN NaN NaN NaN NaN NaN NaN NaN NaN 2.1956 2.3008 2.5208 2.6569 2.601 2.701 2.7443 2.7162 2.7792 2.7878 2.7939
NaN NaN NaN NaN NaN NaN NaN NaN NaN NaN NaN NaN NaN NaN NaN NaN NaN NaN NaN NaN NaN NaN NaN NaN NaN NaN NaN NaN 2.0289 2.1574 2.2929 2.4066 2.6015 2.5554 2.5499 2.3678 1.4952
NaN NaN NaN NaN NaN NaN NaN NaN NaN NaN NaN NaN NaN NaN NaN NaN NaN NaN NaN NaN NaN NaN NaN NaN NaN NaN NaN NaN NaN NaN 1.7473 2.14 2.3461 2.194 1.2549 NaN NaN
NaN NaN NaN NaN NaN NaN NaN NaN NaN NaN NaN NaN NaN NaN NaN NaN NaN NaN NaN NaN NaN NaN NaN NaN NaN NaN NaN NaN NaN NaN NaN NaN 1.8283 0.92998 NaN NaN NaN
NaN NaN NaN NaN NaN NaN NaN NaN NaN NaN NaN NaN NaN NaN NaN NaN NaN NaN NaN NaN NaN NaN NaN NaN NaN NaN NaN NaN NaN NaN NaN NaN NaN NaN NaN NaN NaN
NaN NaN NaN NaN NaN NaN NaN NaN NaN NaN NaN NaN NaN NaN NaN NaN NaN NaN NaN NaN NaN NaN NaN NaN NaN NaN NaN NaN NaN NaN NaN NaN NaN NaN NaN NaN NaN
NaN NaN NaN NaN NaN NaN NaN NaN NaN NaN NaN NaN NaN NaN NaN NaN NaN NaN NaN NaN NaN NaN NaN NaN NaN NaN NaN NaN NaN NaN NaN NaN NaN NaN NaN NaN NaN
