NaN NaN NaN NaN NaN NaN NaN NaN NaN NaN 1.461 1.5732 1.5469 1.6035 1.6022 1.5353 1.4928 1.4852 1.4981 1.5205 1.5435 1.5536 1.5655 1.5793 1.583 1.5953 1.6004 1.6125 1.6207 1.6271 1.635 1.6422 1.6555 1.6701 1.6839 1.6912 1.6967
NaN NaN NaN NaN NaN NaN NaN NaN NaN NaN NaN NaN NaN NaN 1.5734 1.5066 1.466 1.4674 1.4877 1.5104 1.5328 1.546 1.5607 1.5741 1.5786 1.5903 1.5962 1.6071 1.6154 1.6209 1.6291 1.6343 1.6479 1.6647 1.6766 1.6839 1.6891
NaN NaN NaN NaN NaN NaN NaN NaN 0.38758 0.35591 0.33533 0.30881 0.27527 0.24467 1.5833 1.4664 1.4507 1.4583 1.4812 1.5037 1.5251 1.5399 1.5552 1.5662 1.5745 1.5845 1.5907 1.6012 1.6097 1.6147 1.6211 1.6254 1.6402 1.6577 1.6682 1.6755 1.6798
NaN NaN NaN NaN NaN NaN NaN NaN 0.71803 0.76446 0.81743 0.89198 0.99874 1.1794 1.5109 1.3817 1.4267 1.4477 1.4728 1.4942 1.5166 1.5308 1.5471 1.5581 1.5676 1.5779 1.5851 1.5948 1.6032 1.609 1.6139 1.619 1.6348 1.6494 1.6584 1.6653 1.6701
NaN NaN NaN NaN NaN NaN NaN NaN 0.92433 0.96085 1.002 1.0602 1.1475 1.2665 1.4046 1.3196 1.4023 1.4323 1.4595 1.4829 1.5048 1.5207 1.5368 1.5487 1.5587 1.569 1.5764 1.5856 1.5941 1.5994 1.6027 1.609 1.6229 1.6401 1.6494 1.6559 1.6615
NaN NaN NaN NaN NaN NaN NaN NaN 0.94738 0.97844 1.0252 1.0889 1.1723 1.2602 1.3354 1.2927 1.3788 1.4134 1.4437 1.4693 1.4917 1.5084 1.5247 1.5372 1.5485 1.5586 1.5672 1.5759 1.5835 1.5903 1.5936 1.6008 1.6145 1.6312 1.6401 1.6471 1.6516
NaN NaN NaN NaN NaN NaN NaN NaN 0.9815 1.0112 1.0602 1.1243 1.1909 1.25 1.2952 1.2823 1.3608 1.3928 1.4248 1.4535 1.477 1.4954 1.5131 1.527 1.5402 1.5505 1.5596 1.5699 1.5782 1.5854 1.5908 1.5999 1.6098 1.625 1.6325 1.6387 1.6428
NaN NaN NaN NaN NaN NaN NaN NaN 0.99205 1.0313 1.082 1.1386 1.1888 1.233 1.2713 1.2812 1.3487 1.3805 1.4088 1.4343 1.4571 1.4744 1.491 1.5038 1.5156 1.5355 1.5412 1.5117 1.5685 1.576 1.5805 1.5922 1.6047 1.6167 1.6246 1.6302 1.6338
NaN NaN NaN NaN NaN NaN NaN NaN 0.9962 1.0538 1.1 1.1462 1.1853 1.2222 1.2594 1.2825 1.3396 1.3706 1.4001 1.4261 1.4489 1.4726 1.4916 1.5104 1.5322 1.5613 1.581 1.547 1.5682 1.5724 1.5773 1.59 1.5997 1.6124 1.6217 1.6175 1.6291
NaN NaN NaN NaN NaN NaN NaN NaN NaN 1.092 1.1272 1.1608 1.1894 1.2209 1.2568 1.2876 1.3359 1.3615 1.3899 1.4152 1.4398 1.4649 1.4862 1.5054 1.5267 1.5505 1.5607 1.5314 1.5618 1.5678 1.5727 1.5858 1.5958 1.6076 1.6182 1.6107 1.6233
NaN NaN NaN NaN NaN NaN NaN NaN NaN 1.1173 1.1513 1.1644 1.1833 1.2164 1.2557 1.2923 1.3372 1.362 1.3851 1.4093 1.4373 1.4631 1.4835 1.5032 1.5225 1.5422 1.5491 1.5267 1.557 1.5642 1.5713 1.5835 1.5932 1.6051 1.6141 1.612 1.6186
NaN NaN NaN NaN NaN NaN NaN NaN NaN NaN 1.1491 1.1548 1.1741 1.218 1.2596 1.2981 1.3388 1.3609 1.3826 1.4081 1.4336 1.4581 1.4784 1.496 1.5157 1.5329 1.5387 1.5234 1.5522 1.5599 1.5696 1.5806 1.5907 1.601 1.6075 1.6055 1.6118
NaN NaN NaN NaN NaN NaN NaN NaN NaN NaN NaN 1.1588 1.1787 1.2247 1.2666 1.3034 1.3372 1.3562 1.3796 1.405 1.4304 1.4535 1.4741 1.4916 1.5096 1.5259 1.5314 1.5223 1.5477 1.556 1.5664 1.5768 1.5859 1.5962 1.5996 1.5984 1.6042
NaN NaN NaN NaN NaN NaN NaN NaN NaN NaN NaN 1.1633 1.1865 1.224 1.2608 1.2946 1.3261 1.3448 1.3679 1.398 1.4254 1.4472 1.4678 1.485 1.5023 1.5176 1.5243 1.5186 1.5419 1.5507 1.5628 1.5722 1.58 1.5883 1.5915 1.5918 1.596
NaN NaN NaN NaN NaN NaN NaN NaN NaN NaN NaN NaN 1.1728 1.2206 1.2366 1.2762 1.3125 1.3356 1.3614 1.3907 1.4181 1.4397 1.4605 1.4771 1.4953 1.5104 1.5176 1.5165 1.5361 1.5455 1.5578 1.5675 1.5754 1.5816 1.5841 1.5841 1.586
NaN NaN NaN NaN NaN NaN NaN NaN NaN NaN NaN NaN NaN 1.2422 1.2529 1.2736 1.3147 1.3341 1.3581 1.3867 1.412 1.4339 1.4544 1.471 1.4874 1.5034 1.5098 1.5122 1.5305 1.5388 1.5529 1.5616 1.5691 1.574 1.5759 1.5761 1.5756
NaN NaN NaN NaN NaN NaN NaN NaN NaN NaN NaN NaN NaN NaN 1.2618 1.2923 1.3074 1.3168 1.3435 1.3759 1.3941 1.4224 1.4431 1.4616 1.4807 1.4948 1.5035 1.5089 1.5236 1.5333 1.5478 1.5565 1.563 1.5667 1.5681 1.5673 1.5675
NaN NaN NaN NaN NaN NaN NaN NaN NaN NaN NaN NaN NaN NaN NaN 1.2969 1.3066 1.3006 1.3283 1.3647 1.3843 1.4126 1.4329 1.4513 1.4696 1.4857 1.4942 1.505 1.5102 1.5232 1.5415 1.5514 1.5573 1.5598 1.5614 1.5606 1.5583
NaN NaN NaN NaN NaN NaN NaN NaN NaN NaN NaN NaN NaN NaN NaN NaN NaN 1.3131 1.3269 1.3497 1.3592 1.3953 1.4153 1.4324 1.4532 1.4775 1.4888 1.5034 1.5096 1.5213 1.5355 1.5456 1.5509 1.5524 1.5544 1.5526 1.5498
NaN NaN NaN NaN NaN NaN NaN NaN NaN NaN NaN NaN NaN NaN NaN NaN NaN NaN 1.3263 1.3586 1.3428 1.3793 1.4037 1.4173 1.4329 1.4659 1.4818 1.4873 1.501 1.5146 1.5295 1.5403 1.5455 1.5459 1.5467 1.5448 1.5415
NaN NaN NaN NaN NaN NaN NaN NaN NaN NaN NaN NaN NaN NaN NaN NaN NaN NaN NaN NaN 1.3348 1.3966 1.3998 1.3933 1.3991 1.4482 1.4689 1.4672 1.4903 1.5058 1.5258 1.5357 1.5385 1.5385 1.538 1.5363 1.5342
NaN NaN NaN NaN NaN NaN NaN NaN NaN NaN NaN NaN NaN NaN NaN NaN NaN NaN NaN NaN NaN NaN 1.4074 1.4094 1.3885 1.4284 1.4485 1.4387 1.4746 1.4859 1.4989 1.5259 1.529 1.5277 1.5263 1.5246 1.5231
NaN NaN NaN NaN NaN NaN NaN NaN NaN NaN NaN NaN NaN NaN NaN NaN NaN NaN NaN NaN NaN NaN NaN NaN 1.3828 1.4098 1.4032 1.3912 1.4317 1.4534 1.4528 1.4949 1.5084 1.5005 1.5061 1.5098 1.5005
NaN NaN NaN NaN NaN NaN NaN NaN NaN NaN NaN NaN NaN NaN NaN NaN NaN NaN NaN NaN NaN NaN NaN NaN NaN NaN 1.3835 1.4001 1.4144 1.4381 1.4107 1.4415 1.4614 1.4437 1.4707 1.475 1.4761
NaN NaN NaN NaN NaN NaN NaN NaN NaN NaN NaN NaN NaN NaN NaN NaN NaN NaN NaN NaN NaN NaN NaN NaN NaN NaN NaN NaN 1.3762 1.4524 1.4112 1.4195 1.3979 1.3342 1.3041 1.1683 0.55954
NaN NaN NaN NaN NaN NaN NaN NaN NaN NaN NaN NaN NaN NaN NaN NaN NaN NaN NaN NaN NaN NaN NaN NaN NaN NaN NaN NaN NaN NaN 1.3525 1.3503 1.2664 1.0864 0.46862 NaN NaN
NaN NaN NaN NaN NaN NaN NaN NaN NaN NaN NaN NaN NaN NaN NaN NaN NaN NaN NaN NaN NaN NaN NaN NaN NaN NaN NaN NaN NaN NaN NaN NaN 0.98829 0.35168 NaN NaN NaN
NaN NaN NaN NaN NaN NaN NaN NaN NaN NaN NaN NaN NaN NaN NaN NaN NaN NaN NaN NaN NaN NaN NaN NaN NaN NaN NaN NaN NaN NaN NaN NaN NaN NaN NaN NaN NaN
NaN NaN NaN NaN NaN NaN NaN NaN NaN NaN NaN NaN NaN NaN NaN NaN NaN NaN NaN NaN NaN NaN NaN NaN NaN NaN NaN NaN NaN NaN NaN NaN NaN NaN NaN NaN NaN
NaN NaN NaN NaN NaN NaN NaN NaN NaN NaN NaN NaN NaN NaN NaN NaN NaN NaN NaN NaN NaN NaN NaN NaN NaN NaN NaN NaN NaN NaN NaN NaN NaN NaN NaN NaN NaN
