NaN NaN NaN NaN NaN NaN NaN NaN NaN NaN 1.3385 1.4199 1.3863 1.4271 1.4242 1.3665 1.3324 1.3281 1.3401 1.3587 1.3771 1.3851 1.3943 1.4052 1.4076 1.4168 1.4204 1.4298 1.4358 1.4399 1.4455 1.4507 1.4615 1.474 1.4856 1.4916 1.4959
NaN NaN NaN NaN NaN NaN NaN NaN NaN NaN NaN NaN NaN NaN 1.422 1.3504 1.3123 1.3157 1.3333 1.3513 1.3687 1.3791 1.3903 1.4004 1.4033 1.4119 1.4161 1.4244 1.4304 1.4338 1.4396 1.4434 1.4546 1.469 1.479 1.4849 1.4889
NaN NaN NaN NaN NaN NaN NaN NaN 0.3824 0.35206 0.3328 0.30763 0.27545 0.24626 1.4324 1.3234 1.3032 1.3112 1.33 1.3472 1.3631 1.3742 1.3854 1.393 1.3989 1.4059 1.4103 1.4181 1.4243 1.4273 1.4318 1.4349 1.4473 1.4623 1.471 1.4769 1.4802
NaN NaN NaN NaN NaN NaN NaN NaN 0.69067 0.73277 0.77965 0.84488 0.93684 1.0907 1.3656 1.2514 1.2837 1.3035 1.3237 1.3397 1.3563 1.3664 1.3779 1.3853 1.3919 1.399 1.4042 1.4113 1.4174 1.4213 1.4245 1.4284 1.4416 1.4541 1.4615 1.4671 1.4708
NaN NaN NaN NaN NaN NaN NaN NaN 0.87454 0.90623 0.94108 0.98995 1.0628 1.1603 1.2694 1.1974 1.2627 1.2902 1.3121 1.3299 1.346 1.3573 1.3682 1.3761 1.3827 1.3897 1.3949 1.4015 1.4078 1.4115 1.4134 1.4186 1.4303 1.4452 1.453 1.4581 1.4624
NaN NaN NaN NaN NaN NaN NaN NaN 0.88817 0.91454 0.95441 1.0083 1.0781 1.1498 1.2089 1.1742 1.2423 1.2732 1.2979 1.3177 1.3342 1.3459 1.3569 1.365 1.3725 1.3793 1.3856 1.3919 1.3975 1.4025 1.4048 1.4107 1.4223 1.4366 1.4441 1.4496 1.453
NaN NaN NaN NaN NaN NaN NaN NaN 0.91525 0.9404 0.98215 1.0365 1.0918 1.1395 1.1752 1.165 1.2269 1.2547 1.281 1.3037 1.3212 1.3344 1.3466 1.356 1.365 1.3719 1.3785 1.3863 1.3926 1.3981 1.4021 1.4097 1.4177 1.4307 1.4371 1.4421 1.4452
NaN NaN NaN NaN NaN NaN NaN NaN 0.92126 0.95515 0.99841 1.0462 1.0877 1.1237 1.155 1.1636 1.2164 1.2435 1.266 1.2855 1.3022 1.3142 1.3252 1.3333 1.341 1.3571 1.3615 1.3327 1.3825 1.3895 1.393 1.4027 1.4132 1.4233 1.4301 1.4347 1.4375
NaN NaN NaN NaN NaN NaN NaN NaN 0.92106 0.97334 1.0125 1.0515 1.0841 1.1145 1.1457 1.1646 1.2093 1.236 1.2598 1.2798 1.2969 1.3152 1.3291 1.3431 1.3601 1.3841 1.3998 1.3665 1.3819 1.3865 1.3904 1.4011 1.4091 1.4199 1.4281 1.4239 1.4336
NaN NaN NaN NaN NaN NaN NaN NaN NaN 1.0069 1.0365 1.0645 1.0884 1.1146 1.1446 1.1692 1.2066 1.2287 1.2518 1.2714 1.2898 1.309 1.3248 1.339 1.3549 1.3733 1.3807 1.3529 1.3765 1.3826 1.3868 1.3978 1.4063 1.4164 1.4257 1.4187 1.4289
NaN NaN NaN NaN NaN NaN NaN NaN NaN 1.028 1.0574 1.0677 1.0835 1.1112 1.1444 1.1737 1.2089 1.2301 1.2492 1.2683 1.2891 1.3086 1.3235 1.3379 1.3518 1.3665 1.3715 1.3503 1.3734 1.3802 1.3865 1.3966 1.4049 1.4151 1.4228 1.4206 1.4254
NaN NaN NaN NaN NaN NaN NaN NaN NaN NaN 1.0548 1.059 1.0758 1.1134 1.1486 1.1793 1.2111 1.2302 1.2485 1.2687 1.2871 1.305 1.3198 1.3321 1.3464 1.3591 1.3634 1.3488 1.3703 1.3775 1.3857 1.3947 1.4032 1.4118 1.4173 1.4154 1.42
NaN NaN NaN NaN NaN NaN NaN NaN NaN NaN NaN 1.0641 1.081 1.1201 1.1553 1.1842 1.2102 1.227 1.2468 1.2671 1.2856 1.3019 1.3169 1.3291 1.3419 1.3539 1.3581 1.3488 1.3676 1.3749 1.3833 1.3917 1.3992 1.4078 1.4107 1.4094 1.4137
NaN NaN NaN NaN NaN NaN NaN NaN NaN NaN NaN 1.068 1.0878 1.1188 1.1492 1.1756 1.2002 1.2168 1.2368 1.2618 1.2822 1.2973 1.3119 1.3239 1.3361 1.3474 1.3527 1.3463 1.3634 1.3708 1.3805 1.3878 1.3942 1.401 1.4037 1.4038 1.4066
NaN NaN NaN NaN NaN NaN NaN NaN NaN NaN NaN NaN 1.0717 1.1129 1.1262 1.1586 1.1883 1.2093 1.2315 1.2557 1.2765 1.2914 1.306 1.3175 1.3305 1.3418 1.3475 1.345 1.3591 1.3668 1.3764 1.3839 1.3902 1.3951 1.3972 1.3968 1.3977
NaN NaN NaN NaN NaN NaN NaN NaN NaN NaN NaN NaN NaN 1.1333 1.1418 1.1575 1.1915 1.2089 1.2292 1.2525 1.2718 1.2869 1.3012 1.3126 1.324 1.3361 1.341 1.3415 1.3547 1.3612 1.3722 1.3787 1.3844 1.3882 1.3896 1.3895 1.3883
NaN NaN NaN NaN NaN NaN NaN NaN NaN NaN NaN NaN NaN NaN 1.1494 1.174 1.1847 1.1932 1.2158 1.2422 1.2556 1.277 1.2916 1.3046 1.3185 1.329 1.3358 1.3388 1.3491 1.3567 1.3677 1.3741 1.3789 1.3816 1.3827 1.3815 1.381
NaN NaN NaN NaN NaN NaN NaN NaN NaN NaN NaN NaN NaN NaN NaN 1.1775 1.1838 1.1782 1.2015 1.2316 1.2474 1.2684 1.2827 1.2956 1.3089 1.3211 1.3276 1.3353 1.3374 1.3477 1.3622 1.3696 1.3738 1.3754 1.3765 1.3754 1.3727
NaN NaN NaN NaN NaN NaN NaN NaN NaN NaN NaN NaN NaN NaN NaN NaN NaN 1.1887 1.1993 1.2169 1.2243 1.2527 1.2668 1.2789 1.2947 1.3144 1.3235 1.3342 1.3373 1.346 1.3568 1.3644 1.3679 1.3686 1.3701 1.368 1.365
NaN NaN NaN NaN NaN NaN NaN NaN NaN NaN NaN NaN NaN NaN NaN NaN NaN NaN 1.1965 1.2222 1.2089 1.2385 1.2564 1.2656 1.277 1.3042 1.3171 1.3194 1.3295 1.34 1.3515 1.3595 1.363 1.3626 1.3629 1.3609 1.3576
NaN NaN NaN NaN NaN NaN NaN NaN NaN NaN NaN NaN NaN NaN NaN NaN NaN NaN NaN NaN 1.2003 1.2509 1.2517 1.2435 1.2476 1.2885 1.3055 1.3015 1.3199 1.3324 1.3481 1.3554 1.3566 1.3559 1.355 1.3532 1.3511
NaN NaN NaN NaN NaN NaN NaN NaN NaN NaN NaN NaN NaN NaN NaN NaN NaN NaN NaN NaN NaN NaN 1.2598 1.2571 1.2384 1.27 1.2865 1.2761 1.3056 1.3145 1.3241 1.3464 1.3481 1.3461 1.3444 1.3428 1.3415
NaN NaN NaN NaN NaN NaN NaN NaN NaN NaN NaN NaN NaN NaN NaN NaN NaN NaN NaN NaN NaN NaN NaN NaN 1.237 1.2516 1.2427 1.2315 1.2657 1.2844 1.283 1.3186 1.3298 1.3217 1.3263 1.3299 1.3219
NaN NaN NaN NaN NaN NaN NaN NaN NaN NaN NaN NaN NaN NaN NaN NaN NaN NaN NaN NaN NaN NaN NaN NaN NaN NaN 1.2319 1.2386 1.2486 1.2689 1.2427 1.2692 1.2872 1.2713 1.2951 1.3 1.301
NaN NaN NaN NaN NaN NaN NaN NaN NaN NaN NaN NaN NaN NaN NaN NaN NaN NaN NaN NaN NaN NaN NaN NaN NaN NaN NaN NaN 1.2247 1.2827 1.2398 1.2447 1.2247 1.1666 1.1351 1.0066 0.42844
NaN NaN NaN NaN NaN NaN NaN NaN NaN NaN NaN NaN NaN NaN NaN NaN NaN NaN NaN NaN NaN NaN NaN NaN NaN NaN NaN NaN NaN NaN 1.2266 1.1786 1.0983 0.93185 0.35703 NaN NaN
NaN NaN NaN NaN NaN NaN NaN NaN NaN NaN NaN NaN NaN NaN NaN NaN NaN NaN NaN NaN NaN NaN NaN NaN NaN NaN NaN NaN NaN NaN NaN NaN 0.85301 0.26818 NaN NaN NaN
NaN NaN NaN NaN NaN NaN NaN NaN NaN NaN NaN NaN NaN NaN NaN NaN NaN NaN NaN NaN NaN NaN NaN NaN NaN NaN NaN NaN NaN NaN NaN NaN NaN NaN NaN NaN NaN
NaN NaN NaN NaN NaN NaN NaN NaN NaN NaN NaN NaN NaN NaN NaN NaN NaN NaN NaN NaN NaN NaN NaN NaN NaN NaN NaN NaN NaN NaN NaN NaN NaN NaN NaN NaN NaN
NaN NaN NaN NaN NaN NaN NaN NaN NaN NaN NaN NaN NaN NaN NaN NaN NaN NaN NaN NaN NaN NaN NaN NaN NaN NaN NaN NaN NaN NaN NaN NaN NaN NaN NaN NaN NaN
