NaN NaN NaN NaN NaN NaN NaN NaN NaN NaN 1.6629 1.9149 1.9501 2.0894 2.1151 2.0887 2.04 2.0338 2.0646 2.1111 2.1608 2.1846 2.2103 2.2373 2.2458 2.2693 2.2802 2.3036 2.3216 2.3383 2.3576 2.374 2.399 2.4235 2.4474 2.4614 2.4731
NaN NaN NaN NaN NaN NaN NaN NaN NaN NaN NaN NaN NaN NaN 1.8947 1.9511 1.9647 1.9721 2.0188 2.0728 2.1268 2.1601 2.1941 2.2248 2.2378 2.2622 2.2746 2.297 2.3153 2.3307 2.35 2.3625 2.387 2.4143 2.4353 2.4494 2.461
NaN NaN NaN NaN NaN NaN NaN NaN 0.31313 0.28272 0.26034 0.23295 0.19939 0.16575 1.9004 1.8414 1.9077 1.9265 1.9803 2.0382 2.0951 2.1359 2.1761 2.2074 2.2296 2.2534 2.2678 2.2905 2.3097 2.3239 2.3401 2.3506 2.3764 2.4043 2.423 2.4375 2.448
NaN NaN NaN NaN NaN NaN NaN NaN 0.67106 0.72866 0.79957 0.90231 1.0556 1.3203 1.832 1.7168 1.8558 1.8899 1.9482 2.0054 2.0657 2.1092 2.1547 2.1892 2.2165 2.2426 2.2605 2.283 2.3024 2.3176 2.3316 2.3429 2.37 2.3939 2.4102 2.4242 2.4354
NaN NaN NaN NaN NaN NaN NaN NaN 0.93276 0.98482 1.0481 1.1391 1.2773 1.4724 1.716 1.6288 1.8106 1.8564 1.9167 1.9755 2.0352 2.0833 2.1317 2.1701 2.2012 2.2296 2.2498 2.2724 2.2926 2.3071 2.318 2.3305 2.3537 2.3812 2.3976 2.411 2.4234
NaN NaN NaN NaN NaN NaN NaN NaN 0.99837 1.0461 1.1167 1.2152 1.3466 1.4937 1.6309 1.5894 1.7695 1.8234 1.886 1.9463 2.006 2.0567 2.107 2.1479 2.1832 2.213 2.2365 2.2589 2.2781 2.2944 2.3047 2.3183 2.3414 2.3687 2.3845 2.3989 2.4098
NaN NaN NaN NaN NaN NaN NaN NaN 1.0609 1.1075 1.1819 1.2811 1.3886 1.4916 1.5766 1.5753 1.7384 1.7911 1.8538 1.9161 1.9755 2.0284 2.0811 2.125 2.1645 2.1953 2.2204 2.2457 2.2664 2.2841 2.2972 2.3146 2.3329 2.359 2.3726 2.3858 2.3958
NaN NaN NaN NaN NaN NaN NaN NaN 1.0934 1.1517 1.2288 1.3173 1.4001 1.4769 1.545 1.5764 1.7169 1.7716 1.8301 1.8881 1.9462 1.9984 2.0508 2.0948 2.1334 2.1791 2.1999 2.1558 2.2524 2.2659 2.2783 2.3001 2.3223 2.3443 2.3586 2.3707 2.38
NaN NaN NaN NaN NaN NaN NaN NaN 1.1202 1.1927 1.2642 1.3374 1.4019 1.4644 1.5281 1.5794 1.6987 1.7521 1.8097 1.8654 1.9196 1.9775 2.0295 2.0785 2.1279 2.1866 2.2315 2.1911 2.2493 2.2572 2.2686 2.2922 2.3101 2.3332 2.3503 2.3479 2.3702
NaN NaN NaN NaN NaN NaN NaN NaN NaN 1.2465 1.3035 1.3592 1.4072 1.4607 1.5226 1.5871 1.69 1.7364 1.7919 1.8443 1.8988 1.9577 2.012 2.0631 2.1149 2.1704 2.2034 2.1651 2.2334 2.2457 2.2569 2.2807 2.2984 2.3202 2.3395 2.3324 2.3584
NaN NaN NaN NaN NaN NaN NaN NaN NaN 1.2888 1.3401 1.3668 1.4 1.4549 1.5205 1.5931 1.6862 1.7317 1.7789 1.8277 1.8855 1.9448 1.9978 2.0503 2.101 2.1517 2.1785 2.1482 2.2162 2.2322 2.2472 2.27 2.2873 2.3093 2.3272 2.328 2.3463
NaN NaN NaN NaN NaN NaN NaN NaN NaN NaN 1.3428 1.3575 1.3885 1.4562 1.5249 1.6004 1.6847 1.726 1.7693 1.8196 1.8741 1.931 1.9834 2.0327 2.0843 2.1308 2.1546 2.1343 2.1987 2.2172 2.2373 2.2593 2.2782 2.2985 2.3135 2.3144 2.3317
NaN NaN NaN NaN NaN NaN NaN NaN NaN NaN NaN 1.3575 1.3913 1.4641 1.5344 1.6085 1.6807 1.7168 1.761 1.8106 1.8642 1.9181 1.9704 2.0191 2.0682 2.1126 2.1351 2.1247 2.1827 2.2034 2.2263 2.2487 2.2671 2.2877 2.2984 2.3006 2.317
NaN NaN NaN NaN NaN NaN NaN NaN NaN NaN NaN 1.3662 1.4037 1.4683 1.5337 1.6027 1.6682 1.702 1.7428 1.7978 1.854 1.9053 1.9569 2.0044 2.0519 2.0941 2.1178 2.1136 2.1665 2.1888 2.2159 2.2376 2.2549 2.2729 2.2831 2.2882 2.3021
NaN NaN NaN NaN NaN NaN NaN NaN NaN NaN NaN NaN 1.407 1.479 1.5111 1.5835 1.6508 1.6876 1.73 1.7846 1.8419 1.8921 1.9431 1.9888 2.0367 2.0776 2.102 2.1056 2.1516 2.1755 2.2042 2.2267 2.2449 2.2606 2.2704 2.2756 2.2862
NaN NaN NaN NaN NaN NaN NaN NaN NaN NaN NaN NaN NaN 1.5035 1.5281 1.5764 1.6493 1.6803 1.7211 1.7761 1.8313 1.8815 1.9318 1.977 2.0216 2.0633 2.0863 2.0964 2.1387 2.1612 2.1936 2.2153 2.2337 2.248 2.2572 2.2633 2.2704
NaN NaN NaN NaN NaN NaN NaN NaN NaN NaN NaN NaN NaN NaN 1.5427 1.6016 1.6414 1.6567 1.7024 1.7649 1.8055 1.8654 1.9148 1.9613 2.0089 2.0473 2.0736 2.0892 2.1247 2.1494 2.183 2.2053 2.2231 2.2357 2.2446 2.2496 2.2575
NaN NaN NaN NaN NaN NaN NaN NaN NaN NaN NaN NaN NaN NaN NaN 1.6111 1.6406 1.6397 1.6857 1.7495 1.7889 1.8512 1.8999 1.9461 1.9921 2.0326 2.0584 2.0833 2.1026 2.1325 2.1714 2.1955 2.213 2.224 2.2335 2.2391 2.2433
NaN NaN NaN NaN NaN NaN NaN NaN NaN NaN NaN NaN NaN NaN NaN NaN NaN 1.656 1.6881 1.7351 1.7568 1.8309 1.8775 1.9195 1.9661 2.017 2.046 2.0783 2.0978 2.1277 2.1614 2.186 2.2025 2.2123 2.2228 2.2271 2.2303
NaN NaN NaN NaN NaN NaN NaN NaN NaN NaN NaN NaN NaN NaN NaN NaN NaN NaN 1.6909 1.7526 1.7369 1.8099 1.8616 1.8976 1.9352 1.9992 2.0357 2.0554 2.0854 2.1169 2.1514 2.1773 2.1938 2.2021 2.2113 2.2155 2.2174
NaN NaN NaN NaN NaN NaN NaN NaN NaN NaN NaN NaN NaN NaN NaN NaN NaN NaN NaN NaN 1.7192 1.8295 1.8604 1.8648 1.8843 1.9738 2.0173 2.0253 2.0696 2.1022 2.1446 2.1699 2.1832 2.1912 2.1984 2.2027 2.2057
NaN NaN NaN NaN NaN NaN NaN NaN NaN NaN NaN NaN NaN NaN NaN NaN NaN NaN NaN NaN NaN NaN 1.788 1.8349 1.8613 1.9437 1.9876 1.9828 2.0494 2.0747 2.1058 2.1558 2.1689 2.1758 2.1817 2.1855 2.1884
NaN NaN NaN NaN NaN NaN NaN NaN NaN NaN NaN NaN NaN NaN NaN NaN NaN NaN NaN NaN NaN NaN NaN NaN 1.7647 1.9002 1.9391 1.9264 1.9943 2.0319 2.0381 2.1123 2.1395 2.1365 2.1538 2.1644 2.1548
NaN NaN NaN NaN NaN NaN NaN NaN NaN NaN NaN NaN NaN NaN NaN NaN NaN NaN NaN NaN NaN NaN NaN NaN NaN NaN 1.833 1.9064 1.9679 2.0242 1.9836 2.0432 2.0764 2.0548 2.1044 2.1121 2.1169
NaN NaN NaN NaN NaN NaN NaN NaN NaN NaN NaN NaN NaN NaN NaN NaN NaN NaN NaN NaN NaN NaN NaN NaN NaN NaN NaN NaN 1.7638 1.8917 1.9473 1.996 2.0094 1.9375 1.9333 1.799 1.1507
NaN NaN NaN NaN NaN NaN NaN NaN NaN NaN NaN NaN NaN NaN NaN NaN NaN NaN NaN NaN NaN NaN NaN NaN NaN NaN NaN NaN NaN NaN 1.6171 1.8721 1.8658 1.671 0.96854 NaN NaN
NaN NaN NaN NaN NaN NaN NaN NaN NaN NaN NaN NaN NaN NaN NaN NaN NaN NaN NaN NaN NaN NaN NaN NaN NaN NaN NaN NaN NaN NaN NaN NaN 1.4589 0.72453 NaN NaN NaN
NaN NaN NaN NaN NaN NaN NaN NaN NaN NaN NaN NaN NaN NaN NaN NaN NaN NaN NaN NaN NaN NaN NaN NaN NaN NaN NaN NaN NaN NaN NaN NaN NaN NaN NaN NaN NaN
NaN NaN NaN NaN NaN NaN NaN NaN NaN NaN NaN NaN NaN NaN NaN NaN NaN NaN NaN NaN NaN NaN NaN NaN NaN NaN NaN NaN NaN NaN NaN NaN NaN NaN NaN NaN NaN
NaN NaN NaN NaN NaN NaN NaN NaN NaN NaN NaN NaN NaN NaN NaN NaN NaN NaN NaN NaN NaN NaN NaN NaN NaN NaN NaN NaN NaN NaN NaN NaN NaN NaN NaN NaN NaN
