NaN NaN NaN NaN NaN NaN NaN NaN NaN NaN 1.3247 1.4147 1.3837 1.4285 1.4259 1.3657 1.3278 1.3222 1.3339 1.3535 1.373 1.3813 1.3913 1.4027 1.4057 1.416 1.4201 1.4302 1.4369 1.4417 1.4481 1.4541 1.4656 1.4785 1.4906 1.497 1.5017
NaN NaN NaN NaN NaN NaN NaN NaN NaN NaN NaN NaN NaN NaN 1.4154 1.3462 1.3063 1.308 1.3258 1.3451 1.3637 1.3746 1.3867 1.3975 1.401 1.4107 1.4154 1.4244 1.4311 1.4353 1.4419 1.4462 1.4581 1.473 1.4834 1.4897 1.4941
NaN NaN NaN NaN NaN NaN NaN NaN 0.36919 0.33961 0.32074 0.29615 0.26472 0.23606 1.4249 1.315 1.2948 1.3017 1.3213 1.3399 1.3572 1.3691 1.3814 1.3898 1.3965 1.4045 1.4094 1.418 1.4249 1.4286 1.4337 1.4373 1.4504 1.4658 1.4749 1.4813 1.4849
NaN NaN NaN NaN NaN NaN NaN NaN 0.67274 0.71417 0.75996 0.82428 0.91649 1.0728 1.3569 1.2394 1.2738 1.293 1.3143 1.3317 1.3498 1.3609 1.3736 1.382 1.3893 1.3975 1.4033 1.4111 1.4178 1.4223 1.4262 1.4305 1.4444 1.4573 1.4651 1.4711 1.4751
NaN NaN NaN NaN NaN NaN NaN NaN 0.85406 0.88538 0.91975 0.96864 1.0427 1.1437 1.2586 1.1833 1.2519 1.2791 1.3022 1.3215 1.3391 1.3514 1.3638 1.3726 1.3802 1.3882 1.3941 1.4014 1.4082 1.4124 1.4149 1.4205 1.4327 1.4481 1.4562 1.4617 1.4664
NaN NaN NaN NaN NaN NaN NaN NaN 0.86729 0.89336 0.93308 0.98749 1.059 1.1335 1.1957 1.1586 1.2307 1.2617 1.2877 1.3089 1.327 1.3399 1.3522 1.3614 1.37 1.3778 1.3846 1.3916 1.3977 1.4032 1.4059 1.4122 1.4244 1.4391 1.4468 1.4528 1.4565
NaN NaN NaN NaN NaN NaN NaN NaN 0.89354 0.91832 0.96032 1.0157 1.0726 1.1223 1.1595 1.1485 1.2144 1.2427 1.2703 1.2945 1.3136 1.3279 1.3415 1.3519 1.362 1.3699 1.3772 1.3856 1.3923 1.3982 1.4027 1.4108 1.4194 1.4328 1.4393 1.4446 1.448
NaN NaN NaN NaN NaN NaN NaN NaN 0.89885 0.93273 0.97657 1.0255 1.0683 1.1054 1.1376 1.1467 1.2032 1.231 1.2551 1.2763 1.2947 1.3079 1.3203 1.3294 1.3382 1.3546 1.3585 1.3336 1.3826 1.3892 1.393 1.4033 1.4143 1.4248 1.4317 1.4365 1.4395
NaN NaN NaN NaN NaN NaN NaN NaN 0.89884 0.95076 0.99058 1.0304 1.0638 1.0951 1.1269 1.1472 1.1951 1.2222 1.2475 1.2695 1.2882 1.3076 1.3225 1.3375 1.3554 1.3801 1.396 1.3658 1.3818 1.3856 1.3898 1.401 1.4095 1.4206 1.4288 1.4249 1.4349
NaN NaN NaN NaN NaN NaN NaN NaN NaN 0.98412 1.0141 1.0428 1.0671 1.0937 1.1245 1.1512 1.1915 1.2138 1.2382 1.2595 1.28 1.3006 1.3176 1.3328 1.3499 1.3692 1.3765 1.351 1.3758 1.3811 1.3854 1.3969 1.4058 1.4162 1.4255 1.4188 1.4295
NaN NaN NaN NaN NaN NaN NaN NaN NaN 1.0052 1.035 1.0451 1.0608 1.0891 1.1232 1.155 1.1928 1.2143 1.2343 1.2547 1.278 1.2992 1.3154 1.3309 1.3461 1.3616 1.3662 1.347 1.3718 1.3779 1.3842 1.3949 1.4036 1.4141 1.4218 1.4199 1.4251
NaN NaN NaN NaN NaN NaN NaN NaN NaN NaN 1.032 1.0359 1.052 1.0903 1.1266 1.1599 1.1941 1.2133 1.2324 1.2539 1.2748 1.2947 1.3109 1.3244 1.34 1.3533 1.3571 1.3442 1.3677 1.3742 1.3826 1.3922 1.4011 1.4101 1.4155 1.4138 1.4189
NaN NaN NaN NaN NaN NaN NaN NaN NaN NaN NaN 1.0397 1.0563 1.0962 1.1327 1.1642 1.1924 1.2091 1.2297 1.2512 1.272 1.2906 1.3071 1.3205 1.3345 1.3472 1.3508 1.3431 1.3639 1.3708 1.3795 1.3885 1.3965 1.4053 1.4081 1.407 1.4117
NaN NaN NaN NaN NaN NaN NaN NaN NaN NaN NaN 1.0434 1.0631 1.0948 1.1264 1.1552 1.1815 1.1981 1.2189 1.245 1.2675 1.2849 1.3012 1.3144 1.3279 1.3398 1.3445 1.3397 1.3587 1.3659 1.3761 1.384 1.3907 1.3978 1.4004 1.4007 1.4039
NaN NaN NaN NaN NaN NaN NaN NaN NaN NaN NaN NaN 1.0486 1.0907 1.1037 1.1377 1.1689 1.1897 1.2126 1.238 1.2607 1.278 1.2944 1.3073 1.3215 1.3332 1.3385 1.3375 1.3535 1.3612 1.3713 1.3794 1.3862 1.3914 1.3934 1.3932 1.3944
NaN NaN NaN NaN NaN NaN NaN NaN NaN NaN NaN NaN NaN 1.1104 1.1195 1.1359 1.171 1.1885 1.2095 1.2341 1.2552 1.2726 1.2887 1.3016 1.3142 1.3268 1.3313 1.3333 1.3483 1.3549 1.3666 1.3737 1.3799 1.384 1.3853 1.3853 1.3844
NaN NaN NaN NaN NaN NaN NaN NaN NaN NaN NaN NaN NaN NaN 1.127 1.1532 1.1644 1.1724 1.1955 1.2235 1.2384 1.2618 1.2783 1.2928 1.308 1.319 1.3255 1.3299 1.3419 1.3498 1.3616 1.3686 1.3739 1.3769 1.3779 1.3768 1.3766
NaN NaN NaN NaN NaN NaN NaN NaN NaN NaN NaN NaN NaN NaN NaN 1.1566 1.1639 1.1573 1.1813 1.2127 1.2292 1.2526 1.2688 1.2831 1.2977 1.3104 1.3168 1.3258 1.3296 1.3403 1.3555 1.3636 1.3684 1.3702 1.3713 1.3703 1.3678
NaN NaN NaN NaN NaN NaN NaN NaN NaN NaN NaN NaN NaN NaN NaN NaN NaN 1.169 1.1798 1.1983 1.206 1.2364 1.2523 1.2659 1.2829 1.3031 1.312 1.3242 1.3289 1.3382 1.3497 1.358 1.3621 1.3631 1.3645 1.3625 1.3597
NaN NaN NaN NaN NaN NaN NaN NaN NaN NaN NaN NaN NaN NaN NaN NaN NaN NaN 1.1787 1.2059 1.1912 1.2221 1.2417 1.2523 1.2646 1.2923 1.3052 1.3093 1.3207 1.3318 1.344 1.3527 1.3568 1.3567 1.357 1.355 1.3518
NaN NaN NaN NaN NaN NaN NaN NaN NaN NaN NaN NaN NaN NaN NaN NaN NaN NaN NaN NaN 1.1842 1.2373 1.2381 1.2309 1.2346 1.2761 1.2932 1.291 1.3106 1.3237 1.3402 1.3482 1.35 1.3495 1.3487 1.3469 1.3448
NaN NaN NaN NaN NaN NaN NaN NaN NaN NaN NaN NaN NaN NaN NaN NaN NaN NaN NaN NaN NaN NaN 1.2479 1.2463 1.2261 1.2587 1.2749 1.2653 1.2959 1.3052 1.3158 1.3388 1.3409 1.3393 1.3376 1.3359 1.3345
NaN NaN NaN NaN NaN NaN NaN NaN NaN NaN NaN NaN NaN NaN NaN NaN NaN NaN NaN NaN NaN NaN NaN NaN 1.2247 1.2424 1.2328 1.2217 1.2569 1.2755 1.2745 1.3105 1.3219 1.3144 1.3189 1.3221 1.3139
NaN NaN NaN NaN NaN NaN NaN NaN NaN NaN NaN NaN NaN NaN NaN NaN NaN NaN NaN NaN NaN NaN NaN NaN NaN NaN 1.2207 1.2311 1.2416 1.2601 1.2364 1.2621 1.2792 1.2635 1.2866 1.2907 1.292
NaN NaN NaN NaN NaN NaN NaN NaN NaN NaN NaN NaN NaN NaN NaN NaN NaN NaN NaN NaN NaN NaN NaN NaN NaN NaN NaN NaN 1.2159 1.2784 1.2365 1.2424 1.2213 1.1636 1.1343 1.0101 0.4493
NaN NaN NaN NaN NaN NaN NaN NaN NaN NaN NaN NaN NaN NaN NaN NaN NaN NaN NaN NaN NaN NaN NaN NaN NaN NaN NaN NaN NaN NaN 1.2247 1.1807 1.1021 0.93883 0.37518 NaN NaN
NaN NaN NaN NaN NaN NaN NaN NaN NaN NaN NaN NaN NaN NaN NaN NaN NaN NaN NaN NaN NaN NaN NaN NaN NaN NaN NaN NaN NaN NaN NaN NaN 0.85998 0.2816 NaN NaN NaN
NaN NaN NaN NaN NaN NaN NaN NaN NaN NaN NaN NaN NaN NaN NaN NaN NaN NaN NaN NaN NaN NaN NaN NaN NaN NaN NaN NaN NaN NaN NaN NaN NaN NaN NaN NaN NaN
NaN NaN NaN NaN NaN NaN NaN NaN NaN NaN NaN NaN NaN NaN NaN NaN NaN NaN NaN NaN NaN NaN NaN NaN NaN NaN NaN NaN NaN NaN NaN NaN NaN NaN NaN NaN NaN
NaN NaN NaN NaN NaN NaN NaN NaN NaN NaN NaN NaN NaN NaN NaN NaN NaN NaN NaN NaN NaN NaN NaN NaN NaN NaN NaN NaN NaN NaN NaN NaN NaN NaN NaN NaN NaN
