NaN NaN NaN NaN NaN NaN NaN NaN NaN NaN 1.624 1.8626 1.8871 2.0104 2.0294 1.9804 1.9262 1.9173 1.9435 1.985 2.0296 2.0507 2.0739 2.0985 2.1063 2.1279 2.1378 2.1592 2.1756 2.1904 2.2076 2.2222 2.2449 2.2676 2.2897 2.3025 2.3131
NaN NaN NaN NaN NaN NaN NaN NaN NaN NaN NaN NaN NaN NaN 1.8399 1.8695 1.8618 1.8659 1.9062 1.9537 2.0013 2.0305 2.0607 2.0882 2.0997 2.1218 2.133 2.1535 2.17 2.1837 2.2008 2.2119 2.2343 2.2596 2.2791 2.292 2.3024
NaN NaN NaN NaN NaN NaN NaN NaN 0.32123 0.2907 0.26848 0.24107 0.20729 0.17353 1.8483 1.7731 1.8138 1.8286 1.8754 1.9258 1.9755 2.0109 2.0462 2.0736 2.0931 2.1144 2.1273 2.1478 2.1651 2.1776 2.1919 2.2012 2.2249 2.251 2.2683 2.2815 2.2909
NaN NaN NaN NaN NaN NaN NaN NaN 0.67471 0.73007 0.79729 0.89464 1.04 1.2917 1.7785 1.6537 1.7679 1.7982 1.8493 1.899 1.9515 1.9889 2.0286 2.0585 2.0823 2.1053 2.1212 2.1414 2.1587 2.1722 2.1845 2.1945 2.2195 2.2418 2.2569 2.2697 2.2797
NaN NaN NaN NaN NaN NaN NaN NaN 0.92605 0.97522 1.0344 1.1197 1.2497 1.4335 1.6625 1.5692 1.7273 1.7693 1.8226 1.8741 1.926 1.9675 2.0094 2.0424 2.0693 2.0942 2.1119 2.132 2.15 2.1628 2.1722 2.1835 2.2049 2.2306 2.2458 2.2581 2.2692
NaN NaN NaN NaN NaN NaN NaN NaN 0.98419 1.029 1.0954 1.1881 1.312 1.4502 1.5784 1.5312 1.6902 1.7398 1.7959 1.8491 1.9012 1.9449 1.9883 2.0235 2.0539 2.0798 2.1003 2.1202 2.1371 2.1516 2.1604 2.1728 2.1942 2.2197 2.2342 2.2473 2.2571
NaN NaN NaN NaN NaN NaN NaN NaN 1.0418 1.0854 1.1555 1.2491 1.3501 1.4464 1.5251 1.5173 1.662 1.7105 1.767 1.8226 1.8747 1.9206 1.9662 2.0039 2.0381 2.0648 2.0867 2.109 2.1273 2.143 2.1545 2.1703 2.1871 2.2113 2.2238 2.2358 2.2447
NaN NaN NaN NaN NaN NaN NaN NaN 1.0706 1.1256 1.1984 1.2818 1.3594 1.4311 1.4939 1.5179 1.6428 1.693 1.7456 1.7973 1.8484 1.8935 1.9387 1.9763 2.0094 2.0499 2.0676 2.0264 2.1148 2.1272 2.138 2.1578 2.1782 2.1984 2.2115 2.2224 2.2307
NaN NaN NaN NaN NaN NaN NaN NaN 1.0938 1.1636 1.2309 1.2997 1.3601 1.4185 1.4772 1.5204 1.6265 1.6755 1.7277 1.7776 1.8255 1.8764 1.9217 1.9644 2.0082 2.0609 2.1009 2.0616 2.1127 2.1198 2.1299 2.1514 2.1678 2.189 2.2046 2.202 2.2222
NaN NaN NaN NaN NaN NaN NaN NaN NaN 1.2146 1.268 1.3201 1.3649 1.4147 1.4715 1.5274 1.6189 1.6613 1.7115 1.7586 1.8072 1.8593 1.907 1.9516 1.9973 2.0465 2.0749 2.0381 2.0991 2.11 2.1199 2.1416 2.1579 2.1778 2.1955 2.1884 2.2118
NaN NaN NaN NaN NaN NaN NaN NaN NaN 1.2539 1.3023 1.3267 1.3575 1.4086 1.4689 1.5329 1.616 1.6575 1.7 1.7441 1.7961 1.8487 1.8952 1.9412 1.9856 2.0302 2.0529 2.0239 2.0845 2.0986 2.112 2.1328 2.1487 2.1688 2.1851 2.1853 2.2013
NaN NaN NaN NaN NaN NaN NaN NaN NaN NaN 1.304 1.3171 1.346 1.4095 1.4727 1.5397 1.6151 1.6527 1.6917 1.7373 1.7863 1.8368 1.8828 1.9259 1.9711 2.0118 2.0317 2.0123 2.0697 2.086 2.1039 2.1239 2.1412 2.1596 2.173 2.1733 2.1885
NaN NaN NaN NaN NaN NaN NaN NaN NaN NaN NaN 1.3175 1.3488 1.4168 1.4813 1.547 1.6114 1.6443 1.6843 1.7294 1.7777 1.8256 1.8716 1.9141 1.9571 1.9959 2.0148 2.0045 2.0563 2.0744 2.0948 2.1149 2.1316 2.1502 2.1596 2.161 2.1754
NaN NaN NaN NaN NaN NaN NaN NaN NaN NaN NaN 1.3252 1.3602 1.4199 1.4794 1.5405 1.5991 1.63 1.6673 1.7176 1.7685 1.8141 1.8596 1.9012 1.9427 1.9796 1.9997 1.9951 2.0424 2.0618 2.086 2.1054 2.1209 2.137 2.1459 2.15 2.1621
NaN NaN NaN NaN NaN NaN NaN NaN NaN NaN NaN NaN 1.3605 1.4282 1.4564 1.5213 1.5824 1.6165 1.6555 1.7055 1.7574 1.8021 1.8472 1.8872 1.9292 1.965 1.9859 1.9885 2.0295 2.0504 2.0759 2.0959 2.1122 2.1261 2.1345 2.1386 2.1475
NaN NaN NaN NaN NaN NaN NaN NaN NaN NaN NaN NaN NaN 1.4515 1.4731 1.5148 1.5814 1.6101 1.6476 1.6977 1.7475 1.7924 1.837 1.8766 1.9157 1.9523 1.9719 1.9805 2.0182 2.0379 2.0667 2.086 2.1023 2.1148 2.1225 2.1275 2.1331
NaN NaN NaN NaN NaN NaN NaN NaN NaN NaN NaN NaN NaN NaN 1.4863 1.5389 1.5737 1.5883 1.63 1.6865 1.7231 1.7772 1.8211 1.8623 1.9043 1.9379 1.9606 1.9743 2.0059 2.0276 2.0576 2.0772 2.0929 2.1038 2.1112 2.115 2.1214
NaN NaN NaN NaN NaN NaN NaN NaN NaN NaN NaN NaN NaN NaN NaN 1.5477 1.5731 1.5714 1.6138 1.672 1.7076 1.7639 1.8073 1.8481 1.8888 1.9244 1.9468 1.969 1.9858 2.0123 2.0473 2.0687 2.084 2.0934 2.1012 2.1055 2.1084
NaN NaN NaN NaN NaN NaN NaN NaN NaN NaN NaN NaN NaN NaN NaN NaN NaN 1.587 1.6157 1.6578 1.6773 1.7442 1.7859 1.8232 1.8647 1.9105 1.936 1.9649 1.9821 2.0084 2.0384 2.0603 2.0746 2.0828 2.0916 2.0946 2.0966
NaN NaN NaN NaN NaN NaN NaN NaN NaN NaN NaN NaN NaN NaN NaN NaN NaN NaN 1.6192 1.6755 1.6586 1.7246 1.7712 1.8028 1.8361 1.8941 1.9266 1.9437 1.9707 1.9987 2.0295 2.0526 2.0669 2.0737 2.0811 2.084 2.0849
NaN NaN NaN NaN NaN NaN NaN NaN NaN NaN NaN NaN NaN NaN NaN NaN NaN NaN NaN NaN 1.6451 1.7474 1.77 1.7721 1.7887 1.8705 1.9096 1.9158 1.9561 1.9855 2.0236 2.046 2.0573 2.0637 2.0693 2.0723 2.0742
NaN NaN NaN NaN NaN NaN NaN NaN NaN NaN NaN NaN NaN NaN NaN NaN NaN NaN NaN NaN NaN NaN 1.7235 1.762 1.7695 1.8431 1.8822 1.8763 1.9371 1.9597 1.9874 2.033 2.0442 2.0494 2.0538 2.0564 2.0583
NaN NaN NaN NaN NaN NaN NaN NaN NaN NaN NaN NaN NaN NaN NaN NaN NaN NaN NaN NaN NaN NaN NaN NaN 1.7007 1.8107 1.835 1.822 1.8849 1.9194 1.9242 1.9922 2.0168 2.0127 2.0275 2.0366 2.0269
NaN NaN NaN NaN NaN NaN NaN NaN NaN NaN NaN NaN NaN NaN NaN NaN NaN NaN NaN NaN NaN NaN NaN NaN NaN NaN 1.752 1.8149 1.861 1.9107 1.8726 1.9266 1.9572 1.9361 1.981 1.9879 1.9919
NaN NaN NaN NaN NaN NaN NaN NaN NaN NaN NaN NaN NaN NaN NaN NaN NaN NaN NaN NaN NaN NaN NaN NaN NaN NaN NaN NaN 1.6995 1.825 1.8573 1.8944 1.8927 1.822 1.813 1.679 1.042
NaN NaN NaN NaN NaN NaN NaN NaN NaN NaN NaN NaN NaN NaN NaN NaN NaN NaN NaN NaN NaN NaN NaN NaN NaN NaN NaN NaN NaN NaN 1.5797 1.7916 1.7537 1.5611 0.87736 NaN NaN
NaN NaN NaN NaN NaN NaN NaN NaN NaN NaN NaN NaN NaN NaN NaN NaN NaN NaN NaN NaN NaN NaN NaN NaN NaN NaN NaN NaN NaN NaN NaN NaN 1.3712 0.65721 NaN NaN NaN
NaN NaN NaN NaN NaN NaN NaN NaN NaN NaN NaN NaN NaN NaN NaN NaN NaN NaN NaN NaN NaN NaN NaN NaN NaN NaN NaN NaN NaN NaN NaN NaN NaN NaN NaN NaN NaN
NaN NaN NaN NaN NaN NaN NaN NaN NaN NaN NaN NaN NaN NaN NaN NaN NaN NaN NaN NaN NaN NaN NaN NaN NaN NaN NaN NaN NaN NaN NaN NaN NaN NaN NaN NaN NaN
NaN NaN NaN NaN NaN NaN NaN NaN NaN NaN NaN NaN NaN NaN NaN NaN NaN NaN NaN NaN NaN NaN NaN NaN NaN NaN NaN NaN NaN NaN NaN NaN NaN NaN NaN NaN NaN
