NaN NaN NaN NaN NaN NaN NaN NaN NaN NaN 1.5032 1.6285 1.6067 1.6704 1.6704 1.6008 1.5556 1.5469 1.5604 1.5846 1.6098 1.6209 1.6341 1.649 1.6532 1.6667 1.6725 1.6856 1.6948 1.7021 1.711 1.7189 1.7332 1.7488 1.7636 1.7715 1.7775
NaN NaN NaN NaN NaN NaN NaN NaN NaN NaN NaN NaN NaN NaN 1.6285 1.5658 1.5254 1.5264 1.5483 1.5732 1.598 1.6126 1.6288 1.6437 1.6489 1.6619 1.6684 1.6804 1.6897 1.696 1.7051 1.7109 1.7255 1.7433 1.7562 1.764 1.7698
NaN NaN NaN NaN NaN NaN NaN NaN 0.38742 0.35534 0.33427 0.30727 0.27323 0.24198 1.638 1.5199 1.5073 1.5152 1.5402 1.5652 1.5891 1.6057 1.6229 1.6355 1.645 1.6562 1.6631 1.6747 1.6842 1.69 1.6972 1.702 1.7179 1.7364 1.7477 1.7556 1.7605
NaN NaN NaN NaN NaN NaN NaN NaN 0.72603 0.77408 0.82923 0.9072 1.0196 1.2107 1.5641 1.4303 1.4813 1.5032 1.5308 1.5547 1.5798 1.596 1.6145 1.6273 1.6381 1.6497 1.6578 1.6687 1.678 1.6846 1.6903 1.6958 1.7127 1.7282 1.7379 1.7455 1.7509
NaN NaN NaN NaN NaN NaN NaN NaN 0.94053 0.97888 1.0224 1.0842 1.1772 1.3048 1.4545 1.3651 1.4554 1.4869 1.5167 1.5426 1.5673 1.5854 1.6039 1.6177 1.6293 1.641 1.6494 1.6597 1.6692 1.6752 1.6791 1.6859 1.7007 1.719 1.729 1.7361 1.7422
NaN NaN NaN NaN NaN NaN NaN NaN 0.96731 1.0002 1.0496 1.1173 1.2061 1.3005 1.3822 1.3369 1.4306 1.4671 1.5001 1.5283 1.5535 1.5726 1.5914 1.6059 1.6189 1.6306 1.6403 1.6501 1.6586 1.6661 1.67 1.6776 1.6923 1.7101 1.7196 1.7272 1.7322
NaN NaN NaN NaN NaN NaN NaN NaN 1.0043 1.0358 1.0876 1.1558 1.2268 1.2906 1.3399 1.3261 1.4117 1.4457 1.4803 1.5117 1.5379 1.5588 1.5791 1.5952 1.6103 1.6221 1.6324 1.6439 1.6531 1.6612 1.6671 1.6769 1.6876 1.7039 1.7119 1.7187 1.7233
NaN NaN NaN NaN NaN NaN NaN NaN 1.0167 1.0582 1.1119 1.1721 1.2258 1.2735 1.3147 1.3254 1.399 1.433 1.4639 1.4921 1.5176 1.5375 1.5567 1.5717 1.5854 1.6074 1.614 1.5832 1.6434 1.6513 1.6564 1.669 1.6824 1.6953 1.7037 1.7098 1.7138
NaN NaN NaN NaN NaN NaN NaN NaN 1.0228 1.0826 1.1315 1.1807 1.2226 1.2622 1.3021 1.3268 1.3893 1.4224 1.4544 1.4829 1.5081 1.5344 1.5559 1.5769 1.6008 1.6324 1.6541 1.6191 1.6433 1.6476 1.6529 1.6666 1.677 1.6906 1.7006 1.6964 1.7089
NaN NaN NaN NaN NaN NaN NaN NaN NaN 1.1226 1.1602 1.1961 1.2268 1.2606 1.299 1.3322 1.3852 1.4128 1.4437 1.4712 1.4982 1.526 1.5498 1.5715 1.5951 1.6216 1.6333 1.6027 1.6364 1.6427 1.648 1.662 1.6726 1.6854 1.6967 1.6891 1.7028
NaN NaN NaN NaN NaN NaN NaN NaN NaN 1.1497 1.1857 1.2 1.2204 1.2557 1.2976 1.3371 1.3862 1.413 1.4382 1.4646 1.495 1.5235 1.5464 1.5687 1.5904 1.6126 1.6208 1.5973 1.6309 1.6385 1.6462 1.6592 1.6696 1.6824 1.6921 1.6901 1.6975
NaN NaN NaN NaN NaN NaN NaN NaN NaN NaN 1.1838 1.1902 1.2107 1.2572 1.3015 1.3431 1.3876 1.4115 1.4351 1.4628 1.4909 1.518 1.5408 1.5608 1.583 1.6025 1.6093 1.5934 1.6252 1.6336 1.644 1.656 1.6668 1.678 1.685 1.6831 1.6903
NaN NaN NaN NaN NaN NaN NaN NaN NaN NaN NaN 1.1938 1.2151 1.264 1.3087 1.3487 1.3858 1.4064 1.4316 1.4592 1.4872 1.5128 1.5359 1.5558 1.5762 1.5946 1.6011 1.5918 1.62 1.6292 1.6404 1.6518 1.6617 1.6728 1.6767 1.6756 1.6822
NaN NaN NaN NaN NaN NaN NaN NaN NaN NaN NaN 1.1987 1.2234 1.2637 1.3031 1.34 1.3744 1.3945 1.419 1.4515 1.4818 1.5061 1.529 1.5486 1.5682 1.5856 1.5934 1.5877 1.6136 1.6233 1.6365 1.6469 1.6555 1.6645 1.6681 1.6687 1.6735
NaN NaN NaN NaN NaN NaN NaN NaN NaN NaN NaN NaN 1.2109 1.2614 1.2786 1.3211 1.3603 1.3846 1.4117 1.4437 1.4739 1.4981 1.5212 1.5401 1.5606 1.5777 1.5861 1.5852 1.6072 1.6176 1.6312 1.6418 1.6506 1.6575 1.6604 1.6606 1.6631
NaN NaN NaN NaN NaN NaN NaN NaN NaN NaN NaN NaN NaN 1.2834 1.2953 1.318 1.3622 1.3827 1.4083 1.4394 1.4673 1.4918 1.5147 1.5336 1.5522 1.5701 1.5777 1.5807 1.6011 1.6104 1.626 1.6357 1.644 1.6497 1.6519 1.6524 1.6523
NaN NaN NaN NaN NaN NaN NaN NaN NaN NaN NaN NaN NaN NaN 1.3047 1.3377 1.3548 1.3648 1.3933 1.4284 1.4479 1.4796 1.5029 1.5236 1.545 1.5611 1.5709 1.5772 1.5937 1.6046 1.6206 1.6303 1.6377 1.642 1.6439 1.6433 1.6439
NaN NaN NaN NaN NaN NaN NaN NaN NaN NaN NaN NaN NaN NaN NaN 1.3427 1.354 1.3483 1.3778 1.4168 1.4379 1.4692 1.4922 1.5129 1.5335 1.5515 1.5611 1.5732 1.5796 1.5939 1.614 1.625 1.6319 1.6349 1.6369 1.6364 1.6344
NaN NaN NaN NaN NaN NaN NaN NaN NaN NaN NaN NaN NaN NaN NaN NaN NaN 1.3614 1.3768 1.4018 1.4121 1.4515 1.474 1.4932 1.5161 1.5427 1.5553 1.5715 1.5788 1.592 1.6078 1.6191 1.6252 1.6272 1.6298 1.6282 1.6256
NaN NaN NaN NaN NaN NaN NaN NaN NaN NaN NaN NaN NaN NaN NaN NaN NaN NaN 1.377 1.4121 1.3953 1.4351 1.462 1.4774 1.4948 1.5305 1.5481 1.5548 1.57 1.585 1.6016 1.6136 1.6197 1.6205 1.6218 1.6202 1.617
NaN NaN NaN NaN NaN NaN NaN NaN NaN NaN NaN NaN NaN NaN NaN NaN NaN NaN NaN NaN 1.3875 1.4541 1.4587 1.4527 1.4593 1.5121 1.5347 1.5338 1.5588 1.5759 1.5978 1.609 1.6125 1.613 1.6128 1.6114 1.6094
NaN NaN NaN NaN NaN NaN NaN NaN NaN NaN NaN NaN NaN NaN NaN NaN NaN NaN NaN NaN NaN NaN 1.4643 1.4691 1.4482 1.4916 1.5136 1.5039 1.5427 1.5552 1.5697 1.5987 1.6026 1.6018 1.6007 1.5992 1.5978
NaN NaN NaN NaN NaN NaN NaN NaN NaN NaN NaN NaN NaN NaN NaN NaN NaN NaN NaN NaN NaN NaN NaN NaN 1.4391 1.4727 1.4676 1.4552 1.4984 1.5216 1.5214 1.5665 1.5811 1.5733 1.5797 1.5837 1.5741
NaN NaN NaN NaN NaN NaN NaN NaN NaN NaN NaN NaN NaN NaN NaN NaN NaN NaN NaN NaN NaN NaN NaN NaN NaN NaN 1.4435 1.4642 1.4806 1.5067 1.4781 1.5113 1.5324 1.5139 1.5427 1.547 1.5484
NaN NaN NaN NaN NaN NaN NaN NaN NaN NaN NaN NaN NaN NaN NaN NaN NaN NaN NaN NaN NaN NaN NaN NaN NaN NaN NaN NaN 1.4342 1.5171 1.4796 1.4896 1.4683 1.4026 1.3738 1.2357 0.61503
NaN NaN NaN NaN NaN NaN NaN NaN NaN NaN NaN NaN NaN NaN NaN NaN NaN NaN NaN NaN NaN NaN NaN NaN NaN NaN NaN NaN NaN NaN 1.396 1.4187 1.3345 1.1498 0.51568 NaN NaN
NaN NaN NaN NaN NaN NaN NaN NaN NaN NaN NaN NaN NaN NaN NaN NaN NaN NaN NaN NaN NaN NaN NaN NaN NaN NaN NaN NaN NaN NaN NaN NaN 1.0426 0.38688 NaN NaN NaN
NaN NaN NaN NaN NaN NaN NaN NaN NaN NaN NaN NaN NaN NaN NaN NaN NaN NaN NaN NaN NaN NaN NaN NaN NaN NaN NaN NaN NaN NaN NaN NaN NaN NaN NaN NaN NaN
NaN NaN NaN NaN NaN NaN NaN NaN NaN NaN NaN NaN NaN NaN NaN NaN NaN NaN NaN NaN NaN NaN NaN NaN NaN NaN NaN NaN NaN NaN NaN NaN NaN NaN NaN NaN NaN
NaN NaN NaN NaN NaN NaN NaN NaN NaN NaN NaN NaN NaN NaN NaN NaN NaN NaN NaN NaN NaN NaN NaN NaN NaN NaN NaN NaN NaN NaN NaN NaN NaN NaN NaN NaN NaN
