NaN NaN NaN NaN NaN NaN NaN NaN NaN NaN 1.5044 1.5974 1.567 1.6149 1.6126 1.5487 1.5089 1.5036 1.5169 1.538 1.5588 1.5678 1.5783 1.5905 1.5934 1.6041 1.6083 1.6189 1.6259 1.6307 1.6372 1.6434 1.6558 1.6699 1.683 1.6898 1.6946
NaN NaN NaN NaN NaN NaN NaN NaN NaN NaN NaN NaN NaN NaN 1.607 1.5296 1.4861 1.489 1.5087 1.5292 1.5489 1.5607 1.5734 1.5848 1.5883 1.5982 1.6031 1.6126 1.6194 1.6235 1.6303 1.6348 1.6476 1.6639 1.6751 1.6818 1.6863
NaN NaN NaN NaN NaN NaN NaN NaN 0.43073 0.39652 0.37477 0.34639 0.31012 0.2773 1.6177 1.498 1.4753 1.4833 1.5045 1.5241 1.5422 1.5548 1.5675 1.5762 1.583 1.5912 1.5962 1.6052 1.6123 1.6159 1.6211 1.6248 1.639 1.6558 1.6656 1.6723 1.676
NaN NaN NaN NaN NaN NaN NaN NaN 0.77788 0.82536 0.87829 0.95207 1.0561 1.2306 1.5431 1.4156 1.4527 1.4742 1.497 1.5152 1.5342 1.5456 1.5588 1.5672 1.5748 1.5831 1.5891 1.5972 1.6042 1.6087 1.6126 1.6171 1.6322 1.6462 1.6545 1.6608 1.6649
NaN NaN NaN NaN NaN NaN NaN NaN 0.9856 1.0214 1.0608 1.1162 1.1988 1.3098 1.4343 1.3538 1.4285 1.4588 1.4836 1.5039 1.5222 1.535 1.5476 1.5566 1.5642 1.5723 1.5783 1.5859 1.5931 1.5973 1.5997 1.6057 1.619 1.6357 1.6444 1.6501 1.655
NaN NaN NaN NaN NaN NaN NaN NaN 1.0011 1.0309 1.0759 1.137 1.2162 1.2979 1.3654 1.3269 1.405 1.4393 1.4672 1.4898 1.5086 1.5219 1.5345 1.5438 1.5524 1.5603 1.5675 1.5747 1.5811 1.5868 1.5895 1.5964 1.6096 1.6256 1.6339 1.6402 1.644
NaN NaN NaN NaN NaN NaN NaN NaN 1.0316 1.0599 1.1071 1.1687 1.2315 1.2858 1.3265 1.3159 1.387 1.418 1.4477 1.4736 1.4937 1.5087 1.5226 1.5333 1.5436 1.5516 1.5592 1.568 1.5752 1.5814 1.5862 1.5948 1.604 1.6186 1.6256 1.6312 1.6347
NaN NaN NaN NaN NaN NaN NaN NaN 1.0382 1.0764 1.1254 1.1795 1.2267 1.2675 1.3031 1.3139 1.3746 1.4049 1.4305 1.4529 1.4721 1.4857 1.4983 1.5075 1.5163 1.5342 1.5384 1.5086 1.5639 1.5714 1.5754 1.5866 1.5985 1.6099 1.6174 1.6224 1.6255
NaN NaN NaN NaN NaN NaN NaN NaN 1.0378 1.0968 1.1412 1.1853 1.2222 1.2567 1.2921 1.3147 1.3661 1.3955 1.4226 1.4459 1.4657 1.4865 1.5022 1.5181 1.5374 1.5643 1.5816 1.5462 1.5632 1.5677 1.5722 1.5843 1.5935 1.6055 1.6146 1.6099 1.6207
NaN NaN NaN NaN NaN NaN NaN NaN NaN 1.1347 1.1681 1.1998 1.2267 1.2563 1.2904 1.3195 1.3625 1.3867 1.413 1.4354 1.4571 1.4792 1.4972 1.5132 1.5313 1.552 1.5598 1.5302 1.5568 1.563 1.5677 1.5803 1.5899 1.6012 1.6114 1.6036 1.6151
NaN NaN NaN NaN NaN NaN NaN NaN NaN 1.1584 1.1916 1.2031 1.2207 1.252 1.2898 1.3243 1.3646 1.388 1.4096 1.4315 1.4558 1.4784 1.4954 1.5117 1.5275 1.544 1.549 1.5266 1.5529 1.5601 1.567 1.5786 1.5879 1.5993 1.6078 1.6053 1.6108
NaN NaN NaN NaN NaN NaN NaN NaN NaN NaN 1.1884 1.193 1.2116 1.2542 1.2942 1.3302 1.3667 1.3877 1.4085 1.4315 1.4531 1.474 1.4909 1.505 1.5212 1.5353 1.5395 1.5243 1.5491 1.5566 1.5658 1.576 1.5857 1.5953 1.6012 1.599 1.6043
NaN NaN NaN NaN NaN NaN NaN NaN NaN NaN NaN 1.1983 1.2172 1.2614 1.3016 1.3354 1.3653 1.3837 1.406 1.4291 1.4508 1.4701 1.4873 1.5013 1.5158 1.5292 1.5332 1.5238 1.5456 1.5534 1.5628 1.5723 1.5809 1.5904 1.5933 1.5919 1.5967
NaN NaN NaN NaN NaN NaN NaN NaN NaN NaN NaN 1.2026 1.2247 1.2599 1.2945 1.3255 1.3535 1.3718 1.3944 1.4227 1.4464 1.4643 1.4813 1.4951 1.509 1.5215 1.5268 1.5206 1.5405 1.5485 1.5593 1.5677 1.5748 1.5824 1.5851 1.5852 1.5884
NaN NaN NaN NaN NaN NaN NaN NaN NaN NaN NaN NaN 1.2068 1.2536 1.2686 1.306 1.3398 1.363 1.388 1.4155 1.4396 1.4572 1.4743 1.4876 1.5024 1.5149 1.5207 1.5187 1.5352 1.5436 1.5544 1.5629 1.57 1.5755 1.5775 1.577 1.578
NaN NaN NaN NaN NaN NaN NaN NaN NaN NaN NaN NaN NaN 1.2765 1.2862 1.3044 1.343 1.3622 1.385 1.4117 1.4339 1.4518 1.4685 1.4817 1.4947 1.5081 1.5131 1.5144 1.5298 1.537 1.5494 1.5567 1.5632 1.5674 1.5687 1.5684 1.567
NaN NaN NaN NaN NaN NaN NaN NaN NaN NaN NaN NaN NaN NaN 1.2947 1.3231 1.3351 1.3442 1.3697 1.3998 1.4153 1.4401 1.4572 1.4723 1.4882 1.4999 1.507 1.511 1.5231 1.5315 1.544 1.5513 1.5567 1.5596 1.5606 1.5591 1.5585
NaN NaN NaN NaN NaN NaN NaN NaN NaN NaN NaN NaN NaN NaN NaN 1.3268 1.334 1.3271 1.3534 1.3877 1.4056 1.4302 1.4469 1.4618 1.477 1.4906 1.4975 1.5066 1.5097 1.5212 1.5375 1.5459 1.5507 1.5524 1.5533 1.5519 1.5489
NaN NaN NaN NaN NaN NaN NaN NaN NaN NaN NaN NaN NaN NaN NaN NaN NaN 1.3392 1.351 1.371 1.3793 1.4119 1.4286 1.4427 1.4607 1.4828 1.4925 1.5051 1.5092 1.519 1.5312 1.5397 1.5437 1.5445 1.5458 1.5434 1.5399
NaN NaN NaN NaN NaN NaN NaN NaN NaN NaN NaN NaN NaN NaN NaN NaN NaN NaN 1.3482 1.3775 1.3619 1.3958 1.4166 1.4274 1.4405 1.4709 1.485 1.4883 1.5002 1.512 1.5248 1.534 1.5379 1.5374 1.5375 1.5351 1.5313
NaN NaN NaN NaN NaN NaN NaN NaN NaN NaN NaN NaN NaN NaN NaN NaN NaN NaN NaN NaN 1.3526 1.4104 1.4114 1.4027 1.407 1.4529 1.4716 1.4679 1.489 1.5031 1.5208 1.529 1.5304 1.5295 1.5283 1.5262 1.5237
NaN NaN NaN NaN NaN NaN NaN NaN NaN NaN NaN NaN NaN NaN NaN NaN NaN NaN NaN NaN NaN NaN 1.4189 1.4172 1.3964 1.4324 1.4504 1.4392 1.4726 1.4825 1.4935 1.5186 1.5205 1.5182 1.5161 1.5141 1.5125
NaN NaN NaN NaN NaN NaN NaN NaN NaN NaN NaN NaN NaN NaN NaN NaN NaN NaN NaN NaN NaN NaN NaN NaN 1.3932 1.4119 1.4014 1.3891 1.4277 1.4485 1.4471 1.487 1.4994 1.4905 1.4954 1.499 1.4898
NaN NaN NaN NaN NaN NaN NaN NaN NaN NaN NaN NaN NaN NaN NaN NaN NaN NaN NaN NaN NaN NaN NaN NaN NaN NaN 1.3889 1.3982 1.4094 1.4305 1.4028 1.4316 1.4511 1.4334 1.4596 1.4645 1.4657
NaN NaN NaN NaN NaN NaN NaN NaN NaN NaN NaN NaN NaN NaN NaN NaN NaN NaN NaN NaN NaN NaN NaN NaN NaN NaN NaN NaN 1.3788 1.4433 1.4001 1.4058 1.3819 1.3162 1.2804 1.1357 0.48661
NaN NaN NaN NaN NaN NaN NaN NaN NaN NaN NaN NaN NaN NaN NaN NaN NaN NaN NaN NaN NaN NaN NaN NaN NaN NaN NaN NaN NaN NaN 1.3502 1.3323 1.2413 1.0534 0.40599 NaN NaN
NaN NaN NaN NaN NaN NaN NaN NaN NaN NaN NaN NaN NaN NaN NaN NaN NaN NaN NaN NaN NaN NaN NaN NaN NaN NaN NaN NaN NaN NaN NaN NaN 0.96508 0.30501 NaN NaN NaN
NaN NaN NaN NaN NaN NaN NaN NaN NaN NaN NaN NaN NaN NaN NaN NaN NaN NaN NaN NaN NaN NaN NaN NaN NaN NaN NaN NaN NaN NaN NaN NaN NaN NaN NaN NaN NaN
NaN NaN NaN NaN NaN NaN NaN NaN NaN NaN NaN NaN NaN NaN NaN NaN NaN NaN NaN NaN NaN NaN NaN NaN NaN NaN NaN NaN NaN NaN NaN NaN NaN NaN NaN NaN NaN
NaN NaN NaN NaN NaN NaN NaN NaN NaN NaN NaN NaN NaN NaN NaN NaN NaN NaN NaN NaN NaN NaN NaN NaN NaN NaN NaN NaN NaN NaN NaN NaN NaN NaN NaN NaN NaN
