NaN NaN NaN NaN NaN NaN NaN NaN NaN NaN 1.4155 1.5049 1.4713 1.5161 1.5133 1.4523 1.416 1.4109 1.4233 1.443 1.4626 1.4712 1.4811 1.4927 1.4954 1.5054 1.5093 1.5195 1.5261 1.5306 1.5368 1.5425 1.554 1.5672 1.5794 1.5858 1.5903
NaN NaN NaN NaN NaN NaN NaN NaN NaN NaN NaN NaN NaN NaN 1.507 1.4338 1.3942 1.3973 1.4158 1.435 1.4537 1.4649 1.4769 1.4879 1.4911 1.5004 1.505 1.514 1.5206 1.5244 1.5309 1.5349 1.5469 1.562 1.5726 1.5788 1.5831
NaN NaN NaN NaN NaN NaN NaN NaN 0.3995 0.36768 0.34738 0.32096 0.28729 0.25684 1.5179 1.4038 1.3841 1.392 1.4119 1.4304 1.4477 1.4597 1.4718 1.4802 1.4867 1.4944 1.4992 1.5077 1.5145 1.5179 1.5228 1.5262 1.5393 1.555 1.5642 1.5705 1.574
NaN NaN NaN NaN NaN NaN NaN NaN 0.72272 0.76748 0.8181 0.88854 0.98735 1.1523 1.4478 1.3274 1.3633 1.3837 1.4051 1.4223 1.4404 1.4515 1.4641 1.4723 1.4795 1.4874 1.493 1.5008 1.5074 1.5118 1.5153 1.5194 1.5335 1.5466 1.5544 1.5603 1.5642
NaN NaN NaN NaN NaN NaN NaN NaN 0.91939 0.95357 0.99162 1.0447 1.1233 1.2285 1.3468 1.2703 1.3411 1.3696 1.3929 1.412 1.4296 1.4419 1.454 1.4628 1.4702 1.4779 1.4836 1.4908 1.4977 1.5017 1.5039 1.5094 1.5217 1.5373 1.5455 1.5509 1.5555
NaN NaN NaN NaN NaN NaN NaN NaN 0.93677 0.96535 1.0084 1.0665 1.1414 1.2186 1.2829 1.2458 1.3194 1.3517 1.378 1.3992 1.4172 1.4301 1.4422 1.4514 1.4597 1.4672 1.474 1.4809 1.487 1.4925 1.495 1.5012 1.5134 1.5284 1.5362 1.5421 1.5458
NaN NaN NaN NaN NaN NaN NaN NaN 0.96711 0.99443 1.0392 1.0974 1.1567 1.2083 1.2471 1.2362 1.303 1.3322 1.3601 1.3844 1.4035 1.418 1.4315 1.4419 1.4519 1.4596 1.4668 1.4752 1.482 1.4879 1.4923 1.5002 1.5087 1.5224 1.529 1.5343 1.5376
NaN NaN NaN NaN NaN NaN NaN NaN 0.97497 1.0113 1.0575 1.1086 1.1532 1.1919 1.2257 1.2348 1.2919 1.3204 1.3444 1.3655 1.3837 1.3971 1.4093 1.4184 1.4271 1.4444 1.4491 1.4187 1.4718 1.4791 1.4827 1.493 1.5041 1.5147 1.5218 1.5266 1.5294
NaN NaN NaN NaN NaN NaN NaN NaN 0.97585 1.0311 1.073 1.1146 1.1496 1.1823 1.2158 1.236 1.2842 1.3119 1.3373 1.3592 1.3779 1.3977 1.4129 1.4283 1.4466 1.4723 1.4892 1.4543 1.4713 1.4759 1.4801 1.4913 1.4998 1.5111 1.5196 1.5152 1.5254
NaN NaN NaN NaN NaN NaN NaN NaN NaN 1.0669 1.0987 1.1287 1.1542 1.1824 1.2145 1.2409 1.2814 1.3041 1.3287 1.3497 1.3701 1.3912 1.4086 1.424 1.4413 1.4613 1.4694 1.4401 1.4657 1.4719 1.4763 1.4879 1.4968 1.5074 1.5171 1.5096 1.5205
NaN NaN NaN NaN NaN NaN NaN NaN NaN 1.0897 1.1209 1.1323 1.1492 1.1789 1.2143 1.2458 1.2836 1.3057 1.3259 1.3463 1.3692 1.3907 1.4071 1.4228 1.4381 1.4541 1.4597 1.4373 1.4624 1.4695 1.476 1.4867 1.4953 1.506 1.5141 1.5116 1.5169
NaN NaN NaN NaN NaN NaN NaN NaN NaN NaN 1.1184 1.1232 1.1412 1.1813 1.2187 1.2517 1.2859 1.3058 1.3253 1.3468 1.367 1.3869 1.4032 1.4168 1.4325 1.4463 1.4511 1.4356 1.4591 1.4665 1.4751 1.4846 1.4936 1.5026 1.5083 1.5062 1.5112
NaN NaN NaN NaN NaN NaN NaN NaN NaN NaN NaN 1.1283 1.1466 1.1883 1.2259 1.257 1.285 1.3025 1.3235 1.3451 1.3652 1.3835 1.4001 1.4136 1.4277 1.4408 1.4454 1.4356 1.4561 1.4637 1.4727 1.4815 1.4895 1.4984 1.5014 1.4999 1.5045
NaN NaN NaN NaN NaN NaN NaN NaN NaN NaN NaN 1.1325 1.1537 1.1872 1.2197 1.2483 1.2746 1.292 1.3131 1.3396 1.3616 1.3784 1.3948 1.4081 1.4216 1.434 1.4397 1.433 1.4516 1.4595 1.4698 1.4776 1.4842 1.4913 1.4941 1.4941 1.4972
NaN NaN NaN NaN NaN NaN NaN NaN NaN NaN NaN NaN 1.1372 1.181 1.1955 1.2305 1.2622 1.284 1.3075 1.3333 1.3557 1.3722 1.3886 1.4014 1.4158 1.428 1.4342 1.4316 1.447 1.4552 1.4655 1.4735 1.4801 1.4853 1.4873 1.4869 1.4879
NaN NaN NaN NaN NaN NaN NaN NaN NaN NaN NaN NaN NaN 1.2025 1.2116 1.229 1.2654 1.2836 1.3051 1.3301 1.3508 1.3675 1.3835 1.3962 1.4089 1.422 1.4274 1.428 1.4424 1.4493 1.4612 1.4681 1.4742 1.4781 1.4796 1.4793 1.4781
NaN NaN NaN NaN NaN NaN NaN NaN NaN NaN NaN NaN NaN NaN 1.2197 1.2461 1.2581 1.2671 1.2912 1.3194 1.3338 1.3571 1.3733 1.3878 1.4031 1.4146 1.4219 1.4252 1.4365 1.4446 1.4565 1.4634 1.4685 1.4712 1.4723 1.471 1.4705
NaN NaN NaN NaN NaN NaN NaN NaN NaN NaN NaN NaN NaN NaN NaN 1.25 1.2569 1.2512 1.2761 1.3083 1.3253 1.3481 1.364 1.3783 1.3929 1.4062 1.4133 1.4216 1.4242 1.4352 1.4507 1.4587 1.4632 1.4649 1.4659 1.4647 1.4619
NaN NaN NaN NaN NaN NaN NaN NaN NaN NaN NaN NaN NaN NaN NaN NaN NaN 1.2621 1.2737 1.293 1.301 1.3315 1.3472 1.3607 1.3779 1.3992 1.4089 1.4205 1.4241 1.4335 1.4451 1.4533 1.4571 1.4578 1.4593 1.4571 1.4539
NaN NaN NaN NaN NaN NaN NaN NaN NaN NaN NaN NaN NaN NaN NaN NaN NaN NaN 1.2709 1.2986 1.2846 1.3166 1.3362 1.3465 1.3591 1.3884 1.4023 1.405 1.416 1.4273 1.4396 1.4483 1.452 1.4516 1.4519 1.4497 1.4462
NaN NaN NaN NaN NaN NaN NaN NaN NaN NaN NaN NaN NaN NaN NaN NaN NaN NaN NaN NaN 1.2755 1.3297 1.3311 1.3231 1.3278 1.3718 1.3899 1.3861 1.4058 1.4192 1.4361 1.444 1.4454 1.4446 1.4436 1.4417 1.4394
NaN NaN NaN NaN NaN NaN NaN NaN NaN NaN NaN NaN NaN NaN NaN NaN NaN NaN NaN NaN NaN NaN 1.3392 1.3371 1.3173 1.352 1.3699 1.3592 1.3909 1.4004 1.4108 1.4346 1.4365 1.4344 1.4326 1.4308 1.4293
NaN NaN NaN NaN NaN NaN NaN NaN NaN NaN NaN NaN NaN NaN NaN NaN NaN NaN NaN NaN NaN NaN NaN NaN 1.3152 1.3321 1.3239 1.3122 1.3487 1.3686 1.3673 1.4054 1.4172 1.4087 1.4136 1.4172 1.4086
NaN NaN NaN NaN NaN NaN NaN NaN NaN NaN NaN NaN NaN NaN NaN NaN NaN NaN NaN NaN NaN NaN NaN NaN NaN NaN 1.311 1.3197 1.3308 1.3525 1.325 1.3532 1.3723 1.3554 1.3806 1.3855 1.3864
NaN NaN NaN NaN NaN NaN NaN NaN NaN NaN NaN NaN NaN NaN NaN NaN NaN NaN NaN NaN NaN NaN NaN NaN NaN NaN NaN NaN 1.3031 1.3663 1.322 1.3274 1.3063 1.2448 1.2118 1.0762 0.46922
NaN NaN NaN NaN NaN NaN NaN NaN NaN NaN NaN NaN NaN NaN NaN NaN NaN NaN NaN NaN NaN NaN NaN NaN NaN NaN NaN NaN NaN NaN 1.2936 1.2575 1.1729 0.99698 0.3913 NaN NaN
NaN NaN NaN NaN NaN NaN NaN NaN NaN NaN NaN NaN NaN NaN NaN NaN NaN NaN NaN NaN NaN NaN NaN NaN NaN NaN NaN NaN NaN NaN NaN NaN 0.91137 0.29375 NaN NaN NaN
NaN NaN NaN NaN NaN NaN NaN NaN NaN NaN NaN NaN NaN NaN NaN NaN NaN NaN NaN NaN NaN NaN NaN NaN NaN NaN NaN NaN NaN NaN NaN NaN NaN NaN NaN NaN NaN
NaN NaN NaN NaN NaN NaN NaN NaN NaN NaN NaN NaN NaN NaN NaN NaN NaN NaN NaN NaN NaN NaN NaN NaN NaN NaN NaN NaN NaN NaN NaN NaN NaN NaN NaN NaN NaN
NaN NaN NaN NaN NaN NaN NaN NaN NaN NaN NaN NaN NaN NaN NaN NaN NaN NaN NaN NaN NaN NaN NaN NaN NaN NaN NaN NaN NaN NaN NaN NaN NaN NaN NaN NaN NaN
