NaN NaN NaN NaN NaN NaN NaN NaN NaN NaN 1.3028 1.3886 1.3583 1.4011 1.3987 1.3414 1.3064 1.3012 1.3125 1.3309 1.3493 1.3573 1.3666 1.3774 1.3801 1.3897 1.3935 1.403 1.4093 1.4138 1.4198 1.4253 1.4362 1.4485 1.4599 1.4659 1.4703
NaN NaN NaN NaN NaN NaN NaN NaN NaN NaN NaN NaN NaN NaN 1.3894 1.323 1.2859 1.2881 1.3051 1.3233 1.3408 1.3512 1.3626 1.3728 1.376 1.385 1.3894 1.3979 1.4041 1.408 1.4141 1.4181 1.4294 1.4435 1.4534 1.4593 1.4633
NaN NaN NaN NaN NaN NaN NaN NaN 0.36189 0.3329 0.31435 0.29025 0.25957 0.23183 1.399 1.2937 1.2757 1.2825 1.3011 1.3186 1.3349 1.3462 1.3578 1.3657 1.3719 1.3793 1.3839 1.392 1.3984 1.4018 1.4066 1.4099 1.4223 1.437 1.4456 1.4515 1.4548
NaN NaN NaN NaN NaN NaN NaN NaN 0.66022 0.7013 0.74747 0.81196 0.90341 1.057 1.3341 1.222 1.256 1.2745 1.2946 1.311 1.328 1.3385 1.3505 1.3584 1.3653 1.3729 1.3783 1.3856 1.3919 1.3961 1.3997 1.4037 1.4169 1.4291 1.4364 1.442 1.4457
NaN NaN NaN NaN NaN NaN NaN NaN 0.84095 0.87243 0.90733 0.95639 1.0296 1.1283 1.2402 1.1687 1.2352 1.2614 1.2832 1.3014 1.3179 1.3296 1.3413 1.3496 1.3567 1.3642 1.3697 1.3765 1.383 1.3868 1.3891 1.3943 1.4059 1.4205 1.4281 1.4333 1.4376
NaN NaN NaN NaN NaN NaN NaN NaN 0.85691 0.88334 0.92314 0.97707 1.047 1.1197 1.1804 1.1456 1.2151 1.2448 1.2694 1.2895 1.3065 1.3187 1.3303 1.3391 1.3471 1.3544 1.3609 1.3674 1.3731 1.3783 1.3807 1.3867 1.3982 1.4122 1.4195 1.4251 1.4285
NaN NaN NaN NaN NaN NaN NaN NaN 0.88472 0.90995 0.95158 1.0058 1.0614 1.1099 1.1465 1.1364 1.1997 1.2267 1.2528 1.2758 1.2938 1.3074 1.3203 1.3302 1.3397 1.3471 1.354 1.3619 1.3683 1.3739 1.3781 1.3857 1.3938 1.4065 1.4126 1.4176 1.4207
NaN NaN NaN NaN NaN NaN NaN NaN 0.89191 0.92558 0.96865 1.0164 1.0582 1.0945 1.1262 1.135 1.1892 1.2157 1.2384 1.2584 1.2757 1.2883 1.3 1.3087 1.317 1.3328 1.3367 1.3111 1.3591 1.3656 1.3691 1.3789 1.3893 1.3992 1.4057 1.4102 1.4129
NaN NaN NaN NaN NaN NaN NaN NaN 0.89316 0.94404 0.9831 1.022 1.0547 1.0853 1.1165 1.1359 1.1818 1.2076 1.2315 1.2522 1.2699 1.2884 1.3026 1.317 1.3342 1.3578 1.3733 1.343 1.3587 1.3625 1.3665 1.3771 1.3851 1.3956 1.4034 1.3995 1.409
NaN NaN NaN NaN NaN NaN NaN NaN NaN 0.97701 1.0066 1.0347 1.0586 1.0848 1.1148 1.1402 1.1788 1.1999 1.2229 1.243 1.2625 1.2822 1.2983 1.3129 1.3292 1.3477 1.355 1.3294 1.3533 1.3586 1.3627 1.3736 1.382 1.3919 1.4008 1.3941 1.4042
NaN NaN NaN NaN NaN NaN NaN NaN NaN 0.99815 1.0272 1.0378 1.0535 1.0812 1.1142 1.1444 1.1805 1.2009 1.2197 1.2388 1.261 1.2813 1.2967 1.3115 1.326 1.3409 1.3456 1.3262 1.3499 1.356 1.3621 1.3722 1.3803 1.3903 1.3977 1.3956 1.4005
NaN NaN NaN NaN NaN NaN NaN NaN NaN NaN 1.0249 1.0293 1.0458 1.083 1.118 1.1496 1.1822 1.2004 1.2186 1.2388 1.2585 1.2774 1.2928 1.3057 1.3205 1.3334 1.3373 1.3241 1.3464 1.3529 1.361 1.37 1.3785 1.3869 1.3921 1.3903 1.395
NaN NaN NaN NaN NaN NaN NaN NaN NaN NaN NaN 1.0336 1.0504 1.0892 1.1244 1.1542 1.181 1.1969 1.2163 1.2367 1.2563 1.2739 1.2896 1.3025 1.3158 1.3279 1.3317 1.3236 1.3433 1.3501 1.3585 1.3669 1.3744 1.3828 1.3855 1.3842 1.3886
NaN NaN NaN NaN NaN NaN NaN NaN NaN NaN NaN 1.0374 1.057 1.0882 1.1187 1.146 1.1711 1.1869 1.2065 1.2312 1.2525 1.2689 1.2844 1.2971 1.3099 1.3213 1.3262 1.3209 1.3388 1.3459 1.3556 1.3631 1.3694 1.3761 1.3785 1.3786 1.3815
NaN NaN NaN NaN NaN NaN NaN NaN NaN NaN NaN NaN 1.0426 1.0834 1.0967 1.1296 1.1594 1.1792 1.2009 1.2251 1.2464 1.2628 1.2784 1.2906 1.3042 1.3155 1.3209 1.3193 1.3343 1.3418 1.3515 1.3591 1.3654 1.3703 1.3721 1.3718 1.3728
NaN NaN NaN NaN NaN NaN NaN NaN NaN NaN NaN NaN NaN 1.1029 1.1115 1.128 1.1618 1.1785 1.1984 1.2219 1.2417 1.258 1.2734 1.2856 1.2976 1.3098 1.3144 1.3157 1.3297 1.3362 1.3473 1.354 1.3598 1.3636 1.3648 1.3646 1.3636
NaN NaN NaN NaN NaN NaN NaN NaN NaN NaN NaN NaN NaN NaN 1.119 1.144 1.1552 1.1631 1.1854 1.2119 1.2259 1.2481 1.2637 1.2776 1.2921 1.3027 1.3092 1.3129 1.324 1.3316 1.3428 1.3495 1.3544 1.3571 1.358 1.3568 1.3564
NaN NaN NaN NaN NaN NaN NaN NaN NaN NaN NaN NaN NaN NaN NaN 1.1475 1.1542 1.1486 1.1717 1.2017 1.2176 1.2396 1.2549 1.2686 1.2825 1.2948 1.3011 1.3094 1.3125 1.3228 1.3374 1.345 1.3494 1.351 1.352 1.3509 1.3484
NaN NaN NaN NaN NaN NaN NaN NaN NaN NaN NaN NaN NaN NaN NaN NaN NaN 1.159 1.1697 1.1878 1.1952 1.2242 1.2394 1.2523 1.2686 1.2881 1.2969 1.3081 1.3122 1.3211 1.3321 1.3399 1.3436 1.3444 1.3457 1.3437 1.3409
NaN NaN NaN NaN NaN NaN NaN NaN NaN NaN NaN NaN NaN NaN NaN NaN NaN NaN 1.1678 1.1938 1.1804 1.2104 1.2292 1.2392 1.2512 1.278 1.2907 1.294 1.3046 1.3153 1.3269 1.3351 1.3388 1.3386 1.3388 1.3368 1.3336
NaN NaN NaN NaN NaN NaN NaN NaN NaN NaN NaN NaN NaN NaN NaN NaN NaN NaN NaN NaN 1.1726 1.2235 1.2249 1.2181 1.2222 1.2627 1.2793 1.2766 1.2952 1.3077 1.3236 1.3311 1.3326 1.332 1.3311 1.3293 1.3272
NaN NaN NaN NaN NaN NaN NaN NaN NaN NaN NaN NaN NaN NaN NaN NaN NaN NaN NaN NaN NaN NaN 1.2329 1.2315 1.2127 1.2452 1.2613 1.252 1.2814 1.2903 1.3003 1.3223 1.3243 1.3225 1.3208 1.3192 1.3177
NaN NaN NaN NaN NaN NaN NaN NaN NaN NaN NaN NaN NaN NaN NaN NaN NaN NaN NaN NaN NaN NaN NaN NaN 1.2107 1.2278 1.2199 1.2093 1.2432 1.2614 1.2604 1.2953 1.3063 1.2988 1.3032 1.3063 1.2983
NaN NaN NaN NaN NaN NaN NaN NaN NaN NaN NaN NaN NaN NaN NaN NaN NaN NaN NaN NaN NaN NaN NaN NaN NaN NaN 1.2071 1.217 1.2276 1.2465 1.2226 1.2481 1.2651 1.2498 1.2725 1.2766 1.2775
NaN NaN NaN NaN NaN NaN NaN NaN NaN NaN NaN NaN NaN NaN NaN NaN NaN NaN NaN NaN NaN NaN NaN NaN NaN NaN NaN NaN 1.2012 1.2615 1.2209 1.2263 1.2062 1.1498 1.1197 0.99567 0.44142
NaN NaN NaN NaN NaN NaN NaN NaN NaN NaN NaN NaN NaN NaN NaN NaN NaN NaN NaN NaN NaN NaN NaN NaN NaN NaN NaN NaN NaN NaN 1.2067 1.1632 1.0858 0.92432 0.36925 NaN NaN
NaN NaN NaN NaN NaN NaN NaN NaN NaN NaN NaN NaN NaN NaN NaN NaN NaN NaN NaN NaN NaN NaN NaN NaN NaN NaN NaN NaN NaN NaN NaN NaN 0.84454 0.27778 NaN NaN NaN
NaN NaN NaN NaN NaN NaN NaN NaN NaN NaN NaN NaN NaN NaN NaN NaN NaN NaN NaN NaN NaN NaN NaN NaN NaN NaN NaN NaN NaN NaN NaN NaN NaN NaN NaN NaN NaN
NaN NaN NaN NaN NaN NaN NaN NaN NaN NaN NaN NaN NaN NaN NaN NaN NaN NaN NaN NaN NaN NaN NaN NaN NaN NaN NaN NaN NaN NaN NaN NaN NaN NaN NaN NaN NaN
NaN NaN NaN NaN NaN NaN NaN NaN NaN NaN NaN NaN NaN NaN NaN NaN NaN NaN NaN NaN NaN NaN NaN NaN NaN NaN NaN NaN NaN NaN NaN NaN NaN NaN NaN NaN NaN
