NaN NaN NaN NaN NaN NaN NaN NaN NaN NaN 1.8529 2.0981 2.1707 2.3688 2.4565 2.5919 2.7086 2.7068 2.7475 2.808 2.8716 2.9013 2.9344 2.969 2.98 3.0109 3.0251 3.0553 3.0784 3.0994 3.1237 3.1445 3.1767 3.2087 3.2399 3.2578 3.2727
NaN NaN NaN NaN NaN NaN NaN NaN NaN NaN NaN NaN NaN NaN 2.1731 2.3224 2.608 2.6306 2.6929 2.7625 2.8309 2.8722 2.9153 2.954 2.9702 3.0018 3.0178 3.0466 3.07 3.0893 3.1136 3.1294 3.1613 3.197 3.2243 3.2424 3.257
NaN NaN NaN NaN NaN NaN NaN NaN 0.42375 0.38112 0.34835 0.30851 0.26012 0.21168 2.1621 2.2098 2.5382 2.5762 2.6482 2.7224 2.7937 2.8442 2.8943 2.9329 2.9605 2.9908 3.0091 3.038 3.0624 3.0801 3.1005 3.1137 3.1474 3.1842 3.2084 3.2269 3.2401
NaN NaN NaN NaN NaN NaN NaN NaN 0.881 0.94815 1.0285 1.1454 1.3187 1.6158 2.1739 2.1752 2.4743 2.533 2.6107 2.6838 2.7592 2.8126 2.869 2.9112 2.9448 2.9775 3.0001 3.0286 3.053 3.072 3.0894 3.1038 3.1392 3.1706 3.1917 3.2096 3.2236
NaN NaN NaN NaN NaN NaN NaN NaN 1.2206 1.2829 1.3567 1.4622 1.6229 1.8488 2.1294 2.1247 2.4193 2.4928 2.5728 2.6482 2.7228 2.7819 2.8414 2.8881 2.9261 2.9614 2.9864 3.0148 3.04 3.058 3.0715 3.0875 3.118 3.1542 3.1755 3.1926 3.2082
NaN NaN NaN NaN NaN NaN NaN NaN 1.3091 1.3676 1.4531 1.5721 1.7318 1.9103 2.0825 2.1052 2.3696 2.4521 2.5354 2.6128 2.6874 2.7496 2.8113 2.8609 2.904 2.9407 2.9696 2.9975 3.0212 3.0417 3.0543 3.0719 3.1023 3.1382 3.1585 3.1768 3.1905
NaN NaN NaN NaN NaN NaN NaN NaN 1.3987 1.4569 1.5491 1.6725 1.8065 1.9359 2.0515 2.1034 2.3323 2.4115 2.495 2.5755 2.65 2.7151 2.7797 2.8331 2.8813 2.9191 2.9499 2.9814 3.0071 3.0292 3.0456 3.0681 3.0918 3.1259 3.1433 3.1599 3.1724
NaN NaN NaN NaN NaN NaN NaN NaN 1.448 1.5221 1.6192 1.7313 1.8373 1.9376 2.0357 2.1147 2.3075 2.3876 2.4654 2.54 2.6127 2.6766 2.7405 2.7934 2.8401 2.8966 2.9204 2.8665 2.9896 3.0065 3.0218 3.05 3.0789 3.1071 3.1254 3.1405 3.152
NaN NaN NaN NaN NaN NaN NaN NaN 1.4869 1.5829 1.6739 1.7681 1.853 1.9374 2.0307 2.1249 2.2865 2.3636 2.4406 2.5126 2.5807 2.6527 2.7166 2.7769 2.8388 2.9129 2.9684 2.916 2.9866 2.9958 3.01 3.0405 3.0637 3.0935 3.1151 3.1112 3.1395
NaN NaN NaN NaN NaN NaN NaN NaN NaN 1.6596 1.7349 1.8074 1.8723 1.9454 2.0355 2.1393 2.2774 2.3441 2.4181 2.486 2.555 2.6285 2.6959 2.7588 2.8233 2.8923 2.9312 2.8818 2.9672 2.9816 2.9955 3.0263 3.0494 3.0773 3.1018 3.0917 3.1245
NaN NaN NaN NaN NaN NaN NaN NaN NaN 1.713 1.7843 1.8257 1.8716 1.9467 2.0411 2.1506 2.2748 2.3392 2.4022 2.4659 2.5397 2.6139 2.6794 2.7441 2.8067 2.869 2.8997 2.8611 2.9466 2.9654 2.9841 3.0136 3.0361 3.0643 3.0867 3.0871 3.1092
NaN NaN NaN NaN NaN NaN NaN NaN NaN NaN 1.787 1.8195 1.8637 1.9556 2.0533 2.163 2.2747 2.3329 2.3907 2.4565 2.526 2.5971 2.6619 2.7224 2.7861 2.8428 2.8695 2.8442 2.9255 2.9474 2.9725 3.0007 3.0251 3.051 3.0693 3.0696 3.0907
NaN NaN NaN NaN NaN NaN NaN NaN NaN NaN NaN 1.8251 1.875 1.9721 2.0706 2.1755 2.2706 2.3211 2.3802 2.4453 2.5139 2.5814 2.6461 2.7058 2.7662 2.8201 2.8454 2.8328 2.9062 2.9309 2.9594 2.9877 3.0112 3.0373 3.0499 3.0518 3.0718
NaN NaN NaN NaN NaN NaN NaN NaN NaN NaN NaN 1.8267 1.8957 1.981 2.0713 2.1676 2.2536 2.3008 2.356 2.4287 2.5011 2.5653 2.6291 2.6874 2.7457 2.7969 2.824 2.8191 2.8863 2.9129 2.9468 2.974 2.9958 3.0183 3.0302 3.0358 3.0525
NaN NaN NaN NaN NaN NaN NaN NaN NaN NaN NaN NaN 1.8578 1.9612 2.0411 2.1414 2.2305 2.2818 2.3393 2.4115 2.4852 2.5481 2.6114 2.6675 2.7265 2.7762 2.8043 2.8094 2.8678 2.8966 2.9322 2.9604 2.9833 3.0025 3.0137 3.0193 3.0316
NaN NaN NaN NaN NaN NaN NaN NaN NaN NaN NaN NaN NaN 1.9424 2.0151 2.1351 2.2304 2.2732 2.3282 2.4003 2.4713 2.5344 2.5969 2.6524 2.7072 2.7579 2.7844 2.7977 2.8515 2.8786 2.919 2.946 2.9689 2.9862 2.9965 3.0032 3.0107
NaN NaN NaN NaN NaN NaN NaN NaN NaN NaN NaN NaN NaN NaN 1.9675 2.0893 2.2216 2.2449 2.3045 2.3845 2.4367 2.5128 2.5744 2.632 2.6909 2.7375 2.7682 2.7885 2.8337 2.8638 2.9057 2.9333 2.9553 2.9702 2.9801 2.9851 2.9938
NaN NaN NaN NaN NaN NaN NaN NaN NaN NaN NaN NaN NaN NaN NaN 2.0171 2.1231 2.2204 2.2818 2.3643 2.4149 2.494 2.5547 2.6119 2.6687 2.7181 2.7485 2.7805 2.8049 2.842 2.891 2.921 2.9423 2.9552 2.9657 2.9713 2.975
NaN NaN NaN NaN NaN NaN NaN NaN NaN NaN NaN NaN NaN NaN NaN NaN NaN 2.1336 2.2675 2.3455 2.372 2.466 2.5244 2.5766 2.6347 2.6983 2.7331 2.7745 2.7994 2.8362 2.8781 2.9086 2.9287 2.9399 2.9517 2.9555 2.9579
NaN NaN NaN NaN NaN NaN NaN NaN NaN NaN NaN NaN NaN NaN NaN NaN NaN NaN 2.1098 2.2173 2.3292 2.4386 2.5038 2.548 2.5944 2.6749 2.7195 2.7445 2.7829 2.8221 2.8651 2.8974 2.9174 2.9266 2.9365 2.9402 2.9409
NaN NaN NaN NaN NaN NaN NaN NaN NaN NaN NaN NaN NaN NaN NaN NaN NaN NaN NaN NaN 2.1305 2.2724 2.4473 2.5026 2.528 2.6412 2.6954 2.7051 2.7621 2.8031 2.8565 2.8878 2.9035 2.9121 2.9195 2.9232 2.9253
NaN NaN NaN NaN NaN NaN NaN NaN NaN NaN NaN NaN NaN NaN NaN NaN NaN NaN NaN NaN NaN NaN 2.0878 2.1768 2.3725 2.6 2.6572 2.6494 2.7347 2.7662 2.805 2.869 2.8845 2.8915 2.8971 2.9002 2.9024
NaN NaN NaN NaN NaN NaN NaN NaN NaN NaN NaN NaN NaN NaN NaN NaN NaN NaN NaN NaN NaN NaN NaN NaN 2.0434 2.3255 2.5581 2.5664 2.6598 2.7092 2.716 2.8109 2.845 2.8394 2.8595 2.8715 2.8573
NaN NaN NaN NaN NaN NaN NaN NaN NaN NaN NaN NaN NaN NaN NaN NaN NaN NaN NaN NaN NaN NaN NaN NaN NaN NaN 2.2086 2.3117 2.5359 2.6734 2.6164 2.7168 2.7603 2.7308 2.7927 2.8015 2.807
NaN NaN NaN NaN NaN NaN NaN NaN NaN NaN NaN NaN NaN NaN NaN NaN NaN NaN NaN NaN NaN NaN NaN NaN NaN NaN NaN NaN 2.0375 2.1622 2.2992 2.4145 2.6125 2.5644 2.5538 2.3626 1.4546
NaN NaN NaN NaN NaN NaN NaN NaN NaN NaN NaN NaN NaN NaN NaN NaN NaN NaN NaN NaN NaN NaN NaN NaN NaN NaN NaN NaN NaN NaN 1.7519 2.1444 2.3509 2.1897 1.2205 NaN NaN
NaN NaN NaN NaN NaN NaN NaN NaN NaN NaN NaN NaN NaN NaN NaN NaN NaN NaN NaN NaN NaN NaN NaN NaN NaN NaN NaN NaN NaN NaN NaN NaN 1.832 0.90523 NaN NaN NaN
NaN NaN NaN NaN NaN NaN NaN NaN NaN NaN NaN NaN NaN NaN NaN NaN NaN NaN NaN NaN NaN NaN NaN NaN NaN NaN NaN NaN NaN NaN NaN NaN NaN NaN NaN NaN NaN
NaN NaN NaN NaN NaN NaN NaN NaN NaN NaN NaN NaN NaN NaN NaN NaN NaN NaN NaN NaN NaN NaN NaN NaN NaN NaN NaN NaN NaN NaN NaN NaN NaN NaN NaN NaN NaN
NaN NaN NaN NaN NaN NaN NaN NaN NaN NaN NaN NaN NaN NaN NaN NaN NaN NaN NaN NaN NaN NaN NaN NaN NaN NaN NaN NaN NaN NaN NaN NaN NaN NaN NaN NaN NaN
