NaN NaN NaN NaN NaN NaN NaN NaN NaN NaN 1.5884 1.7916 1.8043 1.9118 1.923 1.8661 1.8131 1.8028 1.8236 1.8589 1.897 1.9142 1.9343 1.9554 1.9619 1.9816 1.9903 2.0093 2.0236 2.0367 2.052 2.0652 2.0856 2.1059 2.1254 2.1365 2.1457
NaN NaN NaN NaN NaN NaN NaN NaN NaN NaN NaN NaN NaN NaN 1.7727 1.7778 1.7591 1.7593 1.7926 1.8328 1.8731 1.8972 1.9233 1.9467 1.9562 1.976 1.9858 2.0038 2.0183 2.0302 2.0455 2.0554 2.0756 2.0982 2.1153 2.1264 2.1353
NaN NaN NaN NaN NaN NaN NaN NaN 0.32357 0.29371 0.27258 0.24658 0.21479 0.1847 1.7792 1.6924 1.7188 1.7284 1.7675 1.8101 1.8517 1.8811 1.9111 1.9342 1.9507 1.9694 1.9805 1.9984 2.0134 2.0243 2.037 2.0452 2.0666 2.0898 2.1048 2.1161 2.124
NaN NaN NaN NaN NaN NaN NaN NaN 0.66524 0.71831 0.78299 0.87616 1.0139 1.2509 1.7055 1.5791 1.6783 1.7028 1.7459 1.7877 1.8317 1.8626 1.8963 1.9213 1.9414 1.9615 1.9751 1.9926 2.0075 2.0191 2.0298 2.0388 2.0613 2.0808 2.0937 2.1046 2.1131
NaN NaN NaN NaN NaN NaN NaN NaN 0.90786 0.95449 1.0104 1.0903 1.2113 1.3811 1.5909 1.4999 1.6419 1.6774 1.7228 1.7664 1.81 1.8443 1.8798 1.9074 1.9302 1.9516 1.9666 1.9839 1.9992 2.0101 2.0182 2.0282 2.0474 2.0701 2.0831 2.0934 2.1029
NaN NaN NaN NaN NaN NaN NaN NaN 0.96058 1.0025 1.0647 1.151 1.2656 1.3927 1.5097 1.4644 1.6082 1.6509 1.6991 1.7445 1.7884 1.8247 1.8615 1.8909 1.9167 1.9389 1.9562 1.9731 1.9873 1.9997 2.0072 2.0182 2.0373 2.0597 2.072 2.0831 2.0912
NaN NaN NaN NaN NaN NaN NaN NaN 1.0136 1.0543 1.1194 1.206 1.2991 1.3872 1.4588 1.4512 1.5822 1.6239 1.673 1.7209 1.7651 1.8035 1.8422 1.874 1.903 1.9258 1.9443 1.9634 1.9788 1.9922 2.0021 2.0161 2.0308 2.0519 2.0623 2.0722 2.0795
NaN NaN NaN NaN NaN NaN NaN NaN 1.0392 1.0903 1.1577 1.2346 1.3058 1.3714 1.4287 1.4511 1.5642 1.6078 1.6534 1.6978 1.7411 1.7788 1.817 1.8485 1.8764 1.9106 1.9234 1.8909 1.9685 1.9781 1.9872 2.0048 2.0228 2.04 2.0508 2.0598 2.0664
NaN NaN NaN NaN NaN NaN NaN NaN 1.0587 1.1246 1.1867 1.2499 1.3053 1.3587 1.4124 1.4528 1.549 1.5919 1.6375 1.6806 1.7214 1.7648 1.8033 1.84 1.8781 1.9239 1.9573 1.9248 1.9675 1.9719 1.9803 1.9993 2.0135 2.0317 2.0445 2.0412 2.0586
NaN NaN NaN NaN NaN NaN NaN NaN NaN 1.1719 1.221 1.2685 1.3092 1.3547 1.4066 1.4587 1.5416 1.5787 1.6228 1.6637 1.7053 1.7499 1.7908 1.8291 1.8688 1.9111 1.9335 1.9028 1.956 1.9635 1.9716 1.9908 2.0049 2.0219 2.0363 2.0291 2.0493
NaN NaN NaN NaN NaN NaN NaN NaN NaN 1.2077 1.2523 1.2741 1.3017 1.3485 1.4037 1.4634 1.5388 1.5754 1.6127 1.6511 1.696 1.7411 1.781 1.8206 1.8589 1.8968 1.914 1.8901 1.9436 1.954 1.9651 1.9832 1.9969 2.0141 2.0272 2.0267 2.0399
NaN NaN NaN NaN NaN NaN NaN NaN NaN NaN 1.2529 1.2641 1.2903 1.3489 1.4069 1.4693 1.5378 1.5711 1.6055 1.6453 1.6875 1.7307 1.7701 1.8071 1.8462 1.8805 1.8953 1.8797 1.9309 1.9432 1.9583 1.9756 1.9905 2.006 2.0165 2.0158 2.0284
NaN NaN NaN NaN NaN NaN NaN NaN NaN NaN NaN 1.2645 1.2928 1.3554 1.4146 1.4756 1.5342 1.5633 1.5988 1.6382 1.6799 1.7209 1.7604 1.7969 1.8339 1.8665 1.8805 1.873 1.9192 1.9333 1.9505 1.9678 1.982 1.9977 2.0043 2.0046 2.0165
NaN NaN NaN NaN NaN NaN NaN NaN NaN NaN NaN 1.271 1.3029 1.3574 1.4118 1.4686 1.522 1.5495 1.5828 1.6273 1.6716 1.7106 1.7496 1.7853 1.821 1.8519 1.8672 1.8645 1.9069 1.9224 1.943 1.9595 1.9725 1.9858 1.992 1.9947 2.0044
NaN NaN NaN NaN NaN NaN NaN NaN NaN NaN NaN NaN 1.3008 1.3635 1.3889 1.4496 1.5056 1.5367 1.5718 1.6161 1.6612 1.6995 1.7382 1.7726 1.8089 1.8389 1.8549 1.8585 1.8953 1.9123 1.934 1.9511 1.9648 1.9759 1.9817 1.9842 1.991
NaN NaN NaN NaN NaN NaN NaN NaN NaN NaN NaN NaN NaN 1.3859 1.4048 1.4432 1.5048 1.5309 1.5645 1.6089 1.6521 1.6906 1.7288 1.7628 1.7965 1.8273 1.8424 1.851 1.885 1.901 1.9258 1.942 1.9558 1.9656 1.9708 1.974 1.9776
NaN NaN NaN NaN NaN NaN NaN NaN NaN NaN NaN NaN NaN NaN 1.4172 1.4655 1.4966 1.509 1.5471 1.5977 1.6294 1.6763 1.7141 1.7496 1.786 1.8142 1.8321 1.8452 1.8736 1.8917 1.9174 1.9341 1.9471 1.9555 1.9604 1.9625 1.9669
NaN NaN NaN NaN NaN NaN NaN NaN NaN NaN NaN NaN NaN NaN NaN 1.4736 1.4955 1.4916 1.5296 1.5833 1.6149 1.6639 1.7011 1.7363 1.7714 1.8015 1.8193 1.8396 1.855 1.8777 1.908 1.9262 1.9389 1.946 1.9513 1.9537 1.9548
NaN NaN NaN NaN NaN NaN NaN NaN NaN NaN NaN NaN NaN NaN NaN NaN NaN 1.5064 1.5307 1.5685 1.5837 1.6446 1.6806 1.7131 1.7493 1.7887 1.8095 1.8357 1.8515 1.8741 1.8997 1.9183 1.9301 1.9362 1.9424 1.9436 1.9439
NaN NaN NaN NaN NaN NaN NaN NaN NaN NaN NaN NaN NaN NaN NaN NaN NaN NaN 1.5349 1.5851 1.5657 1.6261 1.6668 1.6944 1.7232 1.7733 1.8003 1.8162 1.8407 1.8649 1.8913 1.911 1.9229 1.9276 1.9327 1.9338 1.933
NaN NaN NaN NaN NaN NaN NaN NaN NaN NaN NaN NaN NaN NaN NaN NaN NaN NaN NaN NaN 1.5563 1.6488 1.6667 1.667 1.6802 1.7509 1.7841 1.7906 1.827 1.8525 1.8857 1.9047 1.9138 1.9183 1.9217 1.9229 1.9232
NaN NaN NaN NaN NaN NaN NaN NaN NaN NaN NaN NaN NaN NaN NaN NaN NaN NaN NaN NaN NaN NaN 1.643 1.6717 1.6656 1.7271 1.7595 1.7546 1.8087 1.8281 1.8521 1.8924 1.9014 1.9048 1.9072 1.9081 1.9084
NaN NaN NaN NaN NaN NaN NaN NaN NaN NaN NaN NaN NaN NaN NaN NaN NaN NaN NaN NaN NaN NaN NaN NaN 1.619 1.7044 1.7151 1.7033 1.7602 1.7905 1.7946 1.8544 1.8753 1.871 1.8827 1.8892 1.8789
NaN NaN NaN NaN NaN NaN NaN NaN NaN NaN NaN NaN NaN NaN NaN NaN NaN NaN NaN NaN NaN NaN NaN NaN NaN NaN 1.6519 1.7053 1.7404 1.7791 1.7485 1.7941 1.8196 1.8003 1.8387 1.843 1.8459
NaN NaN NaN NaN NaN NaN NaN NaN NaN NaN NaN NaN NaN NaN NaN NaN NaN NaN NaN NaN NaN NaN NaN NaN NaN NaN NaN NaN 1.622 1.7338 1.7447 1.7716 1.7589 1.6905 1.6755 1.5432 0.931
NaN NaN NaN NaN NaN NaN NaN NaN NaN NaN NaN NaN NaN NaN NaN NaN NaN NaN NaN NaN NaN NaN NaN NaN NaN NaN NaN NaN NaN NaN 1.5261 1.6863 1.6274 1.4394 0.78406 NaN NaN
NaN NaN NaN NaN NaN NaN NaN NaN NaN NaN NaN NaN NaN NaN NaN NaN NaN NaN NaN NaN NaN NaN NaN NaN NaN NaN NaN NaN NaN NaN NaN NaN 1.2741 0.58716 NaN NaN NaN
NaN NaN NaN NaN NaN NaN NaN NaN NaN NaN NaN NaN NaN NaN NaN NaN NaN NaN NaN NaN NaN NaN NaN NaN NaN NaN NaN NaN NaN NaN NaN NaN NaN NaN NaN NaN NaN
NaN NaN NaN NaN NaN NaN NaN NaN NaN NaN NaN NaN NaN NaN NaN NaN NaN NaN NaN NaN NaN NaN NaN NaN NaN NaN NaN NaN NaN NaN NaN NaN NaN NaN NaN NaN NaN
NaN NaN NaN NaN NaN NaN NaN NaN NaN NaN NaN NaN NaN NaN NaN NaN NaN NaN NaN NaN NaN NaN NaN NaN NaN NaN NaN NaN NaN NaN NaN NaN NaN NaN NaN NaN NaN
