NaN NaN NaN NaN NaN NaN NaN NaN NaN NaN 1.434 1.5214 1.4881 1.5323 1.5294 1.4678 1.4302 1.4255 1.4384 1.4584 1.4781 1.4867 1.4966 1.5082 1.5109 1.5209 1.5248 1.5348 1.5413 1.5458 1.5519 1.5576 1.5693 1.5827 1.5952 1.6017 1.6063
NaN NaN NaN NaN NaN NaN NaN NaN NaN NaN NaN NaN NaN NaN 1.5266 1.4504 1.4088 1.412 1.4308 1.4503 1.4689 1.48 1.492 1.5028 1.506 1.5153 1.5199 1.5288 1.5352 1.539 1.5453 1.5494 1.5616 1.5771 1.5878 1.5942 1.5985
NaN NaN NaN NaN NaN NaN NaN NaN 0.41097 0.37838 0.3577 0.33067 0.29608 0.2647 1.5374 1.4212 1.3989 1.407 1.4271 1.4456 1.4627 1.4746 1.4865 1.4947 1.501 1.5086 1.5134 1.5218 1.5285 1.5318 1.5366 1.5401 1.5535 1.5695 1.5789 1.5853 1.5888
NaN NaN NaN NaN NaN NaN NaN NaN 0.7425 0.78757 0.83747 0.90701 1.0054 1.1703 1.4656 1.3432 1.3776 1.3985 1.4202 1.4373 1.4551 1.466 1.4783 1.4862 1.4932 1.501 1.5066 1.5142 1.5207 1.525 1.5285 1.5327 1.5471 1.5605 1.5684 1.5744 1.5784
NaN NaN NaN NaN NaN NaN NaN NaN 0.93905 0.97286 1.0099 1.062 1.1399 1.2445 1.3617 1.2846 1.3548 1.384 1.4075 1.4266 1.4439 1.4559 1.4677 1.476 1.4831 1.4907 1.4963 1.5034 1.5102 1.5141 1.5163 1.522 1.5346 1.5506 1.5589 1.5645 1.5691
NaN NaN NaN NaN NaN NaN NaN NaN 0.95272 0.98078 1.0233 1.0809 1.1558 1.2328 1.2962 1.2593 1.3327 1.3655 1.392 1.4133 1.431 1.4435 1.4552 1.4639 1.4719 1.4793 1.486 1.4927 1.4988 1.5042 1.5067 1.5132 1.5257 1.5411 1.5491 1.5551 1.5587
NaN NaN NaN NaN NaN NaN NaN NaN 0.98112 1.0078 1.0525 1.1107 1.1701 1.2212 1.2595 1.249 1.3158 1.3454 1.3736 1.398 1.4169 1.431 1.444 1.454 1.4636 1.4711 1.4781 1.4865 1.4932 1.4992 1.5036 1.5118 1.5206 1.5345 1.5413 1.5466 1.55
NaN NaN NaN NaN NaN NaN NaN NaN 0.98692 1.0231 1.0695 1.1207 1.1654 1.2038 1.2374 1.2471 1.3042 1.3331 1.3573 1.3783 1.3963 1.4091 1.4208 1.4294 1.4376 1.4546 1.4589 1.4296 1.4824 1.4897 1.4935 1.5041 1.5154 1.5263 1.5335 1.5384 1.5414
NaN NaN NaN NaN NaN NaN NaN NaN 0.98628 1.0424 1.0843 1.1261 1.161 1.1937 1.2271 1.248 1.2963 1.3246 1.3503 1.372 1.3904 1.41 1.4248 1.4398 1.458 1.4836 1.5001 1.4655 1.4816 1.4862 1.4905 1.502 1.5107 1.5223 1.531 1.5266 1.5369
NaN NaN NaN NaN NaN NaN NaN NaN NaN 1.0783 1.1099 1.1399 1.1654 1.1933 1.2255 1.2526 1.293 1.3165 1.3412 1.3626 1.3825 1.4031 1.4201 1.4351 1.4522 1.4718 1.4793 1.4504 1.4756 1.4818 1.4864 1.4982 1.5074 1.5183 1.5282 1.5207 1.5317
NaN NaN NaN NaN NaN NaN NaN NaN NaN 1.1007 1.1322 1.143 1.1597 1.1894 1.2251 1.2572 1.2952 1.3177 1.3381 1.3589 1.3815 1.4025 1.4185 1.4338 1.4486 1.4642 1.4691 1.4473 1.472 1.4791 1.4858 1.4968 1.5057 1.5166 1.5248 1.5225 1.5277
NaN NaN NaN NaN NaN NaN NaN NaN NaN NaN 1.1292 1.1335 1.1511 1.1915 1.2294 1.263 1.2972 1.3175 1.3372 1.359 1.3791 1.3985 1.4143 1.4274 1.4427 1.456 1.4602 1.4453 1.4685 1.4759 1.4847 1.4945 1.5037 1.5129 1.5187 1.5166 1.5216
NaN NaN NaN NaN NaN NaN NaN NaN NaN NaN NaN 1.1387 1.1566 1.1984 1.2364 1.268 1.296 1.3138 1.335 1.3568 1.377 1.3949 1.411 1.424 1.4376 1.4503 1.4543 1.445 1.4653 1.4729 1.482 1.491 1.4992 1.5083 1.5113 1.51 1.5145
NaN NaN NaN NaN NaN NaN NaN NaN NaN NaN NaN 1.1428 1.1638 1.197 1.2297 1.2585 1.2849 1.3026 1.3241 1.3509 1.3731 1.3895 1.4054 1.4182 1.4312 1.4431 1.4483 1.4421 1.4606 1.4684 1.4787 1.4866 1.4935 1.5008 1.5035 1.5037 1.5067
NaN NaN NaN NaN NaN NaN NaN NaN NaN NaN NaN NaN 1.1466 1.1909 1.205 1.24 1.272 1.2943 1.318 1.3441 1.3667 1.383 1.3988 1.4111 1.425 1.4369 1.4426 1.4404 1.4557 1.4638 1.4742 1.4822 1.489 1.4943 1.4963 1.4959 1.4969
NaN NaN NaN NaN NaN NaN NaN NaN NaN NaN NaN NaN NaN 1.2128 1.2219 1.2388 1.2752 1.2937 1.3154 1.3405 1.3614 1.3779 1.3934 1.4056 1.4178 1.4305 1.4355 1.4364 1.4507 1.4576 1.4694 1.4764 1.4826 1.4866 1.488 1.4878 1.4865
NaN NaN NaN NaN NaN NaN NaN NaN NaN NaN NaN NaN NaN NaN 1.23 1.2566 1.2679 1.2766 1.3008 1.3292 1.3437 1.3669 1.3828 1.3968 1.4117 1.4228 1.4297 1.4332 1.4445 1.4525 1.4644 1.4713 1.4764 1.4793 1.4803 1.479 1.4784
NaN NaN NaN NaN NaN NaN NaN NaN NaN NaN NaN NaN NaN NaN NaN 1.2602 1.2669 1.2604 1.2853 1.3177 1.3347 1.3575 1.373 1.3869 1.4011 1.414 1.4207 1.4292 1.4318 1.4427 1.4582 1.4662 1.4707 1.4724 1.4735 1.4722 1.4694
NaN NaN NaN NaN NaN NaN NaN NaN NaN NaN NaN NaN NaN NaN NaN NaN NaN 1.2719 1.2831 1.3019 1.3097 1.3402 1.3557 1.3688 1.3858 1.4067 1.4161 1.4278 1.4314 1.4407 1.4523 1.4604 1.4642 1.4649 1.4664 1.4641 1.4609
NaN NaN NaN NaN NaN NaN NaN NaN NaN NaN NaN NaN NaN NaN NaN NaN NaN NaN 1.2803 1.3079 1.2932 1.325 1.3444 1.3543 1.3666 1.3955 1.4091 1.4119 1.4229 1.4341 1.4463 1.455 1.4587 1.4583 1.4585 1.4563 1.4527
NaN NaN NaN NaN NaN NaN NaN NaN NaN NaN NaN NaN NaN NaN NaN NaN NaN NaN NaN NaN 1.2844 1.3388 1.3396 1.3308 1.335 1.3785 1.3964 1.3925 1.4123 1.4257 1.4425 1.4503 1.4517 1.4508 1.4498 1.4478 1.4455
NaN NaN NaN NaN NaN NaN NaN NaN NaN NaN NaN NaN NaN NaN NaN NaN NaN NaN NaN NaN NaN NaN 1.3481 1.3455 1.3252 1.359 1.3762 1.3652 1.3968 1.4062 1.4166 1.4404 1.4422 1.4401 1.4382 1.4364 1.435
NaN NaN NaN NaN NaN NaN NaN NaN NaN NaN NaN NaN NaN NaN NaN NaN NaN NaN NaN NaN NaN NaN NaN NaN 1.3235 1.3395 1.3294 1.3174 1.3541 1.3739 1.3725 1.4104 1.4223 1.4137 1.4185 1.4222 1.4136
NaN NaN NaN NaN NaN NaN NaN NaN NaN NaN NaN NaN NaN NaN NaN NaN NaN NaN NaN NaN NaN NaN NaN NaN NaN NaN 1.3182 1.3258 1.3364 1.357 1.3299 1.3576 1.3765 1.3596 1.3847 1.3897 1.3909
NaN NaN NaN NaN NaN NaN NaN NaN NaN NaN NaN NaN NaN NaN NaN NaN NaN NaN NaN NaN NaN NaN NaN NaN NaN NaN NaN NaN 1.3099 1.3715 1.3273 1.3325 1.3102 1.2479 1.2139 1.0762 0.45687
NaN NaN NaN NaN NaN NaN NaN NaN NaN NaN NaN NaN NaN NaN NaN NaN NaN NaN NaN NaN NaN NaN NaN NaN NaN NaN NaN NaN NaN NaN 1.2974 1.2623 1.1759 0.99731 0.38093 NaN NaN
NaN NaN NaN NaN NaN NaN NaN NaN NaN NaN NaN NaN NaN NaN NaN NaN NaN NaN NaN NaN NaN NaN NaN NaN NaN NaN NaN NaN NaN NaN NaN NaN 0.91383 0.28617 NaN NaN NaN
NaN NaN NaN NaN NaN NaN NaN NaN NaN NaN NaN NaN NaN NaN NaN NaN NaN NaN NaN NaN NaN NaN NaN NaN NaN NaN NaN NaN NaN NaN NaN NaN NaN NaN NaN NaN NaN
NaN NaN NaN NaN NaN NaN NaN NaN NaN NaN NaN NaN NaN NaN NaN NaN NaN NaN NaN NaN NaN NaN NaN NaN NaN NaN NaN NaN NaN NaN NaN NaN NaN NaN NaN NaN NaN
NaN NaN NaN NaN NaN NaN NaN NaN NaN NaN NaN NaN NaN NaN NaN NaN NaN NaN NaN NaN NaN NaN NaN NaN NaN NaN NaN NaN NaN NaN NaN NaN NaN NaN NaN NaN NaN
