NaN NaN NaN NaN NaN NaN NaN NaN NaN NaN 1.3589 1.4471 1.4148 1.4588 1.4562 1.3971 1.3619 1.3567 1.3685 1.3875 1.4066 1.4148 1.4245 1.4357 1.4384 1.4482 1.4521 1.4619 1.4684 1.473 1.479 1.4847 1.4958 1.5085 1.5203 1.5264 1.5309
NaN NaN NaN NaN NaN NaN NaN NaN NaN NaN NaN NaN NaN NaN 1.4475 1.3783 1.3406 1.3433 1.3611 1.3798 1.3979 1.4088 1.4205 1.4312 1.4344 1.4435 1.448 1.4568 1.4632 1.4671 1.4734 1.4774 1.489 1.5036 1.5138 1.5198 1.5239
NaN NaN NaN NaN NaN NaN NaN NaN 0.37942 0.3491 0.32968 0.30448 0.27241 0.24342 1.4579 1.3486 1.3304 1.3378 1.3571 1.3751 1.392 1.4038 1.4157 1.4239 1.4303 1.4379 1.4425 1.4509 1.4575 1.461 1.4658 1.4691 1.4818 1.497 1.5059 1.5119 1.5153
NaN NaN NaN NaN NaN NaN NaN NaN 0.68892 0.73192 0.78074 0.84872 0.94427 1.1039 1.3907 1.2749 1.3103 1.3297 1.3505 1.3673 1.385 1.3959 1.4083 1.4164 1.4236 1.4313 1.4368 1.4444 1.4509 1.4552 1.4588 1.4628 1.4764 1.489 1.4965 1.5023 1.5061
NaN NaN NaN NaN NaN NaN NaN NaN 0.87835 0.9114 0.94831 0.99982 1.0761 1.1783 1.2939 1.2199 1.2889 1.3162 1.3388 1.3574 1.3746 1.3868 1.3988 1.4075 1.4148 1.4224 1.428 1.4351 1.4418 1.4458 1.448 1.4533 1.4652 1.4802 1.4881 1.4934 1.4978
NaN NaN NaN NaN NaN NaN NaN NaN 0.89615 0.92389 0.96563 1.0219 1.0945 1.1696 1.2324 1.1964 1.2681 1.2991 1.3245 1.3452 1.3628 1.3755 1.3875 1.3966 1.4049 1.4123 1.419 1.4258 1.4317 1.4371 1.4395 1.4455 1.4573 1.4718 1.4793 1.485 1.4886
NaN NaN NaN NaN NaN NaN NaN NaN 0.9259 0.95244 0.99582 1.0521 1.1097 1.1599 1.1979 1.1871 1.2523 1.2804 1.3074 1.3311 1.3497 1.3639 1.3772 1.3876 1.3974 1.405 1.4121 1.4203 1.4269 1.4327 1.437 1.4446 1.4529 1.466 1.4724 1.4775 1.4807
NaN NaN NaN NaN NaN NaN NaN NaN 0.93405 0.96916 1.0139 1.0633 1.1066 1.1444 1.1772 1.186 1.2416 1.2691 1.2924 1.313 1.331 1.3441 1.3562 1.3653 1.3739 1.3906 1.3952 1.3664 1.4174 1.4243 1.4279 1.4378 1.4485 1.4587 1.4655 1.4701 1.4729
NaN NaN NaN NaN NaN NaN NaN NaN 0.93552 0.98858 1.0291 1.0694 1.1033 1.1352 1.1676 1.1871 1.2342 1.2609 1.2855 1.3068 1.3251 1.3445 1.3594 1.3743 1.3922 1.417 1.4334 1.4003 1.417 1.4213 1.4253 1.4362 1.4444 1.4553 1.4634 1.4592 1.4691
NaN NaN NaN NaN NaN NaN NaN NaN NaN 1.023 1.0539 1.083 1.1077 1.1351 1.1662 1.1919 1.2314 1.2532 1.2769 1.2976 1.3176 1.3382 1.3551 1.3703 1.3872 1.4066 1.4146 1.3867 1.4116 1.4175 1.4217 1.4329 1.4415 1.4516 1.461 1.4538 1.4644
NaN NaN NaN NaN NaN NaN NaN NaN NaN 1.0452 1.0753 1.0865 1.103 1.1318 1.1659 1.1966 1.2335 1.2546 1.2739 1.2941 1.3165 1.3376 1.3537 1.3691 1.3841 1.3997 1.4051 1.3838 1.4083 1.4151 1.4213 1.4317 1.44 1.4502 1.458 1.4557 1.4608
NaN NaN NaN NaN NaN NaN NaN NaN NaN NaN 1.0731 1.0778 1.0952 1.134 1.1701 1.2022 1.2356 1.2546 1.2733 1.2943 1.3143 1.3339 1.3499 1.3633 1.3787 1.3922 1.3968 1.3821 1.405 1.4121 1.4205 1.4297 1.4383 1.447 1.4525 1.4504 1.4553
NaN NaN NaN NaN NaN NaN NaN NaN NaN NaN NaN 1.0826 1.1003 1.1407 1.177 1.2073 1.2347 1.2514 1.2716 1.2925 1.3124 1.3305 1.3468 1.3602 1.374 1.3868 1.3913 1.382 1.4021 1.4094 1.4181 1.4267 1.4344 1.443 1.4458 1.4445 1.4489
NaN NaN NaN NaN NaN NaN NaN NaN NaN NaN NaN 1.0867 1.1072 1.1397 1.1712 1.199 1.2247 1.2413 1.2616 1.2871 1.3088 1.3256 1.3417 1.3548 1.3681 1.3802 1.3857 1.3795 1.3978 1.4053 1.4153 1.4229 1.4293 1.4362 1.4389 1.4389 1.4419
NaN NaN NaN NaN NaN NaN NaN NaN NaN NaN NaN NaN 1.0918 1.134 1.1482 1.1821 1.2128 1.2336 1.2562 1.2811 1.303 1.3195 1.3357 1.3484 1.3624 1.3744 1.3804 1.3781 1.3933 1.4012 1.4112 1.419 1.4254 1.4305 1.4324 1.432 1.433
NaN NaN NaN NaN NaN NaN NaN NaN NaN NaN NaN NaN NaN 1.1546 1.1634 1.1805 1.2157 1.2331 1.2538 1.278 1.2984 1.3149 1.3307 1.3433 1.3558 1.3687 1.3739 1.3746 1.3888 1.3956 1.4071 1.4139 1.4198 1.4237 1.425 1.4248 1.4237
NaN NaN NaN NaN NaN NaN NaN NaN NaN NaN NaN NaN NaN NaN 1.1713 1.1969 1.2087 1.2173 1.2406 1.2679 1.2821 1.3049 1.3209 1.3352 1.3502 1.3615 1.3686 1.3719 1.3831 1.391 1.4026 1.4094 1.4144 1.4171 1.4181 1.4169 1.4164
NaN NaN NaN NaN NaN NaN NaN NaN NaN NaN NaN NaN NaN NaN NaN 1.2007 1.2075 1.2022 1.2262 1.2574 1.2738 1.2963 1.312 1.3261 1.3405 1.3535 1.3604 1.3686 1.3713 1.382 1.3971 1.4049 1.4093 1.411 1.412 1.4109 1.4083
NaN NaN NaN NaN NaN NaN NaN NaN NaN NaN NaN NaN NaN NaN NaN NaN NaN 1.2126 1.224 1.2428 1.2506 1.2804 1.296 1.3092 1.3261 1.3467 1.3561 1.3675 1.3712 1.3804 1.3918 1.3998 1.4036 1.4043 1.4057 1.4036 1.4006
NaN NaN NaN NaN NaN NaN NaN NaN NaN NaN NaN NaN NaN NaN NaN NaN NaN NaN 1.2215 1.2484 1.2349 1.2661 1.2854 1.2956 1.3081 1.3363 1.3498 1.3527 1.3635 1.3745 1.3865 1.395 1.3987 1.3984 1.3987 1.3966 1.3933
NaN NaN NaN NaN NaN NaN NaN NaN NaN NaN NaN NaN NaN NaN NaN NaN NaN NaN NaN NaN 1.2263 1.2789 1.2805 1.2733 1.2779 1.3204 1.338 1.3346 1.3538 1.3668 1.3832 1.3909 1.3924 1.3918 1.3908 1.389 1.3868
NaN NaN NaN NaN NaN NaN NaN NaN NaN NaN NaN NaN NaN NaN NaN NaN NaN NaN NaN NaN NaN NaN 1.2884 1.2868 1.2676 1.3016 1.3189 1.3089 1.3395 1.3487 1.359 1.382 1.3839 1.382 1.3803 1.3786 1.3771
NaN NaN NaN NaN NaN NaN NaN NaN NaN NaN NaN NaN NaN NaN NaN NaN NaN NaN NaN NaN NaN NaN NaN NaN 1.2655 1.2825 1.2751 1.2641 1.2993 1.3184 1.3173 1.354 1.3655 1.3574 1.3621 1.3656 1.3573
NaN NaN NaN NaN NaN NaN NaN NaN NaN NaN NaN NaN NaN NaN NaN NaN NaN NaN NaN NaN NaN NaN NaN NaN NaN NaN 1.2618 1.2712 1.2823 1.3032 1.277 1.3042 1.3224 1.3063 1.3305 1.335 1.3359
NaN NaN NaN NaN NaN NaN NaN NaN NaN NaN NaN NaN NaN NaN NaN NaN NaN NaN NaN NaN NaN NaN NaN NaN NaN NaN NaN NaN 1.2549 1.3172 1.2744 1.2799 1.2596 1.2007 1.1693 1.0395 0.45986
NaN NaN NaN NaN NaN NaN NaN NaN NaN NaN NaN NaN NaN NaN NaN NaN NaN NaN NaN NaN NaN NaN NaN NaN NaN NaN NaN NaN NaN NaN 1.2541 1.213 1.1323 0.96363 0.38398 NaN NaN
NaN NaN NaN NaN NaN NaN NaN NaN NaN NaN NaN NaN NaN NaN NaN NaN NaN NaN NaN NaN NaN NaN NaN NaN NaN NaN NaN NaN NaN NaN NaN NaN 0.87998 0.28844 NaN NaN NaN
NaN NaN NaN NaN NaN NaN NaN NaN NaN NaN NaN NaN NaN NaN NaN NaN NaN NaN NaN NaN NaN NaN NaN NaN NaN NaN NaN NaN NaN NaN NaN NaN NaN NaN NaN NaN NaN
NaN NaN NaN NaN NaN NaN NaN NaN NaN NaN NaN NaN NaN NaN NaN NaN NaN NaN NaN NaN NaN NaN NaN NaN NaN NaN NaN NaN NaN NaN NaN NaN NaN NaN NaN NaN NaN
NaN NaN NaN NaN NaN NaN NaN NaN NaN NaN NaN NaN NaN NaN NaN NaN NaN NaN NaN NaN NaN NaN NaN NaN NaN NaN NaN NaN NaN NaN NaN NaN NaN NaN NaN NaN NaN
