NaN NaN NaN NaN NaN NaN NaN NaN NaN NaN 1.4123 1.5057 1.4744 1.5214 1.519 1.4568 1.4186 1.4129 1.4252 1.4455 1.4657 1.4745 1.4848 1.4967 1.4997 1.5102 1.5144 1.5248 1.5317 1.5367 1.5433 1.5493 1.5612 1.5747 1.5873 1.5938 1.5986
NaN NaN NaN NaN NaN NaN NaN NaN NaN NaN NaN NaN NaN NaN 1.5084 1.4364 1.396 1.3985 1.4172 1.4371 1.4564 1.4679 1.4804 1.4917 1.4952 1.505 1.5099 1.5193 1.5261 1.5304 1.5371 1.5415 1.5538 1.5693 1.5802 1.5866 1.5911
NaN NaN NaN NaN NaN NaN NaN NaN 0.39331 0.36179 0.34163 0.31542 0.28203 0.25175 1.5187 1.4043 1.3847 1.3923 1.4128 1.432 1.45 1.4624 1.4751 1.4839 1.4908 1.4989 1.504 1.5129 1.52 1.5237 1.5289 1.5326 1.5461 1.5622 1.5717 1.5782 1.5819
NaN NaN NaN NaN NaN NaN NaN NaN 0.7168 0.76136 0.81134 0.88121 0.98039 1.1471 1.4483 1.3261 1.3632 1.3836 1.4057 1.4237 1.4425 1.4541 1.4673 1.476 1.4836 1.4919 1.4979 1.506 1.5129 1.5176 1.5215 1.5258 1.5403 1.5537 1.5618 1.5679 1.572
NaN NaN NaN NaN NaN NaN NaN NaN 0.91265 0.94673 0.98449 1.0376 1.1171 1.2244 1.3461 1.268 1.3405 1.3693 1.3933 1.4132 1.4315 1.4444 1.4572 1.4665 1.4743 1.4825 1.4886 1.4961 1.5032 1.5075 1.51 1.5157 1.5284 1.5444 1.5528 1.5584 1.5632
NaN NaN NaN NaN NaN NaN NaN NaN 0.92962 0.95819 1.0013 1.0598 1.1359 1.215 1.281 1.2428 1.3186 1.3512 1.3782 1.4003 1.419 1.4325 1.4454 1.455 1.4638 1.4719 1.479 1.4862 1.4925 1.4982 1.5009 1.5074 1.52 1.5354 1.5434 1.5495 1.5533
NaN NaN NaN NaN NaN NaN NaN NaN 0.9596 0.98687 1.0321 1.091 1.1515 1.2042 1.2441 1.2328 1.3018 1.3315 1.3602 1.3854 1.4052 1.4203 1.4344 1.4453 1.4559 1.464 1.4715 1.4803 1.4873 1.4935 1.4981 1.5063 1.5152 1.5292 1.536 1.5414 1.5449
NaN NaN NaN NaN NaN NaN NaN NaN 0.96718 1.0037 1.0505 1.1024 1.1479 1.1875 1.2219 1.2314 1.2905 1.3196 1.3445 1.3665 1.3856 1.3995 1.4123 1.422 1.4311 1.4485 1.453 1.4247 1.4773 1.4844 1.4883 1.499 1.5104 1.5213 1.5285 1.5334 1.5364
NaN NaN NaN NaN NaN NaN NaN NaN 0.96839 1.0237 1.0662 1.1085 1.1441 1.1775 1.2114 1.2324 1.2824 1.3107 1.3369 1.3597 1.3792 1.3995 1.4152 1.431 1.4498 1.4758 1.4928 1.4595 1.4768 1.4811 1.4854 1.497 1.5058 1.5174 1.526 1.5217 1.5321
NaN NaN NaN NaN NaN NaN NaN NaN NaN 1.0596 1.0918 1.1223 1.1483 1.1769 1.2096 1.2372 1.2792 1.3023 1.3276 1.3497 1.371 1.3927 1.4105 1.4265 1.4444 1.4648 1.4729 1.4447 1.4709 1.4768 1.4813 1.4933 1.5024 1.5133 1.5231 1.5158 1.5269
NaN NaN NaN NaN NaN NaN NaN NaN NaN 1.0826 1.1142 1.1256 1.1428 1.1729 1.2089 1.2417 1.281 1.3034 1.324 1.3452 1.3694 1.3917 1.4087 1.425 1.4408 1.4573 1.4626 1.4412 1.4671 1.4739 1.4806 1.4916 1.5006 1.5115 1.5197 1.5174 1.5229
NaN NaN NaN NaN NaN NaN NaN NaN NaN NaN 1.1116 1.1164 1.1343 1.1749 1.213 1.2474 1.2829 1.303 1.3229 1.3451 1.3666 1.3874 1.4044 1.4186 1.4349 1.449 1.4535 1.4389 1.4633 1.4706 1.4794 1.4893 1.4985 1.5078 1.5136 1.5116 1.5168
NaN NaN NaN NaN NaN NaN NaN NaN NaN NaN NaN 1.1211 1.1393 1.1816 1.22 1.2524 1.2816 1.2992 1.3207 1.343 1.3643 1.3836 1.4009 1.415 1.4297 1.4431 1.4474 1.4384 1.4599 1.4675 1.4767 1.4859 1.4941 1.5033 1.5063 1.505 1.5098
NaN NaN NaN NaN NaN NaN NaN NaN NaN NaN NaN 1.1253 1.1466 1.1805 1.2137 1.2435 1.2708 1.2882 1.3099 1.3369 1.3601 1.3781 1.3952 1.4091 1.4232 1.4358 1.4413 1.4354 1.455 1.4629 1.4735 1.4817 1.4886 1.496 1.4987 1.4989 1.5022
NaN NaN NaN NaN NaN NaN NaN NaN NaN NaN NaN NaN 1.131 1.1754 1.1898 1.2255 1.258 1.2799 1.3038 1.3303 1.3535 1.3714 1.3886 1.402 1.417 1.4295 1.4355 1.4337 1.45 1.4583 1.469 1.4773 1.4843 1.4897 1.4917 1.4914 1.4926
NaN NaN NaN NaN NaN NaN NaN NaN NaN NaN NaN NaN NaN 1.1966 1.206 1.2238 1.2608 1.2791 1.301 1.3268 1.3484 1.3662 1.3831 1.3965 1.4098 1.4232 1.4284 1.4298 1.4451 1.4522 1.4644 1.4717 1.4781 1.4823 1.4838 1.4836 1.4826
NaN NaN NaN NaN NaN NaN NaN NaN NaN NaN NaN NaN NaN NaN 1.2142 1.2414 1.2537 1.2624 1.2869 1.3159 1.3312 1.3554 1.3726 1.3878 1.4037 1.4154 1.4227 1.4267 1.4388 1.4472 1.4595 1.4668 1.4723 1.4752 1.4763 1.4751 1.4748
NaN NaN NaN NaN NaN NaN NaN NaN NaN NaN NaN NaN NaN NaN NaN 1.2453 1.2527 1.2467 1.2719 1.3048 1.3222 1.3462 1.3629 1.378 1.3933 1.4068 1.4139 1.4229 1.4263 1.4376 1.4536 1.462 1.4668 1.4687 1.4698 1.4686 1.466
NaN NaN NaN NaN NaN NaN NaN NaN NaN NaN NaN NaN NaN NaN NaN NaN NaN 1.2581 1.2699 1.2897 1.2978 1.3295 1.346 1.3602 1.378 1.3995 1.4092 1.4216 1.426 1.4357 1.4478 1.4564 1.4606 1.4615 1.463 1.4609 1.4578
NaN NaN NaN NaN NaN NaN NaN NaN NaN NaN NaN NaN NaN NaN NaN NaN NaN NaN 1.2679 1.2964 1.2818 1.3145 1.3349 1.3459 1.359 1.3885 1.4024 1.4061 1.4177 1.4294 1.4421 1.4512 1.4553 1.4551 1.4554 1.4533 1.4499
NaN NaN NaN NaN NaN NaN NaN NaN NaN NaN NaN NaN NaN NaN NaN NaN NaN NaN NaN NaN 1.2734 1.329 1.3305 1.3229 1.3274 1.3717 1.39 1.3871 1.4074 1.4212 1.4385 1.4468 1.4486 1.448 1.447 1.4452 1.4429
NaN NaN NaN NaN NaN NaN NaN NaN NaN NaN NaN NaN NaN NaN NaN NaN NaN NaN NaN NaN NaN NaN 1.3389 1.3376 1.317 1.3526 1.3704 1.3601 1.3923 1.4021 1.4131 1.4373 1.4394 1.4376 1.4358 1.434 1.4325
NaN NaN NaN NaN NaN NaN NaN NaN NaN NaN NaN NaN NaN NaN NaN NaN NaN NaN NaN NaN NaN NaN NaN NaN 1.3147 1.3337 1.3252 1.3137 1.3507 1.3706 1.3695 1.4078 1.4199 1.4117 1.4165 1.42 1.4113
NaN NaN NaN NaN NaN NaN NaN NaN NaN NaN NaN NaN NaN NaN NaN NaN NaN NaN NaN NaN NaN NaN NaN NaN NaN NaN 1.3114 1.3221 1.3336 1.3546 1.3283 1.3562 1.3749 1.3582 1.3831 1.3876 1.3887
NaN NaN NaN NaN NaN NaN NaN NaN NaN NaN NaN NaN NaN NaN NaN NaN NaN NaN NaN NaN NaN NaN NaN NaN NaN NaN NaN NaN 1.3044 1.3697 1.3266 1.3327 1.3111 1.2497 1.2175 1.0832 0.48152
NaN NaN NaN NaN NaN NaN NaN NaN NaN NaN NaN NaN NaN NaN NaN NaN NaN NaN NaN NaN NaN NaN NaN NaN NaN NaN NaN NaN NaN NaN 1.2943 1.2643 1.1806 1.0053 0.40255 NaN NaN
NaN NaN NaN NaN NaN NaN NaN NaN NaN NaN NaN NaN NaN NaN NaN NaN NaN NaN NaN NaN NaN NaN NaN NaN NaN NaN NaN NaN NaN NaN NaN NaN 0.91867 0.30258 NaN NaN NaN
NaN NaN NaN NaN NaN NaN NaN NaN NaN NaN NaN NaN NaN NaN NaN NaN NaN NaN NaN NaN NaN NaN NaN NaN NaN NaN NaN NaN NaN NaN NaN NaN NaN NaN NaN NaN NaN
NaN NaN NaN NaN NaN NaN NaN NaN NaN NaN NaN NaN NaN NaN NaN NaN NaN NaN NaN NaN NaN NaN NaN NaN NaN NaN NaN NaN NaN NaN NaN NaN NaN NaN NaN NaN NaN
NaN NaN NaN NaN NaN NaN NaN NaN NaN NaN NaN NaN NaN NaN NaN NaN NaN NaN NaN NaN NaN NaN NaN NaN NaN NaN NaN NaN NaN NaN NaN NaN NaN NaN NaN NaN NaN
