NaN NaN NaN NaN NaN NaN NaN NaN NaN NaN 1.8371 2.1026 2.1795 2.39 2.4853 2.6446 2.8128 2.8221 2.8724 2.942 3.0141 3.0485 3.0859 3.1236 3.1359 3.1703 3.1861 3.2194 3.2452 3.2699 3.2983 3.3228 3.3588 3.3934 3.4269 3.4465 3.4632
NaN NaN NaN NaN NaN NaN NaN NaN NaN NaN NaN NaN NaN NaN 2.1615 2.3418 2.6895 2.7246 2.7996 2.8817 2.9612 3.0096 3.0593 3.1031 3.1222 3.1579 3.1758 3.2078 3.2341 3.257 3.2853 3.3042 3.3395 3.3777 3.407 3.4267 3.4432
NaN NaN NaN NaN NaN NaN NaN NaN 0.38171 0.34234 0.31193 0.27521 0.23075 0.18575 2.1517 2.2151 2.6022 2.6524 2.7383 2.8267 2.9111 2.971 3.0299 3.0755 3.1079 3.1431 3.164 3.1964 3.224 3.245 3.2691 3.285 3.3221 3.361 3.3868 3.4071 3.422
NaN NaN NaN NaN NaN NaN NaN NaN 0.82039 0.88783 0.97004 1.0901 1.2693 1.577 2.16 2.1741 2.5269 2.596 2.6877 2.7752 2.8647 2.929 2.9961 3.0467 3.0868 3.1251 3.1513 3.1837 3.2115 3.2338 3.2547 3.2719 3.3105 3.3436 3.366 3.3856 3.4015
NaN NaN NaN NaN NaN NaN NaN NaN 1.1567 1.2202 1.2971 1.4077 1.5765 1.8153 2.1156 2.1235 2.4634 2.5463 2.6397 2.7289 2.8175 2.8886 2.9602 3.0165 3.0625 3.1044 3.1338 3.1666 3.1955 3.2167 3.2333 3.2519 3.2849 3.3229 3.3455 3.3643 3.3818
NaN NaN NaN NaN NaN NaN NaN NaN 1.2522 1.3125 1.4013 1.5257 1.6935 1.8833 2.0695 2.1041 2.4068 2.4986 2.5942 2.6845 2.7729 2.8477 2.9222 2.9824 3.0345 3.0785 3.1127 3.1452 3.1726 3.1964 3.2119 3.232 3.265 3.3028 3.3244 3.3446 3.36
NaN NaN NaN NaN NaN NaN NaN NaN 1.3451 1.4052 1.5012 1.6305 1.7724 1.9115 2.038 2.1027 2.3639 2.4525 2.5472 2.6397 2.7271 2.8049 2.8826 2.9471 3.0051 3.0508 3.0874 3.1239 3.1536 3.1793 3.1988 3.2242 3.2504 3.2867 3.3051 3.3235 3.3376
NaN NaN NaN NaN NaN NaN NaN NaN 1.3979 1.4744 1.5757 1.6936 1.8066 1.9148 2.022 2.1142 2.3341 2.424 2.5128 2.5989 2.684 2.7606 2.8378 2.9025 2.9594 3.0235 3.0507 3.0024 3.1336 3.151 3.1695 3.2012 3.2329 3.2634 3.2828 3.2996 3.3127
NaN NaN NaN NaN NaN NaN NaN NaN 1.4422 1.5384 1.6337 1.7332 1.8238 1.9149 2.0166 2.1246 2.3091 2.3956 2.4827 2.5652 2.6443 2.728 2.8041 2.8755 2.9473 3.0297 3.0918 3.0475 3.1282 3.1368 3.1534 3.1874 3.213 3.2453 3.2681 3.2652 3.2965
NaN NaN NaN NaN NaN NaN NaN NaN NaN 1.6177 1.6961 1.7734 1.8431 1.9221 2.0208 2.139 2.2972 2.3729 2.4567 2.534 2.6131 2.6978 2.7769 2.8513 2.9267 3.0053 3.0505 3.0071 3.104 3.1187 3.1347 3.1688 3.1941 3.2244 3.25 3.2411 3.2778
NaN NaN NaN NaN NaN NaN NaN NaN NaN 1.6768 1.75 1.7927 1.8422 1.9232 2.0261 2.15 2.2917 2.3648 2.437 2.5091 2.5924 2.6774 2.7544 2.831 2.9048 2.977 3.0132 2.9794 3.0772 3.0974 3.1186 3.1513 3.1758 3.2065 3.2304 3.2325 3.2584
NaN NaN NaN NaN NaN NaN NaN NaN NaN NaN 1.7558 1.7875 1.8343 1.9318 2.0381 2.162 2.2896 2.3559 2.422 2.496 2.5746 2.6562 2.7321 2.8043 2.8793 2.9454 2.9771 2.9562 3.0498 3.0739 3.1022 3.1339 3.1607 3.1891 3.2091 3.2109 3.2355
NaN NaN NaN NaN NaN NaN NaN NaN NaN NaN NaN 1.7923 1.8446 1.9482 2.0557 2.1747 2.2841 2.3418 2.4086 2.4816 2.559 2.6364 2.7119 2.783 2.8545 2.9174 2.9474 2.9395 3.0245 3.0522 3.0845 3.1167 3.143 3.1716 3.1858 3.1892 3.2127
NaN NaN NaN NaN NaN NaN NaN NaN NaN NaN NaN 1.7985 1.867 1.959 2.0585 2.1681 2.2666 2.3201 2.3818 2.4622 2.5433 2.617 2.6913 2.7605 2.8296 2.8894 2.9211 2.921 2.9991 3.0293 3.0678 3.099 3.1237 3.1487 3.1623 3.1697 3.1897
NaN NaN NaN NaN NaN NaN NaN NaN NaN NaN NaN NaN 1.8422 1.9493 2.031 2.1427 2.2425 2.2991 2.3627 2.4427 2.5252 2.5971 2.6704 2.7369 2.8063 2.8642 2.897 2.9072 2.9756 3.0084 3.0492 3.0815 3.1076 3.1295 3.1426 3.1501 3.1654
NaN NaN NaN NaN NaN NaN NaN NaN NaN NaN NaN NaN NaN 1.934 2.0078 2.135 2.2404 2.288 2.349 2.4297 2.5091 2.5808 2.653 2.7186 2.7834 2.8421 2.8732 2.892 2.955 2.9863 3.0323 3.0636 3.0901 3.1101 3.1223 3.1312 3.1414
NaN NaN NaN NaN NaN NaN NaN NaN NaN NaN NaN NaN NaN NaN 1.9636 2.0907 2.232 2.2569 2.3224 2.4133 2.4728 2.5574 2.628 2.6953 2.7639 2.818 2.8537 2.8798 2.9331 2.9677 3.0156 3.0476 3.0733 3.091 3.103 3.1102 3.1216
NaN NaN NaN NaN NaN NaN NaN NaN NaN NaN NaN NaN NaN NaN NaN 2.0192 2.1306 2.2328 2.2992 2.3913 2.4486 2.5369 2.6062 2.6728 2.7388 2.7957 2.8309 2.869 2.9002 2.9425 2.9975 3.032 3.0573 3.073 3.0858 3.0937 3.1
NaN NaN NaN NaN NaN NaN NaN NaN NaN NaN NaN NaN NaN NaN NaN NaN NaN 2.1425 2.2843 2.3715 2.4004 2.5077 2.5741 2.635 2.7014 2.7722 2.8118 2.8599 2.8914 2.9341 2.9818 3.0168 3.0407 3.0548 3.0693 3.0754 3.0802
NaN NaN NaN NaN NaN NaN NaN NaN NaN NaN NaN NaN NaN NaN NaN NaN NaN NaN 2.1222 2.2344 2.354 2.4792 2.5522 2.6044 2.658 2.7458 2.7954 2.8275 2.8723 2.9172 2.966 3.0029 3.0269 3.039 3.0516 3.0576 3.0606
NaN NaN NaN NaN NaN NaN NaN NaN NaN NaN NaN NaN NaN NaN NaN NaN NaN NaN NaN NaN 2.1454 2.2941 2.4854 2.5569 2.5877 2.7089 2.7685 2.785 2.849 2.895 2.9547 2.9908 3.0104 3.0221 3.0323 3.0383 3.0426
NaN NaN NaN NaN NaN NaN NaN NaN NaN NaN NaN NaN NaN NaN NaN NaN NaN NaN NaN NaN NaN NaN 2.1015 2.1987 2.4067 2.6636 2.7282 2.7257 2.8194 2.8548 2.8996 2.9694 2.9886 2.999 3.0075 3.0128 3.0167
NaN NaN NaN NaN NaN NaN NaN NaN NaN NaN NaN NaN NaN NaN NaN NaN NaN NaN NaN NaN NaN NaN NaN NaN 2.0523 2.3557 2.6178 2.6382 2.7415 2.7955 2.8061 2.9078 2.9451 2.9434 2.9673 2.9809 2.9672
NaN NaN NaN NaN NaN NaN NaN NaN NaN NaN NaN NaN NaN NaN NaN NaN NaN NaN NaN NaN NaN NaN NaN NaN NaN NaN 2.2274 2.342 2.5884 2.7487 2.6905 2.8104 2.8567 2.8293 2.896 2.9043 2.9116
NaN NaN NaN NaN NaN NaN NaN NaN NaN NaN NaN NaN NaN NaN NaN NaN NaN NaN NaN NaN NaN NaN NaN NaN NaN NaN NaN NaN 2.0517 2.1857 2.331 2.4562 2.6858 2.6638 2.6683 2.4899 1.6187
NaN NaN NaN NaN NaN NaN NaN NaN NaN NaN NaN NaN NaN NaN NaN NaN NaN NaN NaN NaN NaN NaN NaN NaN NaN NaN NaN NaN NaN NaN 1.7521 2.1656 2.409 2.3004 1.3574 NaN NaN
NaN NaN NaN NaN NaN NaN NaN NaN NaN NaN NaN NaN NaN NaN NaN NaN NaN NaN NaN NaN NaN NaN NaN NaN NaN NaN NaN NaN NaN NaN NaN NaN 1.8732 1.0005 NaN NaN NaN
NaN NaN NaN NaN NaN NaN NaN NaN NaN NaN NaN NaN NaN NaN NaN NaN NaN NaN NaN NaN NaN NaN NaN NaN NaN NaN NaN NaN NaN NaN NaN NaN NaN NaN NaN NaN NaN
NaN NaN NaN NaN NaN NaN NaN NaN NaN NaN NaN NaN NaN NaN NaN NaN NaN NaN NaN NaN NaN NaN NaN NaN NaN NaN NaN NaN NaN NaN NaN NaN NaN NaN NaN NaN NaN
NaN NaN NaN NaN NaN NaN NaN NaN NaN NaN NaN NaN NaN NaN NaN NaN NaN NaN NaN NaN NaN NaN NaN NaN NaN NaN NaN NaN NaN NaN NaN NaN NaN NaN NaN NaN NaN
