NaN NaN NaN NaN NaN NaN NaN NaN NaN NaN 1.3242 1.4104 1.3791 1.4222 1.4196 1.3611 1.3253 1.32 1.3317 1.3506 1.3694 1.3775 1.3871 1.3981 1.4009 1.4106 1.4145 1.4242 1.4305 1.435 1.4411 1.4467 1.4578 1.4703 1.4821 1.4882 1.4927
NaN NaN NaN NaN NaN NaN NaN NaN NaN NaN NaN NaN NaN NaN 1.4116 1.3428 1.3044 1.3067 1.3242 1.3428 1.3606 1.3713 1.3829 1.3933 1.3966 1.4057 1.4102 1.4188 1.4251 1.429 1.4352 1.4392 1.4507 1.4652 1.4753 1.4814 1.4856
NaN NaN NaN NaN NaN NaN NaN NaN 0.36989 0.34031 0.32143 0.29686 0.26551 0.23709 1.4214 1.3133 1.2939 1.3012 1.3202 1.3381 1.3547 1.3662 1.3779 1.386 1.3923 1.3998 1.4045 1.4126 1.4192 1.4226 1.4273 1.4307 1.4434 1.4584 1.4673 1.4733 1.4767
NaN NaN NaN NaN NaN NaN NaN NaN 0.67416 0.71581 0.76224 0.82716 0.91947 1.0748 1.3549 1.2401 1.2738 1.293 1.3136 1.3303 1.3476 1.3583 1.3704 1.3784 1.3854 1.3931 1.3986 1.406 1.4124 1.4166 1.4202 1.4242 1.4377 1.4503 1.4578 1.4635 1.4674
NaN NaN NaN NaN NaN NaN NaN NaN 0.85679 0.88848 0.92342 0.97268 1.0465 1.1461 1.2589 1.1856 1.2526 1.2796 1.3019 1.3204 1.3373 1.3492 1.3609 1.3694 1.3765 1.3841 1.3896 1.3965 1.4031 1.407 1.4093 1.4146 1.4265 1.4414 1.4492 1.4545 1.459
NaN NaN NaN NaN NaN NaN NaN NaN 0.87167 0.89819 0.93823 0.9926 1.0634 1.1367 1.1977 1.1619 1.232 1.2626 1.2878 1.3083 1.3256 1.3379 1.3497 1.3585 1.3665 1.3739 1.3805 1.3871 1.3929 1.3981 1.4006 1.4067 1.4185 1.4328 1.4403 1.446 1.4496
NaN NaN NaN NaN NaN NaN NaN NaN 0.89911 0.92439 0.96641 1.0213 1.0775 1.1263 1.1631 1.1524 1.2163 1.2441 1.2708 1.2943 1.3126 1.3264 1.3394 1.3493 1.3589 1.3664 1.3733 1.3814 1.3879 1.3936 1.3978 1.4055 1.4139 1.4269 1.4332 1.4383 1.4416
NaN NaN NaN NaN NaN NaN NaN NaN 0.90566 0.93965 0.98323 1.0315 1.0738 1.1104 1.1423 1.151 1.2056 1.2328 1.256 1.2764 1.294 1.3068 1.3185 1.3273 1.3355 1.3517 1.3557 1.3295 1.3783 1.385 1.3886 1.3985 1.4092 1.4194 1.4261 1.4308 1.4336
NaN NaN NaN NaN NaN NaN NaN NaN 0.90637 0.95808 0.9976 1.037 1.07 1.1009 1.1324 1.1518 1.198 1.2245 1.249 1.2701 1.2881 1.3069 1.3213 1.3358 1.3533 1.3774 1.3931 1.362 1.3778 1.3818 1.3858 1.3966 1.4048 1.4157 1.4237 1.4197 1.4294
NaN NaN NaN NaN NaN NaN NaN NaN NaN 0.99147 1.0213 1.0497 1.0738 1.1003 1.1306 1.1561 1.1949 1.2166 1.2401 1.2606 1.2804 1.3004 1.3169 1.3316 1.3481 1.3669 1.3742 1.348 1.3722 1.3777 1.3819 1.393 1.4016 1.4118 1.4209 1.4142 1.4245
NaN NaN NaN NaN NaN NaN NaN NaN NaN 1.0127 1.0422 1.0526 1.0685 1.0964 1.1299 1.1603 1.1967 1.2177 1.2369 1.2569 1.279 1.2995 1.3151 1.3301 1.3447 1.3598 1.3645 1.3447 1.3686 1.375 1.3812 1.3915 1.3999 1.4101 1.4177 1.4156 1.4206
NaN NaN NaN NaN NaN NaN NaN NaN NaN NaN 1.0396 1.0439 1.0604 1.0982 1.1337 1.1656 1.1984 1.2173 1.2359 1.2567 1.2764 1.2955 1.3111 1.3241 1.3391 1.3521 1.3561 1.3425 1.3651 1.3718 1.38 1.3892 1.3979 1.4066 1.4119 1.4101 1.4149
NaN NaN NaN NaN NaN NaN NaN NaN NaN NaN NaN 1.0483 1.0651 1.1044 1.1401 1.1702 1.1971 1.2137 1.2337 1.2545 1.2742 1.292 1.3078 1.3207 1.3342 1.3465 1.3503 1.342 1.3619 1.3689 1.3774 1.386 1.3937 1.4023 1.4051 1.4039 1.4083
NaN NaN NaN NaN NaN NaN NaN NaN NaN NaN NaN 1.0521 1.0719 1.1033 1.1341 1.1617 1.1869 1.2033 1.2236 1.2488 1.2703 1.2868 1.3024 1.3152 1.3281 1.3397 1.3446 1.3392 1.3573 1.3645 1.3744 1.382 1.3884 1.3953 1.3979 1.398 1.401
NaN NaN NaN NaN NaN NaN NaN NaN NaN NaN NaN NaN 1.0571 1.0985 1.1117 1.1448 1.1749 1.1955 1.2179 1.2425 1.2641 1.2805 1.2962 1.3085 1.3222 1.3337 1.3391 1.3375 1.3526 1.3602 1.3701 1.3778 1.3843 1.3893 1.3913 1.391 1.392
NaN NaN NaN NaN NaN NaN NaN NaN NaN NaN NaN NaN NaN 1.1183 1.127 1.1432 1.1776 1.1948 1.2152 1.2391 1.2592 1.2756 1.291 1.3033 1.3154 1.3277 1.3324 1.3337 1.3479 1.3544 1.3657 1.3725 1.3785 1.3824 1.3837 1.3836 1.3825
NaN NaN NaN NaN NaN NaN NaN NaN NaN NaN NaN NaN NaN NaN 1.1345 1.1598 1.171 1.1791 1.2019 1.2289 1.243 1.2654 1.2811 1.2951 1.3097 1.3205 1.327 1.3308 1.342 1.3497 1.3611 1.3678 1.3729 1.3756 1.3766 1.3755 1.3751
NaN NaN NaN NaN NaN NaN NaN NaN NaN NaN NaN NaN NaN NaN NaN 1.1633 1.1701 1.1644 1.1879 1.2184 1.2345 1.2567 1.2721 1.2859 1.2999 1.3124 1.3187 1.3271 1.3302 1.3407 1.3555 1.3632 1.3677 1.3694 1.3704 1.3693 1.3668
NaN NaN NaN NaN NaN NaN NaN NaN NaN NaN NaN NaN NaN NaN NaN NaN NaN 1.1751 1.186 1.2042 1.2117 1.241 1.2562 1.2692 1.2856 1.3055 1.3144 1.3258 1.3299 1.3389 1.35 1.3579 1.3617 1.3626 1.3639 1.3619 1.359
NaN NaN NaN NaN NaN NaN NaN NaN NaN NaN NaN NaN NaN NaN NaN NaN NaN NaN 1.1841 1.2105 1.1967 1.227 1.2459 1.2558 1.2679 1.2951 1.308 1.3113 1.3221 1.3328 1.3446 1.353 1.3568 1.3565 1.3568 1.3548 1.3515
NaN NaN NaN NaN NaN NaN NaN NaN NaN NaN NaN NaN NaN NaN NaN NaN NaN NaN NaN NaN 1.189 1.2406 1.2418 1.2344 1.2383 1.2794 1.2963 1.2935 1.3124 1.3251 1.3412 1.3488 1.3503 1.3498 1.3488 1.347 1.3449
NaN NaN NaN NaN NaN NaN NaN NaN NaN NaN NaN NaN NaN NaN NaN NaN NaN NaN NaN NaN NaN NaN 1.2502 1.2485 1.2291 1.2616 1.278 1.2683 1.2981 1.3072 1.3173 1.3398 1.3417 1.3399 1.3382 1.3366 1.3351
NaN NaN NaN NaN NaN NaN NaN NaN NaN NaN NaN NaN NaN NaN NaN NaN NaN NaN NaN NaN NaN NaN NaN NaN 1.2275 1.2442 1.2357 1.2248 1.2592 1.2777 1.2766 1.3121 1.3233 1.3157 1.3201 1.3233 1.3152
NaN NaN NaN NaN NaN NaN NaN NaN NaN NaN NaN NaN NaN NaN NaN NaN NaN NaN NaN NaN NaN NaN NaN NaN NaN NaN 1.2235 1.2329 1.2433 1.2626 1.2381 1.2639 1.2813 1.2656 1.2888 1.293 1.294
NaN NaN NaN NaN NaN NaN NaN NaN NaN NaN NaN NaN NaN NaN NaN NaN NaN NaN NaN NaN NaN NaN NaN NaN NaN NaN NaN NaN 1.2175 1.2782 1.2366 1.242 1.2216 1.1641 1.1336 1.0077 0.44306
NaN NaN NaN NaN NaN NaN NaN NaN NaN NaN NaN NaN NaN NaN NaN NaN NaN NaN NaN NaN NaN NaN NaN NaN NaN NaN NaN NaN NaN NaN 1.2215 1.1781 1.0994 0.93529 0.37028 NaN NaN
NaN NaN NaN NaN NaN NaN NaN NaN NaN NaN NaN NaN NaN NaN NaN NaN NaN NaN NaN NaN NaN NaN NaN NaN NaN NaN NaN NaN NaN NaN NaN NaN 0.85547 0.27832 NaN NaN NaN
NaN NaN NaN NaN NaN NaN NaN NaN NaN NaN NaN NaN NaN NaN NaN NaN NaN NaN NaN NaN NaN NaN NaN NaN NaN NaN NaN NaN NaN NaN NaN NaN NaN NaN NaN NaN NaN
NaN NaN NaN NaN NaN NaN NaN NaN NaN NaN NaN NaN NaN NaN NaN NaN NaN NaN NaN NaN NaN NaN NaN NaN NaN NaN NaN NaN NaN NaN NaN NaN NaN NaN NaN NaN NaN
NaN NaN NaN NaN NaN NaN NaN NaN NaN NaN NaN NaN NaN NaN NaN NaN NaN NaN NaN NaN NaN NaN NaN NaN NaN NaN NaN NaN NaN NaN NaN NaN NaN NaN NaN NaN NaN
