NaN NaN NaN NaN NaN NaN NaN NaN NaN NaN 1.4411 1.5369 1.5059 1.5543 1.552 1.4887 1.4498 1.444 1.4565 1.4772 1.4979 1.5069 1.5174 1.5297 1.5327 1.5434 1.5478 1.5585 1.5656 1.5707 1.5774 1.5836 1.5958 1.6095 1.6223 1.629 1.6339
NaN NaN NaN NaN NaN NaN NaN NaN NaN NaN NaN NaN NaN NaN 1.5404 1.4676 1.4267 1.4292 1.4483 1.4686 1.4884 1.5001 1.513 1.5246 1.5282 1.5383 1.5432 1.5528 1.5599 1.5642 1.5712 1.5756 1.5882 1.604 1.6151 1.6217 1.6263
NaN NaN NaN NaN NaN NaN NaN NaN 0.40107 0.36892 0.34833 0.32158 0.28753 0.25667 1.5508 1.4347 1.4151 1.4229 1.4437 1.4634 1.4819 1.4946 1.5076 1.5167 1.5237 1.5321 1.5373 1.5464 1.5537 1.5575 1.5629 1.5666 1.5804 1.5968 1.6065 1.6131 1.6169
NaN NaN NaN NaN NaN NaN NaN NaN 0.73077 0.77632 0.82762 0.8993 1.0008 1.1713 1.4792 1.3549 1.3931 1.4139 1.4365 1.4549 1.4742 1.4861 1.4997 1.5086 1.5164 1.525 1.5311 1.5394 1.5465 1.5513 1.5553 1.5597 1.5745 1.5882 1.5964 1.6027 1.6069
NaN NaN NaN NaN NaN NaN NaN NaN 0.93128 0.9662 1.005 1.0595 1.1409 1.2507 1.3753 1.2956 1.37 1.3993 1.4238 1.4442 1.463 1.4762 1.4894 1.499 1.507 1.5155 1.5216 1.5294 1.5367 1.5411 1.5436 1.5494 1.5624 1.5787 1.5872 1.593 1.598
NaN NaN NaN NaN NaN NaN NaN NaN 0.94924 0.97854 1.0227 1.0827 1.1605 1.2413 1.3089 1.27 1.3476 1.3808 1.4085 1.431 1.4502 1.4641 1.4773 1.4873 1.4964 1.5046 1.5119 1.5193 1.5258 1.5317 1.5344 1.541 1.5539 1.5695 1.5777 1.584 1.5879
NaN NaN NaN NaN NaN NaN NaN NaN 0.98021 1.0082 1.0544 1.1147 1.1765 1.2305 1.2713 1.2598 1.3305 1.3608 1.39 1.4158 1.4361 1.4516 1.4662 1.4774 1.4882 1.4966 1.5044 1.5133 1.5205 1.5269 1.5315 1.5399 1.549 1.5632 1.5702 1.5757 1.5793
NaN NaN NaN NaN NaN NaN NaN NaN 0.98825 1.0256 1.0734 1.1265 1.173 1.2135 1.2487 1.2584 1.3189 1.3486 1.374 1.3965 1.4161 1.4304 1.4437 1.4536 1.4631 1.481 1.4857 1.4563 1.5103 1.5176 1.5216 1.5324 1.5441 1.5552 1.5625 1.5676 1.5707
NaN NaN NaN NaN NaN NaN NaN NaN 0.98965 1.0461 1.0895 1.1328 1.1692 1.2033 1.238 1.2595 1.3107 1.3395 1.3663 1.3896 1.4095 1.4304 1.4466 1.4627 1.4821 1.5087 1.5263 1.4919 1.5098 1.5143 1.5186 1.5305 1.5394 1.5512 1.56 1.5556 1.5663
NaN NaN NaN NaN NaN NaN NaN NaN NaN 1.0828 1.1157 1.147 1.1735 1.2027 1.2362 1.2644 1.3074 1.331 1.3568 1.3794 1.4012 1.4234 1.4418 1.4582 1.4766 1.4976 1.506 1.4769 1.5038 1.5099 1.5145 1.5267 1.536 1.5471 1.5571 1.5496 1.561
NaN NaN NaN NaN NaN NaN NaN NaN NaN 1.1063 1.1386 1.1504 1.1679 1.1988 1.2355 1.2691 1.3093 1.3321 1.3532 1.3748 1.3996 1.4224 1.4399 1.4567 1.473 1.4899 1.4955 1.4734 1.5 1.507 1.5138 1.525 1.5341 1.5453 1.5536 1.5513 1.5569
NaN NaN NaN NaN NaN NaN NaN NaN NaN NaN 1.136 1.141 1.1593 1.2008 1.2398 1.2749 1.3112 1.3317 1.3521 1.3747 1.3967 1.4182 1.4356 1.4502 1.4669 1.4815 1.4862 1.4711 1.4961 1.5036 1.5126 1.5227 1.5321 1.5415 1.5474 1.5454 1.5508
NaN NaN NaN NaN NaN NaN NaN NaN NaN NaN NaN 1.1457 1.1644 1.2077 1.2469 1.2801 1.31 1.3279 1.3498 1.3726 1.3944 1.4142 1.432 1.4465 1.4616 1.4755 1.48 1.4706 1.4926 1.5004 1.5098 1.5192 1.5276 1.537 1.5401 1.5387 1.5436
NaN NaN NaN NaN NaN NaN NaN NaN NaN NaN NaN 1.15 1.1718 1.2066 1.2406 1.271 1.299 1.3168 1.3388 1.3665 1.3902 1.4087 1.4262 1.4405 1.455 1.4681 1.4738 1.4676 1.4877 1.4957 1.5066 1.5149 1.522 1.5295 1.5324 1.5325 1.5359
NaN NaN NaN NaN NaN NaN NaN NaN NaN NaN NaN NaN 1.1559 1.2013 1.2161 1.2527 1.286 1.3083 1.3327 1.3597 1.3835 1.4018 1.4195 1.4334 1.4487 1.4616 1.4678 1.4659 1.4826 1.4911 1.502 1.5105 1.5176 1.5231 1.5253 1.5249 1.5261
NaN NaN NaN NaN NaN NaN NaN NaN NaN NaN NaN NaN NaN 1.223 1.2326 1.2509 1.2888 1.3075 1.3298 1.3562 1.3783 1.3966 1.4139 1.4277 1.4414 1.4552 1.4606 1.4619 1.4776 1.4849 1.4974 1.5049 1.5114 1.5157 1.5171 1.517 1.5159
NaN NaN NaN NaN NaN NaN NaN NaN NaN NaN NaN NaN NaN NaN 1.241 1.2688 1.2815 1.2905 1.3155 1.3452 1.3608 1.3855 1.4032 1.4188 1.4352 1.4473 1.4548 1.4588 1.4712 1.4798 1.4924 1.4999 1.5054 1.5085 1.5096 1.5083 1.508
NaN NaN NaN NaN NaN NaN NaN NaN NaN NaN NaN NaN NaN NaN NaN 1.2728 1.2805 1.2744 1.3002 1.3338 1.3516 1.3762 1.3934 1.4089 1.4246 1.4385 1.4458 1.455 1.4584 1.47 1.4864 1.4949 1.4999 1.5018 1.5029 1.5018 1.4991
NaN NaN NaN NaN NaN NaN NaN NaN NaN NaN NaN NaN NaN NaN NaN NaN NaN 1.286 1.2981 1.3184 1.3268 1.3591 1.3761 1.3906 1.4089 1.431 1.441 1.4536 1.4581 1.4681 1.4805 1.4893 1.4935 1.4945 1.496 1.4939 1.4907
NaN NaN NaN NaN NaN NaN NaN NaN NaN NaN NaN NaN NaN NaN NaN NaN NaN NaN 1.2961 1.3252 1.3103 1.3438 1.3648 1.376 1.3895 1.4198 1.4341 1.4378 1.4497 1.4616 1.4747 1.484 1.4882 1.488 1.4883 1.4862 1.4826
NaN NaN NaN NaN NaN NaN NaN NaN NaN NaN NaN NaN NaN NaN NaN NaN NaN NaN NaN NaN 1.3017 1.3586 1.3601 1.3525 1.3571 1.4026 1.4215 1.4183 1.4392 1.4532 1.4711 1.4795 1.4813 1.4807 1.4798 1.4779 1.4756
NaN NaN NaN NaN NaN NaN NaN NaN NaN NaN NaN NaN NaN NaN NaN NaN NaN NaN NaN NaN NaN NaN 1.3683 1.3672 1.3464 1.3829 1.4013 1.3908 1.4238 1.4338 1.445 1.4698 1.472 1.4702 1.4683 1.4665 1.465
NaN NaN NaN NaN NaN NaN NaN NaN NaN NaN NaN NaN NaN NaN NaN NaN NaN NaN NaN NaN NaN NaN NaN NaN 1.3437 1.3635 1.3551 1.3433 1.3811 1.4016 1.4005 1.4397 1.4521 1.4437 1.4487 1.4523 1.4434
NaN NaN NaN NaN NaN NaN NaN NaN NaN NaN NaN NaN NaN NaN NaN NaN NaN NaN NaN NaN NaN NaN NaN NaN NaN NaN 1.3408 1.3517 1.3636 1.3853 1.3582 1.3869 1.4061 1.3889 1.4146 1.4192 1.4203
NaN NaN NaN NaN NaN NaN NaN NaN NaN NaN NaN NaN NaN NaN NaN NaN NaN NaN NaN NaN NaN NaN NaN NaN NaN NaN NaN NaN 1.333 1.3997 1.3564 1.3626 1.3407 1.278 1.2453 1.1082 0.49434
NaN NaN NaN NaN NaN NaN NaN NaN NaN NaN NaN NaN NaN NaN NaN NaN NaN NaN NaN NaN NaN NaN NaN NaN NaN NaN NaN NaN NaN NaN 1.3168 1.2927 1.2073 1.0284 0.41301 NaN NaN
NaN NaN NaN NaN NaN NaN NaN NaN NaN NaN NaN NaN NaN NaN NaN NaN NaN NaN NaN NaN NaN NaN NaN NaN NaN NaN NaN NaN NaN NaN NaN NaN 0.93959 0.31021 NaN NaN NaN
NaN NaN NaN NaN NaN NaN NaN NaN NaN NaN NaN NaN NaN NaN NaN NaN NaN NaN NaN NaN NaN NaN NaN NaN NaN NaN NaN NaN NaN NaN NaN NaN NaN NaN NaN NaN NaN
NaN NaN NaN NaN NaN NaN NaN NaN NaN NaN NaN NaN NaN NaN NaN NaN NaN NaN NaN NaN NaN NaN NaN NaN NaN NaN NaN NaN NaN NaN NaN NaN NaN NaN NaN NaN NaN
NaN NaN NaN NaN NaN NaN NaN NaN NaN NaN NaN NaN NaN NaN NaN NaN NaN NaN NaN NaN NaN NaN NaN NaN NaN NaN NaN NaN NaN NaN NaN NaN NaN NaN NaN NaN NaN
