NaN NaN NaN NaN NaN NaN NaN NaN NaN NaN 1.7516 1.9949 2.052 2.2169 2.2652 2.3085 2.297 2.2903 2.3235 2.3748 2.4288 2.4538 2.4822 2.511 2.5203 2.5472 2.5594 2.5853 2.6053 2.6242 2.646 2.6649 2.693 2.7203 2.7466 2.7618 2.7747
NaN NaN NaN NaN NaN NaN NaN NaN NaN NaN NaN NaN NaN NaN 2.0215 2.1181 2.2149 2.2226 2.2737 2.3331 2.3916 2.4268 2.464 2.4968 2.5108 2.5385 2.5521 2.5769 2.5971 2.6145 2.6363 2.6507 2.6784 2.7086 2.7315 2.7468 2.7595
NaN NaN NaN NaN NaN NaN NaN NaN 0.35241 0.31766 0.2917 0.25993 0.2211 0.18224 2.0209 2.0051 2.1514 2.1726 2.232 2.2957 2.3571 2.4005 2.444 2.4775 2.5014 2.5281 2.5438 2.5687 2.5897 2.6057 2.624 2.6361 2.6653 2.6961 2.7163 2.7319 2.7433
NaN NaN NaN NaN NaN NaN NaN NaN 0.75079 0.81249 0.88737 0.99623 1.159 1.4399 1.9788 1.9015 2.0929 2.1324 2.1971 2.26 2.3251 2.3713 2.4205 2.4574 2.4868 2.5156 2.5351 2.5597 2.5807 2.5976 2.6134 2.6265 2.6569 2.683 2.7005 2.7156 2.7276
NaN NaN NaN NaN NaN NaN NaN NaN 1.0404 1.0961 1.1631 1.26 1.408 1.6174 1.8788 1.8196 2.0422 2.0952 2.1623 2.2271 2.2916 2.3429 2.3953 2.4362 2.4697 2.5008 2.5226 2.5472 2.5689 2.5848 2.5971 2.6114 2.6373 2.6674 2.685 2.6994 2.7128
NaN NaN NaN NaN NaN NaN NaN NaN 1.1115 1.1628 1.2389 1.3455 1.4887 1.6492 1.801 1.783 1.9964 2.0583 2.1282 2.1946 2.2593 2.3135 2.3679 2.4116 2.4496 2.4821 2.5073 2.5315 2.5519 2.5696 2.5811 2.5966 2.6226 2.6523 2.6691 2.6845 2.6962
NaN NaN NaN NaN NaN NaN NaN NaN 1.1815 1.2317 1.3128 1.4217 1.5399 1.6537 1.7506 1.7707 1.961 2.0218 2.092 2.1608 2.2253 2.2821 2.3391 2.3861 2.4286 2.4621 2.4891 2.5163 2.5384 2.5576 2.5721 2.5918 2.6121 2.6405 2.6546 2.6686 2.6791
NaN NaN NaN NaN NaN NaN NaN NaN 1.2178 1.2817 1.3664 1.4642 1.5562 1.6422 1.7217 1.7734 1.9363 1.9994 2.0652 2.1293 2.1923 2.2483 2.3048 2.3517 2.3932 2.4408 2.4594 2.4224 2.5238 2.5367 2.5503 2.5748 2.5995 2.623 2.6378 2.6504 2.6602
NaN NaN NaN NaN NaN NaN NaN NaN 1.2478 1.3286 1.4074 1.4887 1.561 1.6319 1.7069 1.7773 1.9152 1.977 2.042 2.1037 2.1626 2.2249 2.2811 2.334 2.3879 2.4505 2.4968 2.461 2.5209 2.5265 2.5389 2.5652 2.5849 2.6098 2.6271 2.6241 2.6481
NaN NaN NaN NaN NaN NaN NaN NaN NaN 1.3905 1.4533 1.5153 1.5694 1.6302 1.7031 1.7858 1.9045 1.9586 2.0214 2.0796 2.1389 2.2023 2.2613 2.3166 2.3732 2.4322 2.4646 2.4297 2.5033 2.5134 2.5252 2.5516 2.5711 2.5944 2.6139 2.6061 2.634
NaN NaN NaN NaN NaN NaN NaN NaN NaN 1.4385 1.4961 1.5253 1.5626 1.6251 1.7022 1.7922 1.8994 1.9524 2.0062 2.0606 2.1236 2.1876 2.2451 2.3022 2.3574 2.4111 2.4363 2.4093 2.4839 2.4981 2.5139 2.539 2.558 2.5816 2.5995 2.6004 2.6196
NaN NaN NaN NaN NaN NaN NaN NaN NaN NaN 1.4995 1.5159 1.5507 1.6276 1.7081 1.8 1.897 1.9453 1.9947 2.0508 2.1102 2.1716 2.2284 2.2821 2.3383 2.3872 2.409 2.3923 2.4639 2.4811 2.5023 2.5266 2.5472 2.5688 2.5835 2.5841 2.6024
NaN NaN NaN NaN NaN NaN NaN NaN NaN NaN NaN 1.5173 1.5552 1.6375 1.7194 1.8084 1.8916 1.9339 1.9842 2.0395 2.0982 2.1565 2.2132 2.2662 2.3197 2.3663 2.3869 2.3804 2.4455 2.4654 2.4896 2.5141 2.5341 2.5559 2.5658 2.5676 2.585
NaN NaN NaN NaN NaN NaN NaN NaN NaN NaN NaN 1.5277 1.5708 1.6428 1.7185 1.8008 1.8761 1.9156 1.9625 2.0241 2.0859 2.1415 2.1973 2.249 2.3007 2.345 2.3671 2.3668 2.4266 2.4485 2.4775 2.5011 2.5197 2.5385 2.5479 2.5529 2.5674
NaN NaN NaN NaN NaN NaN NaN NaN NaN NaN NaN NaN 1.5725 1.6548 1.693 1.778 1.8553 1.8983 1.9471 2.0085 2.0713 2.1256 2.1809 2.2307 2.2829 2.3258 2.349 2.3567 2.4091 2.4331 2.4638 2.4882 2.5078 2.524 2.533 2.5378 2.5486
NaN NaN NaN NaN NaN NaN NaN NaN NaN NaN NaN NaN NaN 1.6778 1.7101 1.77 1.8532 1.8895 1.9364 1.998 2.0585 2.1128 2.1672 2.2165 2.2651 2.3089 2.3308 2.3452 2.3935 2.4165 2.4512 2.4747 2.4946 2.5092 2.5174 2.5233 2.53
NaN NaN NaN NaN NaN NaN NaN NaN NaN NaN NaN NaN NaN NaN 1.7181 1.7913 1.8443 1.8616 1.9139 1.984 2.0289 2.0937 2.1472 2.198 2.2499 2.2902 2.3159 2.336 2.3768 2.4025 2.4387 2.4628 2.4819 2.4946 2.5026 2.507 2.5147
NaN NaN NaN NaN NaN NaN NaN NaN NaN NaN NaN NaN NaN NaN NaN 1.7869 1.8317 1.8409 1.8923 1.9656 2.0096 2.0772 2.1296 2.18 2.23 2.2726 2.2981 2.3275 2.3512 2.383 2.425 2.451 2.4697 2.4809 2.4895 2.4944 2.4979
NaN NaN NaN NaN NaN NaN NaN NaN NaN NaN NaN NaN NaN NaN NaN NaN NaN 1.8472 1.895 1.9478 1.9698 2.0529 2.1034 2.1496 2.2004 2.2544 2.2837 2.3209 2.3449 2.377 2.413 2.4394 2.4571 2.4669 2.4768 2.4802 2.4826
NaN NaN NaN NaN NaN NaN NaN NaN NaN NaN NaN NaN NaN NaN NaN NaN NaN NaN 1.8694 1.9432 1.946 2.0297 2.0856 2.1252 2.166 2.2335 2.2707 2.2952 2.33 2.3639 2.401 2.4289 2.4465 2.4548 2.4632 2.4665 2.4674
NaN NaN NaN NaN NaN NaN NaN NaN NaN NaN NaN NaN NaN NaN NaN NaN NaN NaN NaN NaN 1.8937 2.0148 2.0845 2.0915 2.1103 2.2039 2.2492 2.2616 2.3115 2.3467 2.3925 2.4196 2.4338 2.4416 2.4481 2.4514 2.4534
NaN NaN NaN NaN NaN NaN NaN NaN NaN NaN NaN NaN NaN NaN NaN NaN NaN NaN NaN NaN NaN NaN 1.9173 1.978 2.0695 2.1739 2.2177 2.2145 2.2876 2.3145 2.3485 2.4027 2.4166 2.4234 2.4285 2.4312 2.433
NaN NaN NaN NaN NaN NaN NaN NaN NaN NaN NaN NaN NaN NaN NaN NaN NaN NaN NaN NaN NaN NaN NaN NaN 1.8878 2.0767 2.1634 2.1516 2.227 2.267 2.2742 2.3534 2.3819 2.3791 2.3963 2.4057 2.3936
NaN NaN NaN NaN NaN NaN NaN NaN NaN NaN NaN NaN NaN NaN NaN NaN NaN NaN NaN NaN NaN NaN NaN NaN NaN NaN 1.993 2.075 2.1913 2.2534 2.2165 2.2783 2.3108 2.2878 2.3387 2.3443 2.3494
NaN NaN NaN NaN NaN NaN NaN NaN NaN NaN NaN NaN NaN NaN NaN NaN NaN NaN NaN NaN NaN NaN NaN NaN NaN NaN NaN NaN 1.8812 1.9936 2.0938 2.1668 2.2348 2.1576 2.1479 1.9936 1.261
NaN NaN NaN NaN NaN NaN NaN NaN NaN NaN NaN NaN NaN NaN NaN NaN NaN NaN NaN NaN NaN NaN NaN NaN NaN NaN NaN NaN NaN NaN 1.6704 1.9919 2.0674 1.8595 1.0618 NaN NaN
NaN NaN NaN NaN NaN NaN NaN NaN NaN NaN NaN NaN NaN NaN NaN NaN NaN NaN NaN NaN NaN NaN NaN NaN NaN NaN NaN NaN NaN NaN NaN NaN 1.6204 0.79313 NaN NaN NaN
NaN NaN NaN NaN NaN NaN NaN NaN NaN NaN NaN NaN NaN NaN NaN NaN NaN NaN NaN NaN NaN NaN NaN NaN NaN NaN NaN NaN NaN NaN NaN NaN NaN NaN NaN NaN NaN
NaN NaN NaN NaN NaN NaN NaN NaN NaN NaN NaN NaN NaN NaN NaN NaN NaN NaN NaN NaN NaN NaN NaN NaN NaN NaN NaN NaN NaN NaN NaN NaN NaN NaN NaN NaN NaN
NaN NaN NaN NaN NaN NaN NaN NaN NaN NaN NaN NaN NaN NaN NaN NaN NaN NaN NaN NaN NaN NaN NaN NaN NaN NaN NaN NaN NaN NaN NaN NaN NaN NaN NaN NaN NaN
