NaN NaN NaN NaN NaN NaN NaN NaN NaN NaN 1.3152 1.3962 1.3645 1.4051 1.4023 1.3458 1.3114 1.3069 1.3184 1.3366 1.3545 1.3622 1.3713 1.3818 1.3842 1.3934 1.397 1.4061 1.4121 1.4162 1.4218 1.4272 1.4378 1.45 1.4612 1.4671 1.4712
NaN NaN NaN NaN NaN NaN NaN NaN NaN NaN NaN NaN NaN NaN 1.3986 1.3298 1.2919 1.2944 1.3114 1.3291 1.3461 1.3562 1.3671 1.3769 1.3798 1.3884 1.3926 1.4007 1.4066 1.4101 1.4159 1.4197 1.4308 1.4448 1.4545 1.4602 1.4641
NaN NaN NaN NaN NaN NaN NaN NaN 0.37392 0.34423 0.32536 0.30075 0.26931 0.24094 1.4086 1.3025 1.2826 1.2896 1.3078 1.3247 1.3403 1.3511 1.3621 1.3695 1.3754 1.3823 1.3867 1.3944 1.4005 1.4035 1.408 1.4112 1.4234 1.4379 1.4463 1.4521 1.4552
NaN NaN NaN NaN NaN NaN NaN NaN 0.67595 0.71731 0.76356 0.82797 0.91876 1.0707 1.3428 1.2312 1.2631 1.2818 1.3014 1.3171 1.3334 1.3433 1.3546 1.3618 1.3683 1.3754 1.3806 1.3875 1.3935 1.3974 1.4007 1.4045 1.4175 1.4296 1.4368 1.4422 1.4457
NaN NaN NaN NaN NaN NaN NaN NaN 0.85704 0.88833 0.92283 0.97118 1.0432 1.1398 1.2481 1.1777 1.2423 1.2685 1.2899 1.3073 1.3231 1.3341 1.3449 1.3526 1.3592 1.3661 1.3713 1.3778 1.3839 1.3875 1.3896 1.3947 1.4062 1.4206 1.4281 1.433 1.4372
NaN NaN NaN NaN NaN NaN NaN NaN 0.87102 0.89707 0.93645 0.98967 1.0586 1.1296 1.1883 1.1545 1.222 1.2517 1.2758 1.2952 1.3114 1.3228 1.3336 1.3416 1.349 1.3558 1.3619 1.3681 1.3736 1.3785 1.3808 1.3867 1.3981 1.4119 1.4191 1.4244 1.4277
NaN NaN NaN NaN NaN NaN NaN NaN 0.89785 0.92269 0.96384 1.0174 1.072 1.1192 1.1546 1.1451 1.2065 1.2333 1.2589 1.2812 1.2985 1.3114 1.3234 1.3325 1.3414 1.3483 1.3548 1.3624 1.3685 1.3739 1.378 1.3854 1.3934 1.4059 1.4119 1.4167 1.4197
NaN NaN NaN NaN NaN NaN NaN NaN 0.90395 0.93731 0.97989 1.027 1.068 1.1035 1.1344 1.1434 1.1959 1.222 1.2441 1.2634 1.2799 1.2916 1.3023 1.3102 1.3178 1.3332 1.3368 1.311 1.3588 1.3653 1.3688 1.3784 1.3887 1.3984 1.4049 1.4093 1.4119
NaN NaN NaN NaN NaN NaN NaN NaN 0.90389 0.95518 0.99374 1.0321 1.0642 1.0942 1.1249 1.1441 1.1885 1.2139 1.2373 1.2574 1.2744 1.2923 1.3058 1.3195 1.3362 1.3594 1.3743 1.3437 1.3583 1.3622 1.366 1.3765 1.3844 1.3948 1.4026 1.3985 1.4078
NaN NaN NaN NaN NaN NaN NaN NaN NaN 0.98805 1.0172 1.0447 1.0681 1.0939 1.1234 1.1483 1.1855 1.2064 1.229 1.2484 1.2671 1.2861 1.3016 1.3154 1.331 1.3488 1.3555 1.3298 1.3528 1.3582 1.3623 1.3731 1.3814 1.3911 1.3999 1.3931 1.403
NaN NaN NaN NaN NaN NaN NaN NaN NaN 1.0087 1.0376 1.0477 1.0631 1.0903 1.1229 1.1525 1.1874 1.2076 1.2261 1.245 1.266 1.2855 1.3001 1.3142 1.3278 1.3419 1.3462 1.3269 1.3496 1.3557 1.3617 1.3717 1.3798 1.3896 1.3969 1.3947 1.3994
NaN NaN NaN NaN NaN NaN NaN NaN NaN NaN 1.0349 1.039 1.0553 1.0922 1.1268 1.1578 1.1893 1.2074 1.2253 1.2451 1.2638 1.2818 1.2963 1.3084 1.3224 1.3345 1.3382 1.3249 1.3463 1.3528 1.3608 1.3696 1.3779 1.3862 1.3912 1.3894 1.3938
NaN NaN NaN NaN NaN NaN NaN NaN NaN NaN NaN 1.0437 1.0602 1.0985 1.1333 1.1624 1.1881 1.204 1.2232 1.2432 1.2619 1.2785 1.2933 1.3053 1.3178 1.3293 1.3328 1.3246 1.3434 1.3501 1.3583 1.3665 1.3738 1.382 1.3845 1.3833 1.3874
NaN NaN NaN NaN NaN NaN NaN NaN NaN NaN NaN 1.0474 1.0667 1.0973 1.1272 1.1538 1.178 1.1938 1.2133 1.2377 1.2581 1.2736 1.2882 1.3 1.312 1.3228 1.3273 1.3219 1.3391 1.3459 1.3553 1.3625 1.3686 1.3752 1.3775 1.3776 1.3803
NaN NaN NaN NaN NaN NaN NaN NaN NaN NaN NaN NaN 1.0511 1.0916 1.1047 1.137 1.1662 1.1862 1.2078 1.2315 1.2523 1.2675 1.2822 1.2936 1.3064 1.3171 1.3221 1.3204 1.3346 1.3418 1.3512 1.3584 1.3646 1.3693 1.371 1.3705 1.3713
NaN NaN NaN NaN NaN NaN NaN NaN NaN NaN NaN NaN NaN 1.1115 1.1199 1.1356 1.169 1.1856 1.2053 1.2283 1.2475 1.2628 1.2772 1.2886 1.2998 1.3114 1.3157 1.3167 1.33 1.3362 1.3469 1.3532 1.3588 1.3623 1.3635 1.3632 1.3619
NaN NaN NaN NaN NaN NaN NaN NaN NaN NaN NaN NaN NaN NaN 1.1273 1.1517 1.1622 1.1701 1.1921 1.2181 1.2314 1.2528 1.2676 1.2806 1.2943 1.3043 1.3104 1.3138 1.3243 1.3315 1.3423 1.3486 1.3532 1.3557 1.3565 1.3552 1.3546
NaN NaN NaN NaN NaN NaN NaN NaN NaN NaN NaN NaN NaN NaN NaN 1.155 1.1611 1.1552 1.178 1.2076 1.2231 1.2443 1.2587 1.2715 1.2846 1.2963 1.3023 1.3101 1.3127 1.3226 1.3367 1.344 1.348 1.3495 1.3503 1.349 1.3464
NaN NaN NaN NaN NaN NaN NaN NaN NaN NaN NaN NaN NaN NaN NaN NaN NaN 1.1655 1.1758 1.1932 1.2004 1.2285 1.2429 1.255 1.2706 1.2897 1.2981 1.3088 1.3124 1.3208 1.3313 1.3387 1.3421 1.3427 1.3438 1.3417 1.3387
NaN NaN NaN NaN NaN NaN NaN NaN NaN NaN NaN NaN NaN NaN NaN NaN NaN NaN 1.1732 1.1986 1.1852 1.2145 1.2325 1.2418 1.2532 1.2795 1.2917 1.2944 1.3046 1.3148 1.3259 1.3337 1.3371 1.3367 1.3367 1.3346 1.3312
NaN NaN NaN NaN NaN NaN NaN NaN NaN NaN NaN NaN NaN NaN NaN NaN NaN NaN NaN NaN 1.177 1.2269 1.2279 1.2204 1.2243 1.2639 1.2801 1.2769 1.295 1.3072 1.3225 1.3295 1.3307 1.3299 1.3288 1.3269 1.3247
NaN NaN NaN NaN NaN NaN NaN NaN NaN NaN NaN NaN NaN NaN NaN NaN NaN NaN NaN NaN NaN NaN 1.2358 1.2336 1.2149 1.2461 1.2617 1.2521 1.2809 1.2894 1.2989 1.3205 1.3222 1.3202 1.3183 1.3166 1.3151
NaN NaN NaN NaN NaN NaN NaN NaN NaN NaN NaN NaN NaN NaN NaN NaN NaN NaN NaN NaN NaN NaN NaN NaN 1.2134 1.2282 1.2192 1.2086 1.2421 1.2601 1.2589 1.2933 1.304 1.2963 1.3005 1.3036 1.2956
NaN NaN NaN NaN NaN NaN NaN NaN NaN NaN NaN NaN NaN NaN NaN NaN NaN NaN NaN NaN NaN NaN NaN NaN NaN NaN 1.2083 1.2164 1.2261 1.2444 1.2204 1.2454 1.2623 1.247 1.2696 1.2739 1.2748
NaN NaN NaN NaN NaN NaN NaN NaN NaN NaN NaN NaN NaN NaN NaN NaN NaN NaN NaN NaN NaN NaN NaN NaN NaN NaN NaN NaN 1.2016 1.2589 1.2178 1.2226 1.2018 1.1449 1.1134 0.98717 0.42247
NaN NaN NaN NaN NaN NaN NaN NaN NaN NaN NaN NaN NaN NaN NaN NaN NaN NaN NaN NaN NaN NaN NaN NaN NaN NaN NaN NaN NaN NaN 1.2057 1.1584 1.0791 0.91561 0.3528 NaN NaN
NaN NaN NaN NaN NaN NaN NaN NaN NaN NaN NaN NaN NaN NaN NaN NaN NaN NaN NaN NaN NaN NaN NaN NaN NaN NaN NaN NaN NaN NaN NaN NaN 0.83836 0.26535 NaN NaN NaN
NaN NaN NaN NaN NaN NaN NaN NaN NaN NaN NaN NaN NaN NaN NaN NaN NaN NaN NaN NaN NaN NaN NaN NaN NaN NaN NaN NaN NaN NaN NaN NaN NaN NaN NaN NaN NaN
NaN NaN NaN NaN NaN NaN NaN NaN NaN NaN NaN NaN NaN NaN NaN NaN NaN NaN NaN NaN NaN NaN NaN NaN NaN NaN NaN NaN NaN NaN NaN NaN NaN NaN NaN NaN NaN
NaN NaN NaN NaN NaN NaN NaN NaN NaN NaN NaN NaN NaN NaN NaN NaN NaN NaN NaN NaN NaN NaN NaN NaN NaN NaN NaN NaN NaN NaN NaN NaN NaN NaN NaN NaN NaN
