NaN NaN NaN NaN NaN NaN NaN NaN NaN NaN 1.5053 1.5968 1.5655 1.6124 1.6098 1.5456 1.5053 1.5002 1.5136 1.5348 1.5555 1.5644 1.5748 1.5868 1.5896 1.6002 1.6044 1.6149 1.6217 1.6264 1.6328 1.639 1.6513 1.6655 1.6786 1.6854 1.6903
NaN NaN NaN NaN NaN NaN NaN NaN NaN NaN NaN NaN NaN NaN 1.6066 1.5274 1.4829 1.4858 1.5055 1.526 1.5455 1.5571 1.5697 1.5809 1.5842 1.5941 1.5989 1.6082 1.615 1.6189 1.6256 1.63 1.6429 1.6592 1.6705 1.6772 1.6817
NaN NaN NaN NaN NaN NaN NaN NaN 0.43308 0.39872 0.37693 0.34843 0.31194 0.2789 1.6173 1.4964 1.4723 1.4803 1.5014 1.5209 1.5387 1.5511 1.5636 1.572 1.5787 1.5867 1.5917 1.6005 1.6075 1.611 1.6161 1.6198 1.634 1.6509 1.6608 1.6675 1.6711
NaN NaN NaN NaN NaN NaN NaN NaN 0.7829 0.83021 0.8823 0.95498 1.0581 1.2314 1.5419 1.4137 1.4495 1.4713 1.4939 1.512 1.5306 1.5418 1.5546 1.5628 1.5702 1.5783 1.5843 1.5922 1.599 1.6035 1.6073 1.6118 1.627 1.641 1.6494 1.6556 1.6598
NaN NaN NaN NaN NaN NaN NaN NaN 0.98907 1.0244 1.063 1.1173 1.199 1.309 1.4321 1.3515 1.4253 1.4558 1.4804 1.5005 1.5185 1.531 1.5432 1.5519 1.5593 1.5672 1.5731 1.5805 1.5875 1.5917 1.594 1.6001 1.6135 1.6303 1.639 1.6447 1.6496
NaN NaN NaN NaN NaN NaN NaN NaN 1.0023 1.0316 1.0761 1.1364 1.2151 1.2961 1.3627 1.3243 1.4017 1.436 1.4639 1.4862 1.5048 1.5177 1.5299 1.5388 1.5472 1.5549 1.5619 1.5689 1.5752 1.5809 1.5836 1.5905 1.6038 1.6199 1.6282 1.6345 1.6383
NaN NaN NaN NaN NaN NaN NaN NaN 1.0315 1.0593 1.1061 1.1673 1.2297 1.2834 1.3235 1.3131 1.3836 1.4146 1.4442 1.47 1.4897 1.5043 1.5178 1.5281 1.5381 1.5459 1.5533 1.5621 1.5691 1.5753 1.58 1.5887 1.598 1.6126 1.6197 1.6253 1.6288
NaN NaN NaN NaN NaN NaN NaN NaN 1.0369 1.0748 1.1235 1.1774 1.2243 1.2646 1.2998 1.3108 1.3711 1.4013 1.4268 1.449 1.4678 1.4811 1.4931 1.5019 1.5104 1.5278 1.5317 1.503 1.5576 1.565 1.569 1.5803 1.5923 1.6037 1.6112 1.6163 1.6194
NaN NaN NaN NaN NaN NaN NaN NaN 1.0357 1.0947 1.1388 1.1827 1.2194 1.2536 1.2887 1.3114 1.3624 1.3919 1.4189 1.442 1.4615 1.4819 1.4972 1.5127 1.5318 1.5583 1.5752 1.5404 1.5566 1.5611 1.5656 1.5778 1.5871 1.5992 1.6082 1.6036 1.6144
NaN NaN NaN NaN NaN NaN NaN NaN NaN 1.1323 1.1654 1.1969 1.2236 1.2529 1.2867 1.3159 1.3587 1.383 1.409 1.4313 1.4527 1.4744 1.492 1.5076 1.5254 1.5456 1.5529 1.5239 1.55 1.5562 1.561 1.5736 1.5833 1.5946 1.6049 1.5972 1.6086
NaN NaN NaN NaN NaN NaN NaN NaN NaN 1.1557 1.1888 1.1998 1.2172 1.2483 1.2859 1.3205 1.3606 1.3841 1.4055 1.4272 1.4513 1.4735 1.4901 1.506 1.5215 1.5374 1.542 1.5202 1.5461 1.5531 1.5601 1.5717 1.5812 1.5927 1.6011 1.5988 1.6041
NaN NaN NaN NaN NaN NaN NaN NaN NaN NaN 1.1854 1.1896 1.2079 1.2502 1.2902 1.3263 1.3625 1.3836 1.4042 1.4271 1.4485 1.469 1.4855 1.4991 1.515 1.5286 1.5324 1.5177 1.5422 1.5496 1.5588 1.5691 1.5788 1.5885 1.5943 1.5923 1.5974
NaN NaN NaN NaN NaN NaN NaN NaN NaN NaN NaN 1.1949 1.2134 1.2574 1.2975 1.3313 1.3609 1.3793 1.4016 1.4247 1.4461 1.465 1.4818 1.4953 1.5095 1.5224 1.526 1.5171 1.5386 1.5462 1.5556 1.5652 1.5738 1.5834 1.5863 1.585 1.5897
NaN NaN NaN NaN NaN NaN NaN NaN NaN NaN NaN 1.199 1.221 1.2557 1.2901 1.321 1.3488 1.3672 1.3898 1.418 1.4415 1.4591 1.4756 1.4889 1.5025 1.5146 1.5195 1.5137 1.5333 1.5412 1.552 1.5603 1.5675 1.5751 1.5779 1.5781 1.5812
NaN NaN NaN NaN NaN NaN NaN NaN NaN NaN NaN NaN 1.2028 1.2495 1.2641 1.3012 1.3349 1.3581 1.3831 1.4106 1.4344 1.4518 1.4685 1.4813 1.4958 1.5078 1.5133 1.5116 1.5279 1.5362 1.5469 1.5554 1.5625 1.568 1.57 1.5696 1.5705
NaN NaN NaN NaN NaN NaN NaN NaN NaN NaN NaN NaN NaN 1.2724 1.2821 1.2998 1.338 1.3573 1.38 1.4065 1.4286 1.4462 1.4625 1.4753 1.4879 1.5009 1.5056 1.5071 1.5224 1.5294 1.5417 1.549 1.5555 1.5597 1.561 1.5608 1.5593
NaN NaN NaN NaN NaN NaN NaN NaN NaN NaN NaN NaN NaN NaN 1.2905 1.3187 1.3302 1.339 1.3643 1.3944 1.4098 1.4343 1.451 1.4657 1.4813 1.4925 1.4993 1.5035 1.5155 1.5238 1.5362 1.5434 1.5488 1.5517 1.5527 1.5512 1.5506
NaN NaN NaN NaN NaN NaN NaN NaN NaN NaN NaN NaN NaN NaN NaN 1.3223 1.3293 1.3219 1.348 1.3821 1.3999 1.4242 1.4405 1.4551 1.4699 1.4831 1.4897 1.4989 1.502 1.5133 1.5295 1.5379 1.5426 1.5443 1.5453 1.5438 1.5408
NaN NaN NaN NaN NaN NaN NaN NaN NaN NaN NaN NaN NaN NaN NaN NaN NaN 1.3342 1.3457 1.3653 1.3734 1.4057 1.4221 1.4358 1.4536 1.4752 1.4847 1.4972 1.5014 1.511 1.523 1.5315 1.5355 1.5362 1.5375 1.5351 1.5316
NaN NaN NaN NaN NaN NaN NaN NaN NaN NaN NaN NaN NaN NaN NaN NaN NaN NaN 1.3429 1.372 1.3562 1.3895 1.4101 1.4205 1.4334 1.4633 1.477 1.4803 1.4921 1.5038 1.5165 1.5255 1.5294 1.529 1.529 1.5266 1.5227
NaN NaN NaN NaN NaN NaN NaN NaN NaN NaN NaN NaN NaN NaN NaN NaN NaN NaN NaN NaN 1.3471 1.4045 1.4051 1.3961 1.4 1.4452 1.4635 1.4599 1.4809 1.4948 1.5123 1.5204 1.5218 1.5209 1.5196 1.5175 1.515
NaN NaN NaN NaN NaN NaN NaN NaN NaN NaN NaN NaN NaN NaN NaN NaN NaN NaN NaN NaN NaN NaN 1.4135 1.4112 1.3899 1.4251 1.4424 1.4312 1.4642 1.4741 1.4849 1.5098 1.5116 1.5094 1.5072 1.5052 1.5036
NaN NaN NaN NaN NaN NaN NaN NaN NaN NaN NaN NaN NaN NaN NaN NaN NaN NaN NaN NaN NaN NaN NaN NaN 1.3874 1.405 1.3935 1.3811 1.4196 1.4401 1.4387 1.478 1.4903 1.4815 1.4863 1.4899 1.4808
NaN NaN NaN NaN NaN NaN NaN NaN NaN NaN NaN NaN NaN NaN NaN NaN NaN NaN NaN NaN NaN NaN NaN NaN NaN NaN 1.3821 1.3907 1.4015 1.4217 1.3946 1.4229 1.4421 1.4245 1.4503 1.4552 1.4565
NaN NaN NaN NaN NaN NaN NaN NaN NaN NaN NaN NaN NaN NaN NaN NaN NaN NaN NaN NaN NaN NaN NaN NaN NaN NaN NaN NaN 1.3727 1.4361 1.3922 1.3977 1.3733 1.3077 1.2715 1.1267 0.47536
NaN NaN NaN NaN NaN NaN NaN NaN NaN NaN NaN NaN NaN NaN NaN NaN NaN NaN NaN NaN NaN NaN NaN NaN NaN NaN NaN NaN NaN NaN 1.3462 1.3247 1.2333 1.0453 0.39677 NaN NaN
NaN NaN NaN NaN NaN NaN NaN NaN NaN NaN NaN NaN NaN NaN NaN NaN NaN NaN NaN NaN NaN NaN NaN NaN NaN NaN NaN NaN NaN NaN NaN NaN 0.95888 0.29833 NaN NaN NaN
NaN NaN NaN NaN NaN NaN NaN NaN NaN NaN NaN NaN NaN NaN NaN NaN NaN NaN NaN NaN NaN NaN NaN NaN NaN NaN NaN NaN NaN NaN NaN NaN NaN NaN NaN NaN NaN
NaN NaN NaN NaN NaN NaN NaN NaN NaN NaN NaN NaN NaN NaN NaN NaN NaN NaN NaN NaN NaN NaN NaN NaN NaN NaN NaN NaN NaN NaN NaN NaN NaN NaN NaN NaN NaN
NaN NaN NaN NaN NaN NaN NaN NaN NaN NaN NaN NaN NaN NaN NaN NaN NaN NaN NaN NaN NaN NaN NaN NaN NaN NaN NaN NaN NaN NaN NaN NaN NaN NaN NaN NaN NaN
