NaN NaN NaN NaN NaN NaN NaN NaN NaN NaN 1.3572 1.4436 1.4115 1.4548 1.4521 1.3924 1.3558 1.3507 1.3627 1.382 1.4011 1.4093 1.419 1.4302 1.4329 1.4427 1.4466 1.4564 1.4628 1.4673 1.4733 1.479 1.4903 1.5032 1.5152 1.5214 1.526
NaN NaN NaN NaN NaN NaN NaN NaN NaN NaN NaN NaN NaN NaN 1.446 1.3746 1.3349 1.3373 1.3552 1.374 1.3921 1.4029 1.4146 1.4251 1.4283 1.4375 1.442 1.4507 1.4571 1.4609 1.4672 1.4713 1.483 1.4978 1.5081 1.5143 1.5185
NaN NaN NaN NaN NaN NaN NaN NaN 0.38242 0.35192 0.33251 0.3072 0.27486 0.24553 1.456 1.3451 1.3245 1.3319 1.3513 1.3693 1.386 1.3976 1.4094 1.4174 1.4238 1.4313 1.436 1.4443 1.4508 1.4542 1.459 1.4624 1.4753 1.4907 1.4997 1.5059 1.5094
NaN NaN NaN NaN NaN NaN NaN NaN 0.69516 0.73777 0.78502 0.85106 0.94499 1.103 1.3876 1.2702 1.304 1.3237 1.3446 1.3614 1.3788 1.3895 1.4016 1.4095 1.4165 1.4242 1.4298 1.4373 1.4437 1.4479 1.4515 1.4556 1.4694 1.4822 1.4899 1.4957 1.4996
NaN NaN NaN NaN NaN NaN NaN NaN 0.88153 0.91374 0.94909 0.99898 1.0738 1.1749 1.2889 1.2144 1.2822 1.3099 1.3326 1.3512 1.3682 1.38 1.3917 1.4001 1.4072 1.4148 1.4203 1.4273 1.4339 1.4378 1.4401 1.4455 1.4577 1.4729 1.4809 1.4863 1.4908
NaN NaN NaN NaN NaN NaN NaN NaN 0.89552 0.92237 0.963 1.0182 1.0902 1.1646 1.2262 1.1901 1.2612 1.2924 1.318 1.3387 1.3561 1.3684 1.3801 1.3888 1.3968 1.4041 1.4107 1.4174 1.4233 1.4286 1.4311 1.4373 1.4493 1.464 1.4717 1.4775 1.481
NaN NaN NaN NaN NaN NaN NaN NaN 0.9229 0.94847 0.99119 1.047 1.1041 1.1536 1.1907 1.1802 1.245 1.2733 1.3005 1.3242 1.3427 1.3565 1.3694 1.3793 1.3889 1.3964 1.4033 1.4115 1.418 1.4238 1.4281 1.436 1.4445 1.4578 1.4643 1.4695 1.4727
NaN NaN NaN NaN NaN NaN NaN NaN 0.92891 0.96349 1.0079 1.057 1.1 1.1371 1.1694 1.1786 1.234 1.2617 1.2852 1.3058 1.3235 1.3362 1.3478 1.3564 1.3646 1.3809 1.3849 1.3583 1.408 1.4148 1.4185 1.4287 1.4396 1.45 1.4569 1.4616 1.4645
NaN NaN NaN NaN NaN NaN NaN NaN 0.92902 0.98203 1.0223 1.0623 1.0959 1.1273 1.1593 1.1793 1.2262 1.2532 1.278 1.2994 1.3175 1.3365 1.351 1.3655 1.3832 1.4076 1.4235 1.3917 1.4074 1.4115 1.4156 1.4267 1.4351 1.4461 1.4544 1.4503 1.4601
NaN NaN NaN NaN NaN NaN NaN NaN NaN 1.0161 1.0464 1.0753 1.0998 1.1266 1.1575 1.1836 1.223 1.2452 1.2692 1.2898 1.3096 1.3298 1.3464 1.3611 1.3777 1.3967 1.4039 1.3772 1.4016 1.4072 1.4116 1.423 1.4318 1.4421 1.4515 1.4445 1.455
NaN NaN NaN NaN NaN NaN NaN NaN NaN 1.0376 1.0677 1.0781 1.0942 1.1226 1.1568 1.1879 1.2248 1.2462 1.2658 1.286 1.3083 1.3289 1.3446 1.3596 1.3743 1.3894 1.394 1.3739 1.398 1.4045 1.4108 1.4214 1.4299 1.4404 1.4482 1.4461 1.4511
NaN NaN NaN NaN NaN NaN NaN NaN NaN NaN 1.0649 1.0691 1.0858 1.1244 1.1606 1.1932 1.2265 1.2458 1.2647 1.2858 1.3057 1.3249 1.3405 1.3535 1.3685 1.3814 1.3853 1.3716 1.3944 1.4012 1.4096 1.419 1.4279 1.4367 1.4422 1.4403 1.4452
NaN NaN NaN NaN NaN NaN NaN NaN NaN NaN NaN 1.0737 1.0907 1.1308 1.1672 1.1979 1.2252 1.242 1.2624 1.2835 1.3034 1.3212 1.3371 1.35 1.3635 1.3758 1.3795 1.3711 1.3911 1.3982 1.4069 1.4157 1.4235 1.4323 1.4351 1.4339 1.4383
NaN NaN NaN NaN NaN NaN NaN NaN NaN NaN NaN 1.0776 1.0976 1.1295 1.1609 1.189 1.2146 1.2313 1.2519 1.2776 1.2994 1.3159 1.3316 1.3443 1.3572 1.3688 1.3736 1.3682 1.3864 1.3938 1.4037 1.4114 1.4181 1.4251 1.4277 1.4278 1.4308
NaN NaN NaN NaN NaN NaN NaN NaN NaN NaN NaN NaN 1.0821 1.1244 1.1378 1.1715 1.2022 1.2233 1.2461 1.2711 1.2931 1.3094 1.3252 1.3375 1.3512 1.3627 1.368 1.3664 1.3816 1.3893 1.3993 1.4071 1.4137 1.4189 1.4208 1.4205 1.4214
NaN NaN NaN NaN NaN NaN NaN NaN NaN NaN NaN NaN NaN 1.1448 1.1537 1.17 1.205 1.2225 1.2433 1.2676 1.288 1.3044 1.3199 1.3321 1.3442 1.3565 1.3612 1.3625 1.3767 1.3833 1.3948 1.4016 1.4077 1.4116 1.4129 1.4128 1.4116
NaN NaN NaN NaN NaN NaN NaN NaN NaN NaN NaN NaN NaN NaN 1.1613 1.1871 1.1982 1.2064 1.2295 1.257 1.2713 1.294 1.3097 1.3236 1.3383 1.349 1.3556 1.3594 1.3707 1.3785 1.39 1.3968 1.4018 1.4046 1.4056 1.4044 1.404
NaN NaN NaN NaN NaN NaN NaN NaN NaN NaN NaN NaN NaN NaN NaN 1.1906 1.1973 1.1911 1.215 1.2461 1.2625 1.285 1.3004 1.3141 1.3282 1.3407 1.347 1.3555 1.3586 1.3691 1.3841 1.392 1.3964 1.3982 1.3991 1.398 1.3953
NaN NaN NaN NaN NaN NaN NaN NaN NaN NaN NaN NaN NaN NaN NaN NaN NaN 1.2022 1.2131 1.2314 1.239 1.2687 1.284 1.297 1.3135 1.3336 1.3426 1.3542 1.3582 1.3672 1.3785 1.3864 1.3903 1.3911 1.3924 1.3903 1.3873
NaN NaN NaN NaN NaN NaN NaN NaN NaN NaN NaN NaN NaN NaN NaN NaN NaN NaN 1.211 1.2378 1.2236 1.2543 1.2733 1.2833 1.2953 1.323 1.3359 1.3392 1.3501 1.361 1.3728 1.3813 1.3851 1.3848 1.385 1.3829 1.3795
NaN NaN NaN NaN NaN NaN NaN NaN NaN NaN NaN NaN NaN NaN NaN NaN NaN NaN NaN NaN 1.2156 1.2682 1.2692 1.2613 1.2652 1.3068 1.3239 1.3209 1.3401 1.353 1.3692 1.3769 1.3784 1.3777 1.3767 1.3749 1.3727
NaN NaN NaN NaN NaN NaN NaN NaN NaN NaN NaN NaN NaN NaN NaN NaN NaN NaN NaN NaN NaN NaN 1.2778 1.2758 1.2559 1.2887 1.3051 1.295 1.3254 1.3345 1.3447 1.3675 1.3695 1.3676 1.3657 1.364 1.3626
NaN NaN NaN NaN NaN NaN NaN NaN NaN NaN NaN NaN NaN NaN NaN NaN NaN NaN NaN NaN NaN NaN NaN NaN 1.2545 1.2708 1.2615 1.2503 1.2854 1.3042 1.303 1.3391 1.3505 1.3426 1.3471 1.3504 1.3422
NaN NaN NaN NaN NaN NaN NaN NaN NaN NaN NaN NaN NaN NaN NaN NaN NaN NaN NaN NaN NaN NaN NaN NaN NaN NaN 1.2499 1.2588 1.2691 1.2884 1.2635 1.2897 1.3073 1.2913 1.3149 1.3193 1.3204
NaN NaN NaN NaN NaN NaN NaN NaN NaN NaN NaN NaN NaN NaN NaN NaN NaN NaN NaN NaN NaN NaN NaN NaN NaN NaN NaN NaN 1.2435 1.3043 1.2618 1.2672 1.246 1.187 1.1555 1.0262 0.44528
NaN NaN NaN NaN NaN NaN NaN NaN NaN NaN NaN NaN NaN NaN NaN NaN NaN NaN NaN NaN NaN NaN NaN NaN NaN NaN NaN NaN NaN NaN 1.2439 1.2017 1.1206 0.95226 0.37195 NaN NaN
NaN NaN NaN NaN NaN NaN NaN NaN NaN NaN NaN NaN NaN NaN NaN NaN NaN NaN NaN NaN NaN NaN NaN NaN NaN NaN NaN NaN NaN NaN NaN NaN 0.87184 0.27959 NaN NaN NaN
NaN NaN NaN NaN NaN NaN NaN NaN NaN NaN NaN NaN NaN NaN NaN NaN NaN NaN NaN NaN NaN NaN NaN NaN NaN NaN NaN NaN NaN NaN NaN NaN NaN NaN NaN NaN NaN
NaN NaN NaN NaN NaN NaN NaN NaN NaN NaN NaN NaN NaN NaN NaN NaN NaN NaN NaN NaN NaN NaN NaN NaN NaN NaN NaN NaN NaN NaN NaN NaN NaN NaN NaN NaN NaN
NaN NaN NaN NaN NaN NaN NaN NaN NaN NaN NaN NaN NaN NaN NaN NaN NaN NaN NaN NaN NaN NaN NaN NaN NaN NaN NaN NaN NaN NaN NaN NaN NaN NaN NaN NaN NaN
