NaN NaN NaN NaN NaN NaN NaN NaN NaN NaN 1.8367 2.0946 2.1673 2.3674 2.4529 2.5818 2.6936 2.6966 2.7413 2.8049 2.8716 2.9033 2.9379 2.9735 2.985 3.0167 3.0314 3.0625 3.0865 3.1089 3.1346 3.1567 3.19 3.2225 3.2542 3.2726 3.2881
NaN NaN NaN NaN NaN NaN NaN NaN NaN NaN NaN NaN NaN NaN 2.1537 2.3077 2.585 2.6112 2.6786 2.7529 2.8257 2.8701 2.9157 2.9565 2.9739 3.0067 3.0233 3.0532 3.0775 3.0982 3.1239 3.1408 3.1736 3.2097 3.2375 3.256 3.2713
NaN NaN NaN NaN NaN NaN NaN NaN 0.39344 0.35356 0.32294 0.28578 0.24062 0.19499 2.1442 2.1862 2.5074 2.5488 2.6262 2.706 2.7828 2.8375 2.8912 2.9329 2.9625 2.9945 3.0138 3.0439 3.0694 3.0885 3.1102 3.1244 3.1589 3.1959 3.2205 3.2395 3.2534
NaN NaN NaN NaN NaN NaN NaN NaN 0.83321 0.90024 0.98164 1.0999 1.2755 1.5764 2.1448 2.1347 2.4391 2.5001 2.583 2.6618 2.7432 2.8015 2.8623 2.9083 2.9447 2.9796 3.0036 3.0335 3.0592 3.0795 3.0983 3.1137 3.1498 3.1814 3.2028 3.2213 3.236
NaN NaN NaN NaN NaN NaN NaN NaN 1.1652 1.2274 1.3022 1.4096 1.5728 1.8025 2.089 2.0775 2.3812 2.4562 2.5411 2.6218 2.7023 2.7667 2.8314 2.8824 2.9239 2.9619 2.9888 3.0189 3.0456 3.065 3.0797 3.0966 3.1275 3.1639 3.1855 3.2032 3.2195
NaN NaN NaN NaN NaN NaN NaN NaN 1.2553 1.3137 1.3997 1.5198 1.6809 1.8617 2.0364 2.0552 2.3295 2.4134 2.5007 2.5829 2.6633 2.731 2.7983 2.8527 2.8997 2.9395 2.9706 3.0005 3.0258 3.0476 3.0614 3.0798 3.1107 3.1468 3.1675 3.1864 3.2008
NaN NaN NaN NaN NaN NaN NaN NaN 1.344 1.4021 1.4946 1.6186 1.7538 1.8849 2.0018 2.0525 2.2906 2.3714 2.4584 2.543 2.6228 2.6934 2.7636 2.8219 2.8744 2.9156 2.9489 2.9825 3.0099 3.0335 3.0511 3.0745 3.0989 3.1334 3.1512 3.1685 3.1816
NaN NaN NaN NaN NaN NaN NaN NaN 1.3935 1.4673 1.5646 1.6771 1.784 1.8854 1.9842 2.0634 2.2643 2.3463 2.4274 2.5061 2.5838 2.6533 2.7229 2.7813 2.8325 2.8925 2.9188 2.8653 2.9915 3.0089 3.0255 3.0548 3.0844 3.1133 3.132 3.1478 3.16
NaN NaN NaN NaN NaN NaN NaN NaN 1.4341 1.5278 1.6189 1.7135 1.799 1.8841 1.978 2.0736 2.2421 2.321 2.4009 2.4764 2.5488 2.6256 2.6947 2.7597 2.8255 2.9029 2.9616 2.9117 2.9873 2.9969 3.0122 3.0437 3.0676 3.0982 3.1203 3.1171 3.1464
NaN NaN NaN NaN NaN NaN NaN NaN NaN 1.6038 1.6785 1.7516 1.8169 1.8907 1.9818 2.0879 2.2322 2.3008 2.3776 2.4485 2.5213 2.5993 2.6715 2.7392 2.8081 2.8811 2.9236 2.8761 2.9661 2.9814 2.9963 3.028 3.0517 3.0804 3.1054 3.0961 3.1303
NaN NaN NaN NaN NaN NaN NaN NaN NaN 1.6602 1.7297 1.7694 1.8158 1.8915 1.9869 2.099 2.2286 2.2949 2.3606 2.4268 2.5039 2.5823 2.6526 2.7223 2.7894 2.8561 2.8903 2.853 2.943 2.9632 2.983 3.0135 3.0365 3.0656 3.0887 3.0899 3.1138
NaN NaN NaN NaN NaN NaN NaN NaN NaN NaN 1.7349 1.7636 1.8078 1.8999 1.9986 2.1112 2.2278 2.2878 2.348 2.4162 2.4889 2.5641 2.6334 2.6988 2.7671 2.8281 2.8581 2.8338 2.9195 2.9431 2.9695 2.9989 3.0241 3.0508 3.0701 3.0712 3.0939
NaN NaN NaN NaN NaN NaN NaN NaN NaN NaN NaN 1.7689 1.818 1.9158 2.0157 2.1238 2.2235 2.2757 2.3368 2.4041 2.4757 2.547 2.6161 2.6806 2.7456 2.8036 2.832 2.8205 2.898 2.9246 2.9547 2.9844 3.0089 3.036 3.0496 3.0523 3.0739
NaN NaN NaN NaN NaN NaN NaN NaN NaN NaN NaN 1.7755 1.8391 1.9254 2.0177 2.1174 2.2073 2.2558 2.3125 2.387 2.4622 2.5301 2.5981 2.6609 2.7237 2.7789 2.809 2.8053 2.8762 2.9048 2.9406 2.9694 2.9923 3.0158 3.0288 3.0354 3.0537
NaN NaN NaN NaN NaN NaN NaN NaN NaN NaN NaN NaN 1.816 1.9171 1.9897 2.0928 2.1847 2.2368 2.2955 2.3696 2.446 2.5124 2.5797 2.6401 2.7033 2.7568 2.7878 2.7942 2.856 2.8869 2.9247 2.9545 2.9786 2.9991 3.0115 3.0182 3.032
NaN NaN NaN NaN NaN NaN NaN NaN NaN NaN NaN NaN NaN 1.9081 1.9742 2.0861 2.1838 2.2274 2.2837 2.3582 2.4318 2.4982 2.5645 2.6242 2.6831 2.7374 2.7668 2.7815 2.8384 2.8676 2.9103 2.939 2.9634 2.982 2.9936 3.0015 3.0105
NaN NaN NaN NaN NaN NaN NaN NaN NaN NaN NaN NaN NaN NaN 1.938 2.0542 2.1759 2.1988 2.2593 2.3429 2.3976 2.4767 2.5418 2.6032 2.666 2.7161 2.7496 2.7716 2.8194 2.8516 2.896 2.9254 2.9489 2.9652 2.9764 2.9828 2.993
NaN NaN NaN NaN NaN NaN NaN NaN NaN NaN NaN NaN NaN NaN NaN 1.9934 2.0922 2.1758 2.2375 2.3223 2.3755 2.4578 2.5219 2.5828 2.6433 2.6961 2.7292 2.7631 2.7897 2.8289 2.8803 2.9121 2.9351 2.9494 2.9613 2.9684 2.9736
NaN NaN NaN NaN NaN NaN NaN NaN NaN NaN NaN NaN NaN NaN NaN NaN NaN 2.105 2.228 2.3037 2.3295 2.4298 2.4918 2.5474 2.6088 2.6754 2.7127 2.7561 2.783 2.8224 2.8666 2.899 2.9207 2.9334 2.9468 2.9521 2.956
NaN NaN NaN NaN NaN NaN NaN NaN NaN NaN NaN NaN NaN NaN NaN NaN NaN NaN 2.0897 2.1939 2.2917 2.4023 2.4711 2.5186 2.568 2.6515 2.6986 2.7258 2.7662 2.8076 2.853 2.8871 2.9089 2.9196 2.9311 2.9362 2.9385
NaN NaN NaN NaN NaN NaN NaN NaN NaN NaN NaN NaN NaN NaN NaN NaN NaN NaN NaN NaN 2.1124 2.2538 2.4217 2.4739 2.501 2.6175 2.6741 2.6859 2.745 2.7879 2.8436 2.8769 2.8944 2.9046 2.9137 2.9189 2.9224
NaN NaN NaN NaN NaN NaN NaN NaN NaN NaN NaN NaN NaN NaN NaN NaN NaN NaN NaN NaN NaN NaN 2.078 2.1671 2.3544 2.5757 2.6354 2.6299 2.7177 2.7508 2.7919 2.8578 2.8749 2.8837 2.8911 2.8956 2.899
NaN NaN NaN NaN NaN NaN NaN NaN NaN NaN NaN NaN NaN NaN NaN NaN NaN NaN NaN NaN NaN NaN NaN NaN 2.0341 2.3143 2.5418 2.5494 2.6437 2.6941 2.7025 2.7997 2.8351 2.8314 2.8535 2.8667 2.8535
NaN NaN NaN NaN NaN NaN NaN NaN NaN NaN NaN NaN NaN NaN NaN NaN NaN NaN NaN NaN NaN NaN NaN NaN NaN NaN 2.1972 2.304 2.5243 2.6623 2.6053 2.7067 2.7509 2.7228 2.787 2.7961 2.8024
NaN NaN NaN NaN NaN NaN NaN NaN NaN NaN NaN NaN NaN NaN NaN NaN NaN NaN NaN NaN NaN NaN NaN NaN NaN NaN NaN NaN 2.0307 2.1613 2.2972 2.4115 2.6075 2.5624 2.559 2.3792 1.5127
NaN NaN NaN NaN NaN NaN NaN NaN NaN NaN NaN NaN NaN NaN NaN NaN NaN NaN NaN NaN NaN NaN NaN NaN NaN NaN NaN NaN NaN NaN 1.7484 2.144 2.3521 2.2029 1.2692 NaN NaN
NaN NaN NaN NaN NaN NaN NaN NaN NaN NaN NaN NaN NaN NaN NaN NaN NaN NaN NaN NaN NaN NaN NaN NaN NaN NaN NaN NaN NaN NaN NaN NaN 1.833 0.93987 NaN NaN NaN
NaN NaN NaN NaN NaN NaN NaN NaN NaN NaN NaN NaN NaN NaN NaN NaN NaN NaN NaN NaN NaN NaN NaN NaN NaN NaN NaN NaN NaN NaN NaN NaN NaN NaN NaN NaN NaN
NaN NaN NaN NaN NaN NaN NaN NaN NaN NaN NaN NaN NaN NaN NaN NaN NaN NaN NaN NaN NaN NaN NaN NaN NaN NaN NaN NaN NaN NaN NaN NaN NaN NaN NaN NaN NaN
NaN NaN NaN NaN NaN NaN NaN NaN NaN NaN NaN NaN NaN NaN NaN NaN NaN NaN NaN NaN NaN NaN NaN NaN NaN NaN NaN NaN NaN NaN NaN NaN NaN NaN NaN NaN NaN
