NaN NaN NaN NaN NaN NaN NaN NaN NaN NaN 1.3777 1.4694 1.4372 1.4832 1.4806 1.4192 1.3818 1.3763 1.3885 1.4085 1.4285 1.4372 1.4474 1.4593 1.4622 1.4725 1.4767 1.487 1.4939 1.4987 1.5051 1.511 1.5227 1.536 1.5484 1.5549 1.5597
NaN NaN NaN NaN NaN NaN NaN NaN NaN NaN NaN NaN NaN NaN 1.4707 1.3991 1.3594 1.3621 1.3806 1.4003 1.4193 1.4307 1.4431 1.4543 1.4578 1.4675 1.4723 1.4815 1.4884 1.4925 1.4991 1.5034 1.5154 1.5307 1.5415 1.5479 1.5524
NaN NaN NaN NaN NaN NaN NaN NaN 0.38454 0.35375 0.33407 0.30845 0.27577 0.24601 1.4809 1.3678 1.3482 1.3561 1.3763 1.3953 1.4131 1.4254 1.438 1.4467 1.4535 1.4615 1.4665 1.4753 1.4823 1.486 1.4911 1.4946 1.5079 1.5238 1.5332 1.5397 1.5434
NaN NaN NaN NaN NaN NaN NaN NaN 0.69978 0.74315 0.79166 0.85952 0.95594 1.1182 1.4116 1.2911 1.3271 1.3475 1.3694 1.3872 1.4058 1.4172 1.4303 1.4389 1.4465 1.4547 1.4606 1.4686 1.4754 1.48 1.4838 1.488 1.5022 1.5155 1.5235 1.5296 1.5338
NaN NaN NaN NaN NaN NaN NaN NaN 0.89012 0.92315 0.9597 1.0112 1.0885 1.1929 1.3114 1.2342 1.3049 1.3335 1.3572 1.3769 1.395 1.4078 1.4205 1.4297 1.4374 1.4455 1.4514 1.4589 1.4659 1.4701 1.4726 1.4781 1.4906 1.5064 1.5147 1.5204 1.5252
NaN NaN NaN NaN NaN NaN NaN NaN 0.90594 0.93356 0.9754 1.0323 1.1064 1.1833 1.2476 1.2095 1.2834 1.3158 1.3425 1.3643 1.3828 1.3962 1.4089 1.4184 1.4271 1.435 1.4421 1.4492 1.4555 1.4611 1.4637 1.4701 1.4824 1.4976 1.5056 1.5117 1.5155
NaN NaN NaN NaN NaN NaN NaN NaN 0.9347 0.96105 1.005 1.0624 1.1213 1.1727 1.2113 1.1997 1.2671 1.2965 1.3248 1.3497 1.3693 1.3842 1.3981 1.409 1.4193 1.4273 1.4348 1.4434 1.4504 1.4564 1.4609 1.469 1.4777 1.4916 1.4983 1.5038 1.5073
NaN NaN NaN NaN NaN NaN NaN NaN 0.9416 0.97709 1.0227 1.0733 1.1176 1.1562 1.1896 1.1984 1.256 1.2848 1.3094 1.3311 1.3499 1.3637 1.3765 1.386 1.3951 1.4124 1.4172 1.3883 1.4404 1.4475 1.4513 1.4618 1.473 1.4838 1.491 1.4959 1.499
NaN NaN NaN NaN NaN NaN NaN NaN 0.94241 0.99641 1.0378 1.0791 1.1137 1.1462 1.1793 1.1994 1.2482 1.2761 1.302 1.3244 1.3436 1.3638 1.3793 1.3948 1.4134 1.4391 1.4561 1.4226 1.4398 1.4442 1.4485 1.4599 1.4685 1.4799 1.4886 1.4844 1.4947
NaN NaN NaN NaN NaN NaN NaN NaN NaN 1.0314 1.0627 1.0925 1.1178 1.1456 1.1775 1.204 1.245 1.268 1.2931 1.3146 1.3355 1.3569 1.3746 1.3904 1.408 1.4283 1.4365 1.4081 1.434 1.44 1.4444 1.4562 1.4652 1.4759 1.4857 1.4786 1.4896
NaN NaN NaN NaN NaN NaN NaN NaN NaN 1.0537 1.0846 1.0955 1.1122 1.1416 1.1768 1.2085 1.2469 1.2692 1.2897 1.3107 1.334 1.3559 1.3728 1.3889 1.4045 1.4208 1.4264 1.4048 1.4303 1.4372 1.4437 1.4546 1.4633 1.4742 1.4824 1.4802 1.4856
NaN NaN NaN NaN NaN NaN NaN NaN NaN NaN 1.0819 1.0864 1.1038 1.1435 1.1808 1.2141 1.2487 1.2689 1.2886 1.3104 1.3313 1.3518 1.3685 1.3826 1.3986 1.4127 1.4174 1.4026 1.4265 1.4338 1.4425 1.4522 1.4613 1.4705 1.4764 1.4744 1.4797
NaN NaN NaN NaN NaN NaN NaN NaN NaN NaN NaN 1.091 1.1087 1.15 1.1875 1.219 1.2475 1.2652 1.2864 1.3083 1.3291 1.348 1.365 1.379 1.3935 1.4068 1.4113 1.4021 1.4231 1.4307 1.4398 1.4489 1.457 1.4661 1.4692 1.468 1.4728
NaN NaN NaN NaN NaN NaN NaN NaN NaN NaN NaN 1.095 1.1158 1.1489 1.1813 1.2102 1.2369 1.2544 1.2758 1.3024 1.325 1.3426 1.3594 1.3731 1.387 1.3997 1.4053 1.3992 1.4184 1.4262 1.4366 1.4447 1.4515 1.4589 1.4617 1.4619 1.4652
NaN NaN NaN NaN NaN NaN NaN NaN NaN NaN NaN NaN 1.1005 1.1439 1.1579 1.1926 1.2244 1.2463 1.2699 1.2959 1.3188 1.336 1.3529 1.3662 1.3809 1.3934 1.3995 1.3975 1.4135 1.4217 1.4322 1.4404 1.4473 1.4527 1.4549 1.4546 1.4558
NaN NaN NaN NaN NaN NaN NaN NaN NaN NaN NaN NaN NaN 1.1646 1.1738 1.1909 1.2272 1.2455 1.2671 1.2924 1.3137 1.331 1.3475 1.3607 1.3738 1.3871 1.3925 1.3936 1.4086 1.4156 1.4277 1.4349 1.4412 1.4454 1.447 1.4469 1.446
NaN NaN NaN NaN NaN NaN NaN NaN NaN NaN NaN NaN NaN NaN 1.1817 1.2083 1.2204 1.2292 1.2532 1.2818 1.2968 1.3204 1.3372 1.3521 1.3678 1.3795 1.3868 1.3906 1.4024 1.4107 1.4229 1.4301 1.4355 1.4385 1.4397 1.4386 1.4383
NaN NaN NaN NaN NaN NaN NaN NaN NaN NaN NaN NaN NaN NaN NaN 1.2122 1.2196 1.2138 1.2386 1.2709 1.288 1.3114 1.3278 1.3425 1.3575 1.371 1.3781 1.3869 1.3901 1.4013 1.417 1.4253 1.4301 1.432 1.4332 1.4322 1.4297
NaN NaN NaN NaN NaN NaN NaN NaN NaN NaN NaN NaN NaN NaN NaN NaN NaN 1.2252 1.2367 1.2561 1.2641 1.295 1.3112 1.325 1.3425 1.3638 1.3735 1.3856 1.3898 1.3994 1.4114 1.4198 1.424 1.4249 1.4266 1.4246 1.4216
NaN NaN NaN NaN NaN NaN NaN NaN NaN NaN NaN NaN NaN NaN NaN NaN NaN NaN 1.2349 1.2629 1.2485 1.2804 1.3004 1.311 1.3238 1.353 1.3669 1.3703 1.3816 1.3932 1.4058 1.4148 1.4188 1.4187 1.4191 1.4171 1.4138
NaN NaN NaN NaN NaN NaN NaN NaN NaN NaN NaN NaN NaN NaN NaN NaN NaN NaN NaN NaN 1.2404 1.2949 1.2962 1.2884 1.2929 1.3366 1.3547 1.3516 1.3715 1.3851 1.4022 1.4104 1.4122 1.4116 1.4108 1.4091 1.407
NaN NaN NaN NaN NaN NaN NaN NaN NaN NaN NaN NaN NaN NaN NaN NaN NaN NaN NaN NaN NaN NaN 1.305 1.3033 1.2831 1.3177 1.3353 1.325 1.3567 1.3664 1.3772 1.401 1.4032 1.4014 1.3997 1.3981 1.3968
NaN NaN NaN NaN NaN NaN NaN NaN NaN NaN NaN NaN NaN NaN NaN NaN NaN NaN NaN NaN NaN NaN NaN NaN 1.2813 1.2992 1.291 1.2794 1.3157 1.3354 1.3342 1.372 1.384 1.3759 1.3808 1.3844 1.376
NaN NaN NaN NaN NaN NaN NaN NaN NaN NaN NaN NaN NaN NaN NaN NaN NaN NaN NaN NaN NaN NaN NaN NaN NaN NaN 1.2779 1.2876 1.2988 1.32 1.2935 1.3212 1.3399 1.3232 1.348 1.3527 1.3539
NaN NaN NaN NaN NaN NaN NaN NaN NaN NaN NaN NaN NaN NaN NaN NaN NaN NaN NaN NaN NaN NaN NaN NaN NaN NaN NaN NaN 1.2713 1.3356 1.2922 1.2982 1.2775 1.2175 1.1868 1.0565 0.46953
NaN NaN NaN NaN NaN NaN NaN NaN NaN NaN NaN NaN NaN NaN NaN NaN NaN NaN NaN NaN NaN NaN NaN NaN NaN NaN NaN NaN NaN NaN 1.268 1.2318 1.1504 0.97988 0.39178 NaN NaN
NaN NaN NaN NaN NaN NaN NaN NaN NaN NaN NaN NaN NaN NaN NaN NaN NaN NaN NaN NaN NaN NaN NaN NaN NaN NaN NaN NaN NaN NaN NaN NaN 0.89596 0.29393 NaN NaN NaN
NaN NaN NaN NaN NaN NaN NaN NaN NaN NaN NaN NaN NaN NaN NaN NaN NaN NaN NaN NaN NaN NaN NaN NaN NaN NaN NaN NaN NaN NaN NaN NaN NaN NaN NaN NaN NaN
NaN NaN NaN NaN NaN NaN NaN NaN NaN NaN NaN NaN NaN NaN NaN NaN NaN NaN NaN NaN NaN NaN NaN NaN NaN NaN NaN NaN NaN NaN NaN NaN NaN NaN NaN NaN NaN
NaN NaN NaN NaN NaN NaN NaN NaN NaN NaN NaN NaN NaN NaN NaN NaN NaN NaN NaN NaN NaN NaN NaN NaN NaN NaN NaN NaN NaN NaN NaN NaN NaN NaN NaN NaN NaN
