NaN NaN NaN NaN NaN NaN NaN NaN NaN NaN NaN NaN NaN NaN 0.020065 0.020065 0.020065 0.020065 0.020065 0.020065 0.020065 0.020065 0.020065 0.020065 0.020065 0.020065 0.020065 0.020065 0.020065 0.020065 0.020065 0.020065 0.020065 0.020065 0.020065 0.020065 0.020065
NaN NaN NaN NaN NaN NaN NaN NaN NaN NaN NaN NaN NaN NaN NaN 0.020065 0.020065 0.020065 0.020065 0.020065 0.020065 0.020065 0.020065 0.020065 0.020065 0.020065 0.020065 0.020065 0.020065 0.020065 0.020065 0.020065 0.020065 0.020065 0.020065 0.020065 0.020065
NaN NaN NaN NaN NaN NaN NaN NaN NaN NaN NaN NaN NaN NaN 0.020065 0.020065 0.020065 0.020065 0.020065 0.020065 0.020065 0.020065 0.020065 0.020065 0.020065 0.020065 0.020065 0.020065 0.020065 0.020065 0.020065 0.020065 0.020065 0.020065 0.020065 0.020065 0.020065
NaN NaN NaN NaN NaN NaN NaN NaN NaN 0.020065 0.020065 0.020065 0.020065 0.020065 0.020065 0.020065 0.020065 0.020065 0.020065 0.020065 0.020065 0.020065 0.020065 0.020065 0.020065 0.020065 0.020065 0.020065 0.020065 0.020065 0.020065 0.020065 0.020065 0.020065 0.020065 0.020065 0.020065
NaN NaN NaN NaN NaN NaN NaN NaN NaN 0.020065 0.020065 0.020065 0.020065 0.020065 0.020065 0.020065 0.020065 0.020065 0.020065 0.020065 0.020065 0.020065 0.020065 0.020065 0.020065 0.020065 0.020065 0.020065 0.020065 0.020065 0.020065 0.020065 0.020065 0.020065 0.020065 0.020065 0.020065
NaN NaN NaN NaN NaN NaN NaN NaN NaN 0.020065 0.020065 0.020065 0.020065 0.020065 0.020065 0.020065 0.020065 0.020065 0.020065 0.020065 0.020065 0.020065 0.020065 0.020065 0.020065 0.020065 0.020065 0.020065 0.020065 0.020065 0.020065 0.020065 0.020065 0.020065 0.020065 0.020065 0.020065
NaN NaN NaN NaN NaN NaN NaN NaN NaN 0.020065 0.020065 0.020065 0.020065 0.020065 0.020065 0.020065 0.020065 0.020065 0.020065 0.020065 0.020065 0.020065 0.020065 0.020065 0.020065 0.020065 0.020065 0.020065 0.020065 0.020065 0.020065 0.020065 0.020065 0.020065 0.020065 0.020065 0.020065
NaN NaN NaN NaN NaN NaN NaN NaN NaN 0.020065 0.020065 0.020065 0.020065 0.020065 0.020065 0.020065 0.020065 0.020065 0.020065 0.020065 0.020065 0.020065 0.020065 0.020065 0.020065 0.020065 0.020065 0.020065 0.020065 0.020065 0.020065 0.020065 0.020065 0.020065 0.020065 0.020065 0.020065
NaN NaN NaN NaN NaN NaN NaN NaN NaN 0.020065 0.020065 0.020065 0.020065 0.020065 0.020065 0.020065 0.020065 0.020065 0.020065 0.020065 0.020065 0.020065 0.020065 0.020065 0.020065 0.020065 0.020065 0.020065 0.020065 0.020065 0.020065 0.020065 0.020065 0.020065 0.020065 0.020065 0.020065
NaN NaN NaN NaN NaN NaN NaN NaN NaN NaN 0.020065 0.020065 0.020065 0.020065 0.020065 0.020065 0.020065 0.020065 0.020065 0.020065 0.020065 0.020065 0.020065 0.020065 0.020065 0.020065 0.020065 0.020065 0.020065 0.020065 0.020065 0.020065 0.020065 0.020065 0.020065 0.020065 0.020065
NaN NaN NaN NaN NaN NaN NaN NaN NaN NaN 0.020065 0.020065 0.020065 0.020065 0.020065 0.020065 0.020065 0.020065 0.020065 0.020065 0.020065 0.020065 0.020065 0.020065 0.020065 0.020065 0.020065 0.020065 0.020065 0.020065 0.020065 0.020065 0.020065 0.020065 0.020065 0.020065 0.020065
NaN NaN NaN NaN NaN NaN NaN NaN NaN NaN NaN 0.020065 0.020065 0.020065 0.020065 0.020065 0.020065 0.020065 0.020065 0.020065 0.020065 0.020065 0.020065 0.020065 0.020065 0.020065 0.020065 0.020065 0.020065 0.020065 0.020065 0.020065 0.020065 0.020065 0.020065 0.020065 0.020065
NaN NaN NaN NaN NaN NaN NaN NaN NaN NaN NaN NaN 0.020065 0.020065 0.020065 0.020065 0.020065 0.020065 0.020065 0.020065 0.020065 0.020065 0.020065 0.020065 0.020065 0.020065 0.020065 0.020065 0.020065 0.020065 0.020065 0.020065 0.020065 0.020065 0.020065 0.020065 0.020065
NaN NaN NaN NaN NaN NaN NaN NaN NaN NaN NaN NaN 0.020065 0.020065 0.020065 0.020065 0.020065 0.020065 0.020065 0.020065 0.020065 0.020065 0.020065 0.020065 0.020065 0.020065 0.020065 0.020065 0.020065 0.020065 0.020065 0.020065 0.020065 0.020065 0.020065 0.020065 0.020065
NaN NaN NaN NaN NaN NaN NaN NaN NaN NaN NaN NaN NaN 0.020065 0.020065 0.020065 0.020065 0.020065 0.020065 0.020065 0.020065 0.020065 0.020065 0.020065 0.020065 0.020065 0.020065 0.020065 0.020065 0.020065 0.020065 0.020065 0.020065 0.020065 0.020065 0.020065 0.020065
NaN NaN NaN NaN NaN NaN NaN NaN NaN NaN NaN NaN NaN NaN 0.020065 0.020065 0.020065 0.020065 0.020065 0.020065 0.020065 0.020065 0.020065 0.020065 0.020065 0.020065 0.020065 0.020065 0.020065 0.020065 0.020065 0.020065 0.020065 0.020065 0.020065 0.020065 0.020065
NaN NaN NaN NaN NaN NaN NaN NaN NaN NaN NaN NaN NaN NaN NaN 0.020065 0.020065 0.020065 0.020065 0.020065 0.020065 0.020065 0.020065 0.020065 0.020065 0.020065 0.020065 0.020065 0.020065 0.020065 0.020065 0.020065 0.020065 0.020065 0.020065 0.020065 0.020065
NaN NaN NaN NaN NaN NaN NaN NaN NaN NaN NaN NaN NaN NaN NaN NaN NaN 0.020065 0.020065 0.020065 0.020065 0.020065 0.020065 0.020065 0.020065 0.020065 0.020065 0.020065 0.020065 0.020065 0.020065 0.020065 0.020065 0.020065 0.020065 0.020065 0.020065
NaN NaN NaN NaN NaN NaN NaN NaN NaN NaN NaN NaN NaN NaN NaN NaN NaN NaN 0.020065 0.020065 0.020065 0.020065 0.020065 0.020065 0.020065 0.020065 0.020065 0.020065 0.020065 0.020065 0.020065 0.020065 0.020065 0.020065 0.020065 0.020065 0.020065
NaN NaN NaN NaN NaN NaN NaN NaN NaN NaN NaN NaN NaN NaN NaN NaN NaN NaN NaN NaN 0.020065 0.020065 0.020065 0.020065 0.020065 0.020065 0.020065 0.020065 0.020065 0.020065 0.020065 0.020065 0.020065 0.020065 0.020065 0.020065 0.020065
NaN NaN NaN NaN NaN NaN NaN NaN NaN NaN NaN NaN NaN NaN NaN NaN NaN NaN NaN NaN NaN NaN 0.020065 0.020065 0.020065 0.020065 0.020065 0.020065 0.020065 0.020065 0.020065 0.020065 0.020065 0.020065 0.020065 0.020065 0.020065
NaN NaN NaN NaN NaN NaN NaN NaN NaN NaN NaN NaN NaN NaN NaN NaN NaN NaN NaN NaN NaN NaN NaN NaN 0.020065 0.020065 0.020065 0.020065 0.020065 0.020065 0.020065 0.020065 0.020065 0.020065 0.020065 0.020065 0.020065
NaN NaN NaN NaN NaN NaN NaN NaN NaN NaN NaN NaN NaN NaN NaN NaN NaN NaN NaN NaN NaN NaN NaN NaN NaN NaN 0.020065 0.020065 0.020065 0.020065 0.020065 0.020065 0.020065 0.020065 0.020065 0.020065 0.020065
NaN NaN NaN NaN NaN NaN NaN NaN NaN NaN NaN NaN NaN NaN NaN NaN NaN NaN NaN NaN NaN NaN NaN NaN NaN NaN NaN NaN 0.020065 0.020065 0.020065 0.020065 0.020065 0.020065 0.020065 0.020065 0.020065
NaN NaN NaN NaN NaN NaN NaN NaN NaN NaN NaN NaN NaN NaN NaN NaN NaN NaN NaN NaN NaN NaN NaN NaN NaN NaN NaN NaN NaN NaN 0.020065 0.020065 0.020065 0.020065 0.020065 NaN NaN
NaN NaN NaN NaN NaN NaN NaN NaN NaN NaN NaN NaN NaN NaN NaN NaN NaN NaN NaN NaN NaN NaN NaN NaN NaN NaN NaN NaN NaN NaN NaN NaN 0.020065 0.020065 NaN NaN NaN
NaN NaN NaN NaN NaN NaN NaN NaN NaN NaN NaN NaN NaN NaN NaN NaN NaN NaN NaN NaN NaN NaN NaN NaN NaN NaN NaN NaN NaN NaN NaN NaN NaN NaN NaN NaN NaN
NaN NaN NaN NaN NaN NaN NaN NaN NaN NaN NaN NaN NaN NaN NaN NaN NaN NaN NaN NaN NaN NaN NaN NaN NaN NaN NaN NaN NaN NaN NaN NaN NaN NaN NaN NaN NaN
NaN NaN NaN NaN NaN NaN NaN NaN NaN NaN NaN NaN NaN NaN NaN NaN NaN NaN NaN NaN NaN NaN NaN NaN NaN NaN NaN NaN NaN NaN NaN NaN NaN NaN NaN NaN NaN
NaN NaN NaN NaN NaN NaN NaN NaN NaN NaN NaN NaN NaN NaN NaN NaN NaN NaN NaN NaN NaN NaN NaN NaN NaN NaN NaN NaN NaN NaN NaN NaN NaN NaN NaN NaN NaN
