NaN NaN NaN NaN NaN NaN NaN NaN NaN NaN 1.802 2.0426 2.1033 2.2826 2.3454 2.4223 2.456 2.4556 2.4949 2.5519 2.6119 2.6403 2.6714 2.7034 2.7136 2.7423 2.7555 2.7837 2.8054 2.8257 2.849 2.8691 2.8993 2.9288 2.9574 2.9741 2.9881
NaN NaN NaN NaN NaN NaN NaN NaN NaN NaN NaN NaN NaN NaN 2.0844 2.1954 2.3605 2.3787 2.4384 2.5051 2.5705 2.6104 2.6514 2.6881 2.7036 2.7333 2.7482 2.7752 2.7972 2.8159 2.8393 2.8546 2.8843 2.917 2.9421 2.9589 2.9727
NaN NaN NaN NaN NaN NaN NaN NaN 0.36914 0.33268 0.30546 0.27234 0.23206 0.19221 2.0757 2.0754 2.2894 2.3223 2.3911 2.4627 2.5318 2.5809 2.6293 2.6668 2.6934 2.7224 2.7396 2.7669 2.7899 2.8071 2.8268 2.8396 2.8709 2.9044 2.9266 2.9438 2.9563
NaN NaN NaN NaN NaN NaN NaN NaN 0.78483 0.8494 0.92815 1.0421 1.2109 1.4997 2.0451 1.9883 2.2267 2.2779 2.3519 2.4228 2.496 2.5484 2.6033 2.6447 2.6774 2.7089 2.7305 2.7575 2.7807 2.799 2.816 2.8299 2.8626 2.8911 2.9104 2.9271 2.9403
NaN NaN NaN NaN NaN NaN NaN NaN 1.0925 1.1512 1.222 1.3234 1.4771 1.6926 1.959 1.9157 2.1733 2.2378 2.3138 2.3864 2.4589 2.5169 2.5754 2.6213 2.6587 2.693 2.7172 2.7443 2.7684 2.7858 2.7991 2.8143 2.8423 2.8751 2.8946 2.9105 2.9252
NaN NaN NaN NaN NaN NaN NaN NaN 1.1713 1.2256 1.3058 1.4175 1.5667 1.733 1.8906 1.8858 2.1256 2.1986 2.277 2.3511 2.4235 2.4846 2.5454 2.5944 2.6368 2.6727 2.7008 2.7276 2.7504 2.77 2.7824 2.799 2.827 2.8596 2.8782 2.8952 2.9082
NaN NaN NaN NaN NaN NaN NaN NaN 1.2485 1.3019 1.3874 1.5016 1.6254 1.7442 1.8471 1.8786 2.0895 2.1602 2.2383 2.3147 2.3867 2.4504 2.5139 2.5666 2.614 2.6511 2.6811 2.7114 2.736 2.7573 2.7731 2.7942 2.8162 2.8474 2.8633 2.8788 2.8907
NaN NaN NaN NaN NaN NaN NaN NaN 1.2902 1.3578 1.4471 1.55 1.6469 1.7376 1.8237 1.8858 2.0649 2.1371 2.21 2.281 2.3513 2.414 2.477 2.5297 2.576 2.63 2.6532 2.6058 2.7196 2.735 2.7499 2.7763 2.8031 2.8291 2.8458 2.86 2.871
NaN NaN NaN NaN NaN NaN NaN NaN 1.3245 1.4099 1.4932 1.5791 1.6558 1.7314 1.8134 1.8932 2.0441 2.1139 2.1857 2.2539 2.3194 2.3888 2.4513 2.5101 2.5696 2.6394 2.6922 2.6479 2.716 2.7242 2.7378 2.7663 2.7878 2.8153 2.8351 2.8321 2.8586
NaN NaN NaN NaN NaN NaN NaN NaN NaN 1.4774 1.5443 1.6102 1.6683 1.7338 1.8137 1.9051 2.0346 2.0953 2.1644 2.2285 2.2942 2.3648 2.4301 2.4914 2.5537 2.6197 2.6578 2.6154 2.6968 2.7102 2.7234 2.7521 2.7734 2.7992 2.8216 2.8131 2.844
NaN NaN NaN NaN NaN NaN NaN NaN NaN 1.5298 1.5912 1.6237 1.6645 1.7319 1.8161 1.9143 2.0308 2.0897 2.1488 2.2086 2.2783 2.3493 2.4129 2.476 2.5368 2.597 2.6275 2.5943 2.6759 2.6937 2.7114 2.7389 2.7596 2.7857 2.8064 2.8074 2.8289
NaN NaN NaN NaN NaN NaN NaN NaN NaN NaN 1.5965 1.6164 1.6549 1.7375 1.8251 1.9247 2.0297 2.0831 2.1372 2.1988 2.2645 2.3326 2.3954 2.4546 2.5165 2.5716 2.5983 2.5768 2.6545 2.6754 2.6992 2.7257 2.7483 2.7724 2.7896 2.7905 2.8109
NaN NaN NaN NaN NaN NaN NaN NaN NaN NaN NaN 1.6202 1.6622 1.7504 1.8394 1.9356 2.0254 2.0719 2.1269 2.1877 2.2524 2.3169 2.3795 2.438 2.4969 2.5493 2.5746 2.5646 2.6349 2.6586 2.6857 2.7125 2.7346 2.7589 2.771 2.7733 2.7927
NaN NaN NaN NaN NaN NaN NaN NaN NaN NaN NaN 1.6315 1.6805 1.758 1.8404 1.9293 2.0104 2.0537 2.1048 2.172 2.24 2.3014 2.3631 2.42 2.477 2.5268 2.5536 2.5507 2.615 2.6407 2.673 2.6989 2.7195 2.7406 2.7521 2.7579 2.7743
NaN NaN NaN NaN NaN NaN NaN NaN NaN NaN NaN NaN 1.6776 1.7658 1.8145 1.9066 1.9897 2.0363 2.0892 2.1561 2.2252 2.2852 2.3462 2.401 2.4583 2.5067 2.5344 2.5405 2.5967 2.6244 2.6584 2.6853 2.7071 2.7254 2.7364 2.7423 2.7547
NaN NaN NaN NaN NaN NaN NaN NaN NaN NaN NaN NaN NaN 1.7804 1.8236 1.8999 1.9885 2.0276 2.0783 2.1457 2.2122 2.2722 2.3323 2.3864 2.4399 2.489 2.5152 2.5289 2.5805 2.6068 2.6454 2.6713 2.6932 2.7099 2.7201 2.7271 2.7352
NaN NaN NaN NaN NaN NaN NaN NaN NaN NaN NaN NaN NaN NaN 1.8176 1.9059 1.9811 2.0007 2.0557 2.1317 2.1811 2.2526 2.3115 2.3673 2.4242 2.4695 2.4996 2.5197 2.5632 2.5923 2.6323 2.6588 2.6801 2.6947 2.7046 2.7102 2.7192
NaN NaN NaN NaN NaN NaN NaN NaN NaN NaN NaN NaN NaN NaN NaN 1.8813 1.9462 1.9801 2.0356 2.1128 2.161 2.2354 2.2934 2.3487 2.4035 2.4513 2.481 2.5118 2.5362 2.5716 2.618 2.6467 2.6674 2.6803 2.6909 2.6971 2.7016
NaN NaN NaN NaN NaN NaN NaN NaN NaN NaN NaN NaN NaN NaN NaN NaN NaN 1.9623 2.0365 2.0958 2.1192 2.21 2.266 2.3165 2.3721 2.4323 2.4659 2.5054 2.53 2.5656 2.6056 2.6348 2.6544 2.6657 2.6776 2.6822 2.6856
NaN NaN NaN NaN NaN NaN NaN NaN NaN NaN NaN NaN NaN NaN NaN NaN NaN NaN 1.9703 2.0545 2.0936 2.185 2.2471 2.2903 2.335 2.4104 2.4529 2.4778 2.5146 2.5521 2.5931 2.6239 2.6435 2.6531 2.6634 2.6679 2.6697
NaN NaN NaN NaN NaN NaN NaN NaN NaN NaN NaN NaN NaN NaN NaN NaN NaN NaN NaN NaN 1.9946 2.1213 2.2318 2.2518 2.2743 2.3794 2.4304 2.4416 2.4953 2.5341 2.5845 2.6146 2.6304 2.6395 2.6476 2.6521 2.6551
NaN NaN NaN NaN NaN NaN NaN NaN NaN NaN NaN NaN NaN NaN NaN NaN NaN NaN NaN NaN NaN NaN 1.9919 2.0622 2.1958 2.3441 2.3955 2.3907 2.4704 2.5003 2.5375 2.5971 2.6126 2.6205 2.627 2.6309 2.6338
NaN NaN NaN NaN NaN NaN NaN NaN NaN NaN NaN NaN NaN NaN NaN NaN NaN NaN NaN NaN NaN NaN NaN NaN 1.9558 2.1834 2.3301 2.322 2.4044 2.4489 2.4566 2.5444 2.5763 2.573 2.5929 2.6046 2.5924
NaN NaN NaN NaN NaN NaN NaN NaN NaN NaN NaN NaN NaN NaN NaN NaN NaN NaN NaN NaN NaN NaN NaN NaN NaN NaN 2.0891 2.1799 2.3417 2.4334 2.3865 2.4617 2.5 2.4745 2.5324 2.5403 2.5459
NaN NaN NaN NaN NaN NaN NaN NaN NaN NaN NaN NaN NaN NaN NaN NaN NaN NaN NaN NaN NaN NaN NaN NaN NaN NaN NaN NaN 1.9529 2.0722 2.1881 2.2778 2.4016 2.3319 2.3254 2.1614 1.3748
NaN NaN NaN NaN NaN NaN NaN NaN NaN NaN NaN NaN NaN NaN NaN NaN NaN NaN NaN NaN NaN NaN NaN NaN NaN NaN NaN NaN NaN NaN 1.7096 2.0612 2.1986 2.0076 1.1552 NaN NaN
NaN NaN NaN NaN NaN NaN NaN NaN NaN NaN NaN NaN NaN NaN NaN NaN NaN NaN NaN NaN NaN NaN NaN NaN NaN NaN NaN NaN NaN NaN NaN NaN 1.7199 0.85963 NaN NaN NaN
NaN NaN NaN NaN NaN NaN NaN NaN NaN NaN NaN NaN NaN NaN NaN NaN NaN NaN NaN NaN NaN NaN NaN NaN NaN NaN NaN NaN NaN NaN NaN NaN NaN NaN NaN NaN NaN
NaN NaN NaN NaN NaN NaN NaN NaN NaN NaN NaN NaN NaN NaN NaN NaN NaN NaN NaN NaN NaN NaN NaN NaN NaN NaN NaN NaN NaN NaN NaN NaN NaN NaN NaN NaN NaN
NaN NaN NaN NaN NaN NaN NaN NaN NaN NaN NaN NaN NaN NaN NaN NaN NaN NaN NaN NaN NaN NaN NaN NaN NaN NaN NaN NaN NaN NaN NaN NaN NaN NaN NaN NaN NaN
