NaN NaN NaN NaN NaN NaN NaN NaN NaN NaN 1.3448 1.429 1.3963 1.4386 1.4358 1.3772 1.3419 1.3371 1.349 1.3679 1.3867 1.3948 1.4043 1.4153 1.4179 1.4274 1.4312 1.4408 1.447 1.4513 1.4572 1.4626 1.4737 1.4863 1.4981 1.5042 1.5086
NaN NaN NaN NaN NaN NaN NaN NaN NaN NaN NaN NaN NaN NaN 1.4311 1.3599 1.3212 1.3242 1.3419 1.3603 1.378 1.3887 1.4001 1.4105 1.4136 1.4224 1.4268 1.4354 1.4416 1.4452 1.4512 1.4551 1.4666 1.4812 1.4913 1.4974 1.5015
NaN NaN NaN NaN NaN NaN NaN NaN 0.38044 0.35015 0.33088 0.30574 0.27363 0.24451 1.4412 1.3316 1.3115 1.3191 1.3382 1.3558 1.3722 1.3836 1.3951 1.403 1.4092 1.4164 1.421 1.4291 1.4355 1.4387 1.4433 1.4466 1.4592 1.4743 1.4832 1.4893 1.4926
NaN NaN NaN NaN NaN NaN NaN NaN 0.69011 0.73241 0.7795 0.84516 0.93813 1.0941 1.3739 1.2583 1.2915 1.3112 1.3317 1.3481 1.3652 1.3757 1.3876 1.3953 1.4021 1.4095 1.4149 1.4223 1.4285 1.4326 1.436 1.44 1.4535 1.4661 1.4736 1.4793 1.4831
NaN NaN NaN NaN NaN NaN NaN NaN 0.87513 0.90712 0.94232 0.9918 1.0657 1.1651 1.2768 1.2036 1.2702 1.2977 1.32 1.3383 1.3548 1.3665 1.3779 1.3861 1.393 1.4003 1.4057 1.4125 1.419 1.4227 1.4249 1.4301 1.442 1.4571 1.465 1.4702 1.4747
NaN NaN NaN NaN NaN NaN NaN NaN 0.8894 0.91608 0.95639 1.011 1.0818 1.155 1.2155 1.1799 1.2495 1.2805 1.3057 1.326 1.343 1.3551 1.3665 1.375 1.3828 1.3899 1.3963 1.4028 1.4086 1.4137 1.4161 1.4222 1.434 1.4484 1.456 1.4617 1.4651
NaN NaN NaN NaN NaN NaN NaN NaN 0.91686 0.9423 0.98455 1.0396 1.0958 1.1445 1.181 1.1704 1.2337 1.2618 1.2886 1.3118 1.3299 1.3435 1.3561 1.3658 1.3751 1.3823 1.3891 1.3971 1.4035 1.4092 1.4134 1.421 1.4293 1.4424 1.4488 1.4539 1.4571
NaN NaN NaN NaN NaN NaN NaN NaN 0.92314 0.95738 1.0012 1.0496 1.0919 1.1285 1.1603 1.169 1.2231 1.2505 1.2735 1.2936 1.3109 1.3233 1.3347 1.3431 1.3512 1.3674 1.3716 1.3438 1.3936 1.4005 1.4041 1.414 1.4247 1.4349 1.4418 1.4464 1.4492
NaN NaN NaN NaN NaN NaN NaN NaN 0.92333 0.97584 1.0155 1.055 1.0881 1.119 1.1506 1.1699 1.2157 1.2423 1.2666 1.2875 1.3052 1.3239 1.3381 1.3525 1.3698 1.3941 1.4099 1.3774 1.393 1.3974 1.4014 1.4122 1.4204 1.4313 1.4395 1.4354 1.4451
NaN NaN NaN NaN NaN NaN NaN NaN NaN 1.0096 1.0396 1.0681 1.0922 1.1187 1.1491 1.1744 1.2127 1.2349 1.2582 1.2787 1.2977 1.3175 1.3338 1.3483 1.3646 1.3833 1.3907 1.3634 1.3875 1.3933 1.3976 1.4087 1.4174 1.4276 1.4369 1.4299 1.4403
NaN NaN NaN NaN NaN NaN NaN NaN NaN 1.031 1.0606 1.0711 1.087 1.1151 1.1487 1.1788 1.2148 1.2362 1.2554 1.2752 1.2968 1.3169 1.3323 1.347 1.3613 1.3763 1.3812 1.3605 1.3841 1.3908 1.397 1.4074 1.4158 1.4261 1.4338 1.4317 1.4366
NaN NaN NaN NaN NaN NaN NaN NaN NaN NaN 1.058 1.0623 1.0791 1.1171 1.1527 1.1843 1.2167 1.236 1.2546 1.2753 1.2944 1.3131 1.3284 1.3411 1.3558 1.3687 1.3728 1.3586 1.3808 1.3878 1.3961 1.4053 1.4139 1.4227 1.4281 1.4262 1.431
NaN NaN NaN NaN NaN NaN NaN NaN NaN NaN NaN 1.0671 1.0841 1.1236 1.1594 1.1891 1.2157 1.2326 1.2526 1.2733 1.2925 1.3097 1.3252 1.3379 1.351 1.3633 1.3673 1.3584 1.3778 1.385 1.3936 1.4021 1.4098 1.4185 1.4213 1.4201 1.4244
NaN NaN NaN NaN NaN NaN NaN NaN NaN NaN NaN 1.071 1.091 1.1224 1.1533 1.1804 1.2055 1.2222 1.2425 1.2678 1.2888 1.3047 1.32 1.3324 1.345 1.3566 1.3617 1.3557 1.3734 1.3808 1.3906 1.3981 1.4046 1.4115 1.4142 1.4143 1.4172
NaN NaN NaN NaN NaN NaN NaN NaN NaN NaN NaN NaN 1.0753 1.117 1.1303 1.1633 1.1934 1.2145 1.2369 1.2615 1.2829 1.2985 1.3139 1.3259 1.3393 1.3507 1.3563 1.3542 1.3689 1.3766 1.3864 1.394 1.4005 1.4055 1.4075 1.4072 1.4081
NaN NaN NaN NaN NaN NaN NaN NaN NaN NaN NaN NaN NaN 1.1373 1.1459 1.162 1.1964 1.2139 1.2344 1.2583 1.2781 1.2939 1.3088 1.3207 1.3326 1.3448 1.3497 1.3505 1.3643 1.3709 1.3821 1.3888 1.3946 1.3985 1.3999 1.3997 1.3986
NaN NaN NaN NaN NaN NaN NaN NaN NaN NaN NaN NaN NaN NaN 1.1536 1.1787 1.1897 1.1981 1.221 1.2479 1.2617 1.2837 1.2989 1.3125 1.3269 1.3376 1.3443 1.3477 1.3585 1.3662 1.3775 1.3841 1.389 1.3918 1.3928 1.3916 1.3911
NaN NaN NaN NaN NaN NaN NaN NaN NaN NaN NaN NaN NaN NaN NaN 1.1822 1.1888 1.1831 1.2066 1.2372 1.2533 1.275 1.2899 1.3033 1.3171 1.3295 1.336 1.3441 1.3467 1.3571 1.3719 1.3795 1.3838 1.3855 1.3865 1.3854 1.3828
NaN NaN NaN NaN NaN NaN NaN NaN NaN NaN NaN NaN NaN NaN NaN NaN NaN 1.1938 1.2046 1.2226 1.2301 1.259 1.2739 1.2865 1.3027 1.3227 1.3317 1.3428 1.3464 1.3553 1.3664 1.3742 1.3779 1.3786 1.38 1.378 1.375
NaN NaN NaN NaN NaN NaN NaN NaN NaN NaN NaN NaN NaN NaN NaN NaN NaN NaN 1.2022 1.2284 1.2147 1.2449 1.2634 1.273 1.2848 1.3123 1.3253 1.328 1.3385 1.3493 1.3609 1.3692 1.3728 1.3725 1.3728 1.3708 1.3674
NaN NaN NaN NaN NaN NaN NaN NaN NaN NaN NaN NaN NaN NaN NaN NaN NaN NaN NaN NaN 1.2065 1.258 1.259 1.251 1.2551 1.2965 1.3135 1.31 1.3288 1.3415 1.3575 1.365 1.3664 1.3657 1.3648 1.363 1.3608
NaN NaN NaN NaN NaN NaN NaN NaN NaN NaN NaN NaN NaN NaN NaN NaN NaN NaN NaN NaN NaN NaN 1.2673 1.265 1.2458 1.2781 1.2946 1.2844 1.3144 1.3234 1.3333 1.3559 1.3577 1.3558 1.354 1.3524 1.351
NaN NaN NaN NaN NaN NaN NaN NaN NaN NaN NaN NaN NaN NaN NaN NaN NaN NaN NaN NaN NaN NaN NaN NaN 1.2443 1.2599 1.2511 1.2399 1.2745 1.2933 1.292 1.3279 1.3392 1.3312 1.3357 1.3392 1.3311
NaN NaN NaN NaN NaN NaN NaN NaN NaN NaN NaN NaN NaN NaN NaN NaN NaN NaN NaN NaN NaN NaN NaN NaN NaN NaN 1.2397 1.2476 1.2579 1.2779 1.2522 1.2786 1.2965 1.2805 1.3042 1.3088 1.3098
NaN NaN NaN NaN NaN NaN NaN NaN NaN NaN NaN NaN NaN NaN NaN NaN NaN NaN NaN NaN NaN NaN NaN NaN NaN NaN NaN NaN 1.2329 1.2925 1.2499 1.2551 1.2346 1.1762 1.1449 1.0163 0.43858
NaN NaN NaN NaN NaN NaN NaN NaN NaN NaN NaN NaN NaN NaN NaN NaN NaN NaN NaN NaN NaN NaN NaN NaN NaN NaN NaN NaN NaN NaN 1.2339 1.1893 1.109 0.94196 0.36598 NaN NaN
NaN NaN NaN NaN NaN NaN NaN NaN NaN NaN NaN NaN NaN NaN NaN NaN NaN NaN NaN NaN NaN NaN NaN NaN NaN NaN NaN NaN NaN NaN NaN NaN 0.86206 0.27498 NaN NaN NaN
NaN NaN NaN NaN NaN NaN NaN NaN NaN NaN NaN NaN NaN NaN NaN NaN NaN NaN NaN NaN NaN NaN NaN NaN NaN NaN NaN NaN NaN NaN NaN NaN NaN NaN NaN NaN NaN
NaN NaN NaN NaN NaN NaN NaN NaN NaN NaN NaN NaN NaN NaN NaN NaN NaN NaN NaN NaN NaN NaN NaN NaN NaN NaN NaN NaN NaN NaN NaN NaN NaN NaN NaN NaN NaN
NaN NaN NaN NaN NaN NaN NaN NaN NaN NaN NaN NaN NaN NaN NaN NaN NaN NaN NaN NaN NaN NaN NaN NaN NaN NaN NaN NaN NaN NaN NaN NaN NaN NaN NaN NaN NaN
