NaN NaN NaN NaN NaN NaN NaN NaN NaN NaN 1.4522 1.5473 1.5158 1.5639 1.5615 1.4979 1.4589 1.4532 1.4659 1.4867 1.5076 1.5166 1.5271 1.5395 1.5425 1.5532 1.5575 1.5683 1.5753 1.5804 1.587 1.5932 1.6054 1.6192 1.6321 1.6389 1.6438
NaN NaN NaN NaN NaN NaN NaN NaN NaN NaN NaN NaN NaN NaN 1.5515 1.4771 1.4357 1.4384 1.4577 1.4782 1.498 1.5098 1.5226 1.5343 1.5379 1.5479 1.5529 1.5625 1.5696 1.5738 1.5807 1.5851 1.5977 1.6137 1.6248 1.6315 1.6361
NaN NaN NaN NaN NaN NaN NaN NaN 0.40665 0.37413 0.35333 0.32629 0.29182 0.26055 1.562 1.4446 1.4242 1.4323 1.4533 1.473 1.4915 1.5043 1.5173 1.5263 1.5333 1.5416 1.5468 1.5559 1.5632 1.567 1.5722 1.5759 1.5898 1.6063 1.6161 1.6228 1.6266
NaN NaN NaN NaN NaN NaN NaN NaN 0.7395 0.78538 0.8369 0.90885 1.0107 1.1817 1.4898 1.3644 1.4021 1.4233 1.446 1.4645 1.4838 1.4956 1.5092 1.5181 1.5259 1.5344 1.5405 1.5488 1.5559 1.5606 1.5645 1.5689 1.5837 1.5976 1.6059 1.6122 1.6164
NaN NaN NaN NaN NaN NaN NaN NaN 0.94106 0.97609 1.015 1.0695 1.151 1.2607 1.385 1.3047 1.3788 1.4086 1.4332 1.4537 1.4725 1.4857 1.4988 1.5083 1.5163 1.5246 1.5308 1.5385 1.5458 1.5502 1.5527 1.5585 1.5715 1.5879 1.5966 1.6024 1.6073
NaN NaN NaN NaN NaN NaN NaN NaN 0.95847 0.98779 1.0321 1.0921 1.17 1.2508 1.3182 1.2789 1.3562 1.3899 1.4177 1.4403 1.4596 1.4734 1.4866 1.4964 1.5054 1.5136 1.5209 1.5283 1.5348 1.5406 1.5433 1.5499 1.5628 1.5786 1.5869 1.5932 1.5971
NaN NaN NaN NaN NaN NaN NaN NaN 0.98927 1.0173 1.0636 1.124 1.1859 1.2397 1.2803 1.2686 1.339 1.3696 1.3991 1.425 1.4453 1.4608 1.4753 1.4865 1.4972 1.5055 1.5132 1.5222 1.5294 1.5357 1.5404 1.5488 1.5579 1.5722 1.5792 1.5849 1.5884
NaN NaN NaN NaN NaN NaN NaN NaN 0.99698 1.0344 1.0824 1.1355 1.1821 1.2225 1.2577 1.2671 1.3273 1.3573 1.3829 1.4054 1.425 1.4393 1.4525 1.4623 1.4717 1.4897 1.4946 1.4644 1.5189 1.5264 1.5303 1.5412 1.5529 1.5641 1.5715 1.5766 1.5798
NaN NaN NaN NaN NaN NaN NaN NaN 0.99799 1.0549 1.0984 1.1417 1.1781 1.2122 1.2469 1.2682 1.3191 1.3483 1.3752 1.3985 1.4185 1.4394 1.4556 1.4718 1.4911 1.518 1.5357 1.5005 1.5184 1.523 1.5273 1.5392 1.5482 1.5601 1.569 1.5646 1.5753
NaN NaN NaN NaN NaN NaN NaN NaN NaN 1.0917 1.1247 1.1559 1.1825 1.2117 1.2451 1.2731 1.3159 1.3397 1.3659 1.3883 1.4101 1.4324 1.4508 1.4672 1.4855 1.5066 1.5151 1.4854 1.5123 1.5186 1.5232 1.5354 1.5448 1.5559 1.5661 1.5585 1.57
NaN NaN NaN NaN NaN NaN NaN NaN NaN 1.1153 1.1477 1.1593 1.1768 1.2077 1.2445 1.2779 1.3179 1.3411 1.3624 1.3843 1.4087 1.4315 1.4489 1.4657 1.4819 1.4989 1.5045 1.482 1.5085 1.5157 1.5225 1.5338 1.5429 1.5542 1.5627 1.5603 1.5659
NaN NaN NaN NaN NaN NaN NaN NaN NaN NaN 1.145 1.1498 1.1681 1.2097 1.2488 1.2838 1.3199 1.3408 1.3614 1.3841 1.4059 1.4272 1.4446 1.4591 1.4758 1.4904 1.4953 1.4797 1.5047 1.5123 1.5213 1.5314 1.5409 1.5504 1.5564 1.5543 1.5597
NaN NaN NaN NaN NaN NaN NaN NaN NaN NaN NaN 1.1547 1.1734 1.2167 1.256 1.289 1.3187 1.337 1.3592 1.382 1.4037 1.4233 1.441 1.4555 1.4705 1.4844 1.489 1.4794 1.5013 1.5091 1.5185 1.528 1.5364 1.5458 1.549 1.5476 1.5525
NaN NaN NaN NaN NaN NaN NaN NaN NaN NaN NaN 1.159 1.1808 1.2155 1.2495 1.2798 1.3077 1.3258 1.3481 1.3759 1.3995 1.4177 1.4352 1.4495 1.4639 1.477 1.4827 1.4764 1.4963 1.5044 1.5153 1.5236 1.5307 1.5383 1.5412 1.5413 1.5447
NaN NaN NaN NaN NaN NaN NaN NaN NaN NaN NaN NaN 1.1645 1.21 1.2248 1.2613 1.2945 1.3173 1.342 1.3691 1.393 1.4109 1.4285 1.4422 1.4575 1.4705 1.4768 1.4746 1.4912 1.4998 1.5107 1.5191 1.5263 1.5318 1.534 1.5336 1.5348
NaN NaN NaN NaN NaN NaN NaN NaN NaN NaN NaN NaN NaN 1.2319 1.2415 1.2596 1.2976 1.3166 1.3391 1.3655 1.3877 1.4057 1.4229 1.4366 1.4501 1.464 1.4695 1.4706 1.4862 1.4935 1.506 1.5134 1.52 1.5243 1.5258 1.5256 1.5245
NaN NaN NaN NaN NaN NaN NaN NaN NaN NaN NaN NaN NaN NaN 1.2499 1.2777 1.2903 1.2995 1.3246 1.3544 1.37 1.3947 1.4121 1.4276 1.4439 1.456 1.4636 1.4675 1.4798 1.4883 1.501 1.5084 1.5139 1.517 1.5181 1.5169 1.5165
NaN NaN NaN NaN NaN NaN NaN NaN NaN NaN NaN NaN NaN NaN NaN 1.2817 1.2893 1.2832 1.3092 1.3429 1.3608 1.3852 1.4022 1.4176 1.4332 1.4472 1.4545 1.4636 1.4669 1.4784 1.4949 1.5034 1.5083 1.5102 1.5114 1.5102 1.5075
NaN NaN NaN NaN NaN NaN NaN NaN NaN NaN NaN NaN NaN NaN NaN NaN NaN 1.295 1.3071 1.3273 1.3357 1.368 1.3848 1.3992 1.4174 1.4396 1.4497 1.4623 1.4665 1.4765 1.4889 1.4976 1.5019 1.5028 1.5044 1.5022 1.499
NaN NaN NaN NaN NaN NaN NaN NaN NaN NaN NaN NaN NaN NaN NaN NaN NaN NaN 1.3049 1.3341 1.3191 1.3526 1.3734 1.3844 1.3979 1.4283 1.4427 1.4462 1.458 1.47 1.483 1.4923 1.4965 1.4962 1.4966 1.4944 1.4908
NaN NaN NaN NaN NaN NaN NaN NaN NaN NaN NaN NaN NaN NaN NaN NaN NaN NaN NaN NaN 1.3104 1.3673 1.3688 1.3607 1.3653 1.411 1.4299 1.4265 1.4474 1.4615 1.4793 1.4877 1.4895 1.4888 1.4879 1.486 1.4837
NaN NaN NaN NaN NaN NaN NaN NaN NaN NaN NaN NaN NaN NaN NaN NaN NaN NaN NaN NaN NaN NaN 1.3769 1.3756 1.3549 1.3911 1.4095 1.3987 1.4318 1.4418 1.453 1.4779 1.4801 1.4781 1.4763 1.4745 1.473
NaN NaN NaN NaN NaN NaN NaN NaN NaN NaN NaN NaN NaN NaN NaN NaN NaN NaN NaN NaN NaN NaN NaN NaN 1.3521 1.3714 1.3627 1.3506 1.3887 1.4092 1.408 1.4475 1.4599 1.4514 1.4564 1.4601 1.4512
NaN NaN NaN NaN NaN NaN NaN NaN NaN NaN NaN NaN NaN NaN NaN NaN NaN NaN NaN NaN NaN NaN NaN NaN NaN NaN 1.3489 1.3591 1.3708 1.3928 1.3651 1.3941 1.4135 1.3961 1.422 1.4268 1.4279
NaN NaN NaN NaN NaN NaN NaN NaN NaN NaN NaN NaN NaN NaN NaN NaN NaN NaN NaN NaN NaN NaN NaN NaN NaN NaN NaN NaN 1.3407 1.407 1.3632 1.3693 1.3473 1.284 1.2509 1.1126 0.49215
NaN NaN NaN NaN NaN NaN NaN NaN NaN NaN NaN NaN NaN NaN NaN NaN NaN NaN NaN NaN NaN NaN NaN NaN NaN NaN NaN NaN NaN NaN 1.3227 1.2987 1.2123 1.032 0.41075 NaN NaN
NaN NaN NaN NaN NaN NaN NaN NaN NaN NaN NaN NaN NaN NaN NaN NaN NaN NaN NaN NaN NaN NaN NaN NaN NaN NaN NaN NaN NaN NaN NaN NaN 0.94354 0.30826 NaN NaN NaN
NaN NaN NaN NaN NaN NaN NaN NaN NaN NaN NaN NaN NaN NaN NaN NaN NaN NaN NaN NaN NaN NaN NaN NaN NaN NaN NaN NaN NaN NaN NaN NaN NaN NaN NaN NaN NaN
NaN NaN NaN NaN NaN NaN NaN NaN NaN NaN NaN NaN NaN NaN NaN NaN NaN NaN NaN NaN NaN NaN NaN NaN NaN NaN NaN NaN NaN NaN NaN NaN NaN NaN NaN NaN NaN
NaN NaN NaN NaN NaN NaN NaN NaN NaN NaN NaN NaN NaN NaN NaN NaN NaN NaN NaN NaN NaN NaN NaN NaN NaN NaN NaN NaN NaN NaN NaN NaN NaN NaN NaN NaN NaN
