NaN NaN NaN NaN NaN NaN NaN NaN NaN NaN 1.3898 1.4826 1.4521 1.4986 1.4961 1.4346 1.3963 1.3905 1.4025 1.4225 1.4423 1.4509 1.461 1.4727 1.4756 1.4861 1.4903 1.5006 1.5074 1.5124 1.5189 1.525 1.5368 1.55 1.5624 1.5688 1.5735
NaN NaN NaN NaN NaN NaN NaN NaN NaN NaN NaN NaN NaN NaN 1.4848 1.4146 1.3742 1.376 1.3943 1.414 1.4329 1.4441 1.4564 1.4675 1.471 1.4808 1.4856 1.4948 1.5016 1.5059 1.5127 1.517 1.5292 1.5444 1.5551 1.5614 1.5658
NaN NaN NaN NaN NaN NaN NaN NaN 0.38632 0.35536 0.33557 0.30984 0.27707 0.24742 1.4949 1.3825 1.3628 1.3697 1.3897 1.4087 1.4264 1.4385 1.4511 1.4597 1.4664 1.4746 1.4796 1.4883 1.4953 1.4991 1.5043 1.508 1.5214 1.5372 1.5464 1.5528 1.5564
NaN NaN NaN NaN NaN NaN NaN NaN 0.70424 0.74801 0.79711 0.8658 0.96342 1.1278 1.4251 1.3048 1.3412 1.3608 1.3825 1.4003 1.4188 1.4301 1.4431 1.4516 1.4592 1.4675 1.4734 1.4814 1.4882 1.4928 1.4967 1.5011 1.5154 1.5285 1.5364 1.5424 1.5464
NaN NaN NaN NaN NaN NaN NaN NaN 0.89674 0.93022 0.96731 1.0196 1.0979 1.2037 1.324 1.2471 1.3187 1.3465 1.3701 1.3898 1.4077 1.4204 1.433 1.4421 1.4498 1.458 1.464 1.4714 1.4784 1.4826 1.4852 1.4909 1.5034 1.519 1.5272 1.5328 1.5375
NaN NaN NaN NaN NaN NaN NaN NaN 0.91322 0.94127 0.98364 1.0412 1.1162 1.1942 1.2594 1.2219 1.2968 1.3285 1.3551 1.3768 1.3952 1.4084 1.4211 1.4306 1.4393 1.4473 1.4544 1.4614 1.4676 1.4732 1.476 1.4824 1.4949 1.5099 1.5177 1.5237 1.5274
NaN NaN NaN NaN NaN NaN NaN NaN 0.94246 0.9692 1.0136 1.0717 1.1313 1.1833 1.2225 1.2117 1.28 1.3089 1.3372 1.3619 1.3814 1.3962 1.4101 1.4209 1.4313 1.4393 1.4468 1.4554 1.4623 1.4683 1.4729 1.4811 1.4899 1.5035 1.5101 1.5155 1.5188
NaN NaN NaN NaN NaN NaN NaN NaN 0.94965 0.98551 1.0315 1.0826 1.1275 1.1664 1.2002 1.21 1.2685 1.297 1.3215 1.3432 1.3619 1.3755 1.3882 1.3977 1.4067 1.4236 1.4276 1.4014 1.4524 1.4592 1.463 1.4736 1.4848 1.4955 1.5025 1.5073 1.5102
NaN NaN NaN NaN NaN NaN NaN NaN 0.95064 1.005 1.0468 1.0884 1.1234 1.1562 1.1895 1.2107 1.2603 1.288 1.3138 1.3363 1.3555 1.3754 1.3908 1.4063 1.4248 1.4502 1.4666 1.4352 1.4518 1.4557 1.4599 1.4714 1.4801 1.4914 1.4997 1.4955 1.5057
NaN NaN NaN NaN NaN NaN NaN NaN NaN 1.0401 1.0717 1.1018 1.1272 1.1553 1.1874 1.2151 1.2568 1.2795 1.3044 1.3263 1.3473 1.3685 1.386 1.4017 1.4193 1.4392 1.4468 1.4202 1.4459 1.4513 1.4557 1.4675 1.4765 1.4871 1.4965 1.4895 1.5004
NaN NaN NaN NaN NaN NaN NaN NaN NaN 1.0626 1.0937 1.1047 1.1214 1.151 1.1865 1.2194 1.2584 1.2803 1.3004 1.3214 1.3455 1.3674 1.384 1.4 1.4157 1.4317 1.4365 1.4164 1.442 1.4483 1.4547 1.4656 1.4744 1.4851 1.4929 1.4908 1.4961
NaN NaN NaN NaN NaN NaN NaN NaN NaN NaN 1.0909 1.0954 1.1128 1.1527 1.1903 1.2247 1.26 1.2795 1.2988 1.3208 1.3425 1.363 1.3796 1.3936 1.4096 1.4234 1.4273 1.4138 1.438 1.4447 1.4534 1.4631 1.4722 1.4813 1.4867 1.4848 1.4899
NaN NaN NaN NaN NaN NaN NaN NaN NaN NaN NaN 1.0998 1.1175 1.1591 1.197 1.2295 1.2585 1.2754 1.2964 1.3185 1.3399 1.359 1.376 1.3899 1.4043 1.4173 1.4211 1.413 1.4344 1.4415 1.4504 1.4596 1.4677 1.4766 1.4794 1.4781 1.4828
NaN NaN NaN NaN NaN NaN NaN NaN NaN NaN NaN 1.1037 1.1246 1.1579 1.1907 1.2205 1.2477 1.2644 1.2856 1.3123 1.3355 1.3534 1.3702 1.3839 1.3977 1.41 1.4149 1.4098 1.4293 1.4367 1.4471 1.4552 1.462 1.4692 1.4717 1.4718 1.475
NaN NaN NaN NaN NaN NaN NaN NaN NaN NaN NaN NaN 1.1093 1.153 1.1671 1.2026 1.2348 1.256 1.2794 1.3054 1.3288 1.3466 1.3635 1.3768 1.3914 1.4035 1.409 1.4078 1.4242 1.4321 1.4425 1.4507 1.4575 1.4628 1.4646 1.4643 1.4654
NaN NaN NaN NaN NaN NaN NaN NaN NaN NaN NaN NaN NaN 1.1738 1.1831 1.2007 1.2373 1.255 1.2764 1.3018 1.3232 1.3412 1.3579 1.3711 1.3842 1.3971 1.4019 1.4037 1.419 1.4258 1.4378 1.445 1.4513 1.4554 1.4566 1.4564 1.4553
NaN NaN NaN NaN NaN NaN NaN NaN NaN NaN NaN NaN NaN NaN 1.1911 1.2181 1.2301 1.2384 1.2623 1.2909 1.3061 1.3303 1.3474 1.3623 1.378 1.3893 1.3961 1.4005 1.4127 1.4207 1.4328 1.44 1.4453 1.4482 1.4491 1.4478 1.4474
NaN NaN NaN NaN NaN NaN NaN NaN NaN NaN NaN NaN NaN NaN NaN 1.2217 1.2292 1.2227 1.2475 1.2799 1.2968 1.321 1.3377 1.3526 1.3676 1.3807 1.3873 1.3964 1.4001 1.4111 1.4268 1.435 1.4398 1.4415 1.4425 1.4413 1.4386
NaN NaN NaN NaN NaN NaN NaN NaN NaN NaN NaN NaN NaN NaN NaN NaN NaN 1.2341 1.2456 1.2649 1.2728 1.3043 1.3208 1.3349 1.3524 1.3733 1.3825 1.3949 1.3996 1.4091 1.421 1.4293 1.4334 1.4343 1.4356 1.4335 1.4304
NaN NaN NaN NaN NaN NaN NaN NaN NaN NaN NaN NaN NaN NaN NaN NaN NaN NaN 1.2438 1.2719 1.2571 1.2893 1.3098 1.3207 1.3336 1.3623 1.3756 1.3796 1.3913 1.4027 1.4152 1.4241 1.4281 1.4278 1.428 1.4259 1.4224
NaN NaN NaN NaN NaN NaN NaN NaN NaN NaN NaN NaN NaN NaN NaN NaN NaN NaN NaN NaN 1.2491 1.304 1.3053 1.2982 1.3025 1.3456 1.3633 1.3608 1.381 1.3944 1.4114 1.4195 1.4213 1.4206 1.4196 1.4177 1.4153
NaN NaN NaN NaN NaN NaN NaN NaN NaN NaN NaN NaN NaN NaN NaN NaN NaN NaN NaN NaN NaN NaN 1.3141 1.3129 1.2928 1.3271 1.3441 1.3343 1.3659 1.3755 1.3863 1.4099 1.4121 1.4102 1.4083 1.4065 1.4049
NaN NaN NaN NaN NaN NaN NaN NaN NaN NaN NaN NaN NaN NaN NaN NaN NaN NaN NaN NaN NaN NaN NaN NaN 1.2903 1.3092 1.3001 1.2888 1.3252 1.3445 1.3436 1.3808 1.3925 1.3847 1.3893 1.3925 1.3838
NaN NaN NaN NaN NaN NaN NaN NaN NaN NaN NaN NaN NaN NaN NaN NaN NaN NaN NaN NaN NaN NaN NaN NaN NaN NaN 1.2865 1.2978 1.3089 1.3284 1.3036 1.3304 1.3483 1.332 1.356 1.3601 1.3612
NaN NaN NaN NaN NaN NaN NaN NaN NaN NaN NaN NaN NaN NaN NaN NaN NaN NaN NaN NaN NaN NaN NaN NaN NaN NaN NaN NaN 1.2802 1.3448 1.3025 1.3084 1.2863 1.226 1.1941 1.0623 0.47295
NaN NaN NaN NaN NaN NaN NaN NaN NaN NaN NaN NaN NaN NaN NaN NaN NaN NaN NaN NaN NaN NaN NaN NaN NaN NaN NaN NaN NaN NaN 1.2753 1.2421 1.1593 0.98713 0.39555 NaN NaN
NaN NaN NaN NaN NaN NaN NaN NaN NaN NaN NaN NaN NaN NaN NaN NaN NaN NaN NaN NaN NaN NaN NaN NaN NaN NaN NaN NaN NaN NaN NaN NaN 0.9027 0.29735 NaN NaN NaN
NaN NaN NaN NaN NaN NaN NaN NaN NaN NaN NaN NaN NaN NaN NaN NaN NaN NaN NaN NaN NaN NaN NaN NaN NaN NaN NaN NaN NaN NaN NaN NaN NaN NaN NaN NaN NaN
NaN NaN NaN NaN NaN NaN NaN NaN NaN NaN NaN NaN NaN NaN NaN NaN NaN NaN NaN NaN NaN NaN NaN NaN NaN NaN NaN NaN NaN NaN NaN NaN NaN NaN NaN NaN NaN
NaN NaN NaN NaN NaN NaN NaN NaN NaN NaN NaN NaN NaN NaN NaN NaN NaN NaN NaN NaN NaN NaN NaN NaN NaN NaN NaN NaN NaN NaN NaN NaN NaN NaN NaN NaN NaN
