NaN NaN NaN NaN NaN NaN NaN NaN NaN NaN 1.4027 1.4922 1.4606 1.5055 1.5028 1.4414 1.4029 1.3975 1.4097 1.4296 1.4492 1.4575 1.4675 1.4789 1.4817 1.4919 1.496 1.506 1.5126 1.5173 1.5236 1.5296 1.5413 1.5545 1.5668 1.5733 1.5779
NaN NaN NaN NaN NaN NaN NaN NaN NaN NaN NaN NaN NaN NaN 1.496 1.423 1.3815 1.3835 1.4017 1.4212 1.4397 1.4507 1.4627 1.4734 1.4768 1.4863 1.491 1.4999 1.5065 1.5105 1.517 1.5213 1.5335 1.5487 1.5593 1.5656 1.5699
NaN NaN NaN NaN NaN NaN NaN NaN 0.39559 0.36405 0.34399 0.31783 0.28442 0.25421 1.5061 1.3923 1.3706 1.3777 1.3975 1.4161 1.4332 1.445 1.4571 1.4653 1.4718 1.4797 1.4845 1.493 1.4997 1.5033 1.5083 1.5119 1.5253 1.5411 1.5503 1.5566 1.5601
NaN NaN NaN NaN NaN NaN NaN NaN 0.71888 0.76289 0.81168 0.8799 0.97699 1.1405 1.4353 1.3144 1.3491 1.3689 1.3904 1.4077 1.4255 1.4363 1.4489 1.4569 1.4641 1.4721 1.4778 1.4855 1.4921 1.4965 1.5002 1.5046 1.5188 1.532 1.5398 1.5457 1.5497
NaN NaN NaN NaN NaN NaN NaN NaN 0.91146 0.94471 0.98118 1.0327 1.1101 1.2147 1.3327 1.2561 1.3264 1.3544 1.3777 1.397 1.4143 1.4264 1.4384 1.4469 1.4542 1.4621 1.4678 1.475 1.4817 1.4858 1.4881 1.4939 1.5064 1.5221 1.5302 1.5357 1.5403
NaN NaN NaN NaN NaN NaN NaN NaN 0.92559 0.95328 0.99521 1.0523 1.1267 1.2037 1.2675 1.2306 1.3044 1.3361 1.3625 1.3838 1.4016 1.4142 1.4261 1.435 1.4432 1.4508 1.4576 1.4644 1.4704 1.4759 1.4786 1.4851 1.4975 1.5126 1.5203 1.5263 1.5299
NaN NaN NaN NaN NaN NaN NaN NaN 0.9536 0.97995 1.0241 1.0818 1.1409 1.1921 1.2304 1.2201 1.2873 1.3163 1.3442 1.3686 1.3876 1.4017 1.4149 1.425 1.4349 1.4426 1.4497 1.4581 1.4648 1.4707 1.4752 1.4835 1.4923 1.5059 1.5124 1.5177 1.521
NaN NaN NaN NaN NaN NaN NaN NaN 0.95953 0.99522 1.041 1.0919 1.1363 1.1746 1.208 1.2181 1.2757 1.304 1.3282 1.3494 1.3675 1.3805 1.3924 1.4011 1.4095 1.426 1.4295 1.404 1.4545 1.4612 1.4651 1.4756 1.4869 1.4975 1.5045 1.5093 1.5122
NaN NaN NaN NaN NaN NaN NaN NaN 0.95939 1.0142 1.0557 1.0971 1.1318 1.1641 1.1972 1.2186 1.2674 1.295 1.3205 1.3426 1.3613 1.3807 1.3954 1.4104 1.4285 1.4535 1.4693 1.4381 1.4537 1.4576 1.4618 1.4733 1.482 1.4933 1.5016 1.4974 1.5074
NaN NaN NaN NaN NaN NaN NaN NaN NaN 1.0492 1.0805 1.1103 1.1355 1.1631 1.195 1.2227 1.2637 1.2863 1.311 1.3325 1.353 1.3737 1.3905 1.4056 1.4227 1.442 1.4489 1.4227 1.4476 1.453 1.4574 1.4692 1.4783 1.4889 1.4983 1.4912 1.502
NaN NaN NaN NaN NaN NaN NaN NaN NaN 1.0713 1.1024 1.113 1.1294 1.1587 1.1941 1.2269 1.2653 1.2871 1.3072 1.3278 1.3513 1.3726 1.3886 1.404 1.419 1.4343 1.4385 1.4188 1.4437 1.4499 1.4564 1.4673 1.4762 1.4869 1.4947 1.4926 1.4976
NaN NaN NaN NaN NaN NaN NaN NaN NaN NaN 1.0993 1.1035 1.1206 1.1603 1.1979 1.2322 1.2669 1.2864 1.3058 1.3274 1.3483 1.3682 1.3842 1.3975 1.4128 1.4259 1.4294 1.4162 1.4398 1.4464 1.455 1.4647 1.4739 1.4829 1.4883 1.4864 1.4913
NaN NaN NaN NaN NaN NaN NaN NaN NaN NaN NaN 1.108 1.1254 1.1668 1.2045 1.2368 1.2653 1.2822 1.303 1.3249 1.3458 1.3642 1.3805 1.3937 1.4075 1.4199 1.4232 1.4154 1.4362 1.4432 1.452 1.4611 1.4692 1.4781 1.4808 1.4795 1.484
NaN NaN NaN NaN NaN NaN NaN NaN NaN NaN NaN 1.1119 1.1325 1.1653 1.1979 1.2274 1.2541 1.2709 1.292 1.3186 1.3413 1.3586 1.3747 1.3877 1.4009 1.4125 1.417 1.412 1.4311 1.4384 1.4486 1.4565 1.4633 1.4704 1.4729 1.473 1.4761
NaN NaN NaN NaN NaN NaN NaN NaN NaN NaN NaN NaN 1.1164 1.1601 1.1739 1.2091 1.241 1.2623 1.2857 1.3115 1.3344 1.3516 1.3679 1.3805 1.3945 1.406 1.4111 1.4099 1.4259 1.4336 1.4438 1.4518 1.4586 1.4638 1.4656 1.4652 1.4661
NaN NaN NaN NaN NaN NaN NaN NaN NaN NaN NaN NaN NaN 1.1812 1.1904 1.2074 1.2436 1.2613 1.2826 1.3077 1.3289 1.3462 1.3621 1.3747 1.3871 1.3995 1.4038 1.4057 1.4206 1.4272 1.4389 1.446 1.4522 1.4561 1.4573 1.457 1.4558
NaN NaN NaN NaN NaN NaN NaN NaN NaN NaN NaN NaN NaN NaN 1.1982 1.225 1.2363 1.2444 1.2681 1.2965 1.3114 1.3351 1.3515 1.3658 1.3808 1.3916 1.3979 1.4023 1.4142 1.422 1.4338 1.4407 1.446 1.4487 1.4495 1.4482 1.4476
NaN NaN NaN NaN NaN NaN NaN NaN NaN NaN NaN NaN NaN NaN NaN 1.2284 1.2354 1.2285 1.253 1.2852 1.302 1.3256 1.3416 1.3558 1.3702 1.3828 1.389 1.3979 1.4015 1.4122 1.4276 1.4356 1.4402 1.4418 1.4427 1.4414 1.4386
NaN NaN NaN NaN NaN NaN NaN NaN NaN NaN NaN NaN NaN NaN NaN NaN NaN 1.2401 1.251 1.2698 1.2775 1.3085 1.3245 1.338 1.355 1.3754 1.3842 1.3963 1.4008 1.4101 1.4215 1.4297 1.4336 1.4343 1.4355 1.4333 1.4301
NaN NaN NaN NaN NaN NaN NaN NaN NaN NaN NaN NaN NaN NaN NaN NaN NaN NaN 1.249 1.2767 1.2617 1.2934 1.3133 1.3237 1.3361 1.3642 1.3771 1.3808 1.3923 1.4034 1.4155 1.4242 1.428 1.4277 1.4277 1.4254 1.4218
NaN NaN NaN NaN NaN NaN NaN NaN NaN NaN NaN NaN NaN NaN NaN NaN NaN NaN NaN NaN 1.2536 1.308 1.3089 1.3012 1.305 1.3473 1.3645 1.3619 1.3818 1.395 1.4116 1.4194 1.421 1.4202 1.419 1.417 1.4146
NaN NaN NaN NaN NaN NaN NaN NaN NaN NaN NaN NaN NaN NaN NaN NaN NaN NaN NaN NaN NaN NaN 1.3179 1.316 1.2956 1.329 1.3453 1.3353 1.3664 1.3758 1.3862 1.4096 1.4115 1.4096 1.4075 1.4056 1.404
NaN NaN NaN NaN NaN NaN NaN NaN NaN NaN NaN NaN NaN NaN NaN NaN NaN NaN NaN NaN NaN NaN NaN NaN 1.2937 1.311 1.3006 1.2893 1.3253 1.3445 1.3434 1.3802 1.3917 1.3837 1.3881 1.3913 1.3826
NaN NaN NaN NaN NaN NaN NaN NaN NaN NaN NaN NaN NaN NaN NaN NaN NaN NaN NaN NaN NaN NaN NaN NaN NaN NaN 1.2886 1.2986 1.3091 1.3276 1.3032 1.3294 1.347 1.3308 1.3545 1.3587 1.3599
NaN NaN NaN NaN NaN NaN NaN NaN NaN NaN NaN NaN NaN NaN NaN NaN NaN NaN NaN NaN NaN NaN NaN NaN NaN NaN NaN NaN 1.2821 1.3445 1.3018 1.3072 1.2843 1.2235 1.1904 1.0567 0.45771
NaN NaN NaN NaN NaN NaN NaN NaN NaN NaN NaN NaN NaN NaN NaN NaN NaN NaN NaN NaN NaN NaN NaN NaN NaN NaN NaN NaN NaN NaN 1.2772 1.2403 1.1559 0.98184 0.38275 NaN NaN
NaN NaN NaN NaN NaN NaN NaN NaN NaN NaN NaN NaN NaN NaN NaN NaN NaN NaN NaN NaN NaN NaN NaN NaN NaN NaN NaN NaN NaN NaN NaN NaN 0.89955 0.28796 NaN NaN NaN
NaN NaN NaN NaN NaN NaN NaN NaN NaN NaN NaN NaN NaN NaN NaN NaN NaN NaN NaN NaN NaN NaN NaN NaN NaN NaN NaN NaN NaN NaN NaN NaN NaN NaN NaN NaN NaN
NaN NaN NaN NaN NaN NaN NaN NaN NaN NaN NaN NaN NaN NaN NaN NaN NaN NaN NaN NaN NaN NaN NaN NaN NaN NaN NaN NaN NaN NaN NaN NaN NaN NaN NaN NaN NaN
NaN NaN NaN NaN NaN NaN NaN NaN NaN NaN NaN NaN NaN NaN NaN NaN NaN NaN NaN NaN NaN NaN NaN NaN NaN NaN NaN NaN NaN NaN NaN NaN NaN NaN NaN NaN NaN
