NaN NaN NaN NaN NaN NaN NaN NaN NaN NaN 1.2472 1.3327 1.3037 1.3461 1.3436 1.286 1.2487 1.2431 1.2542 1.2729 1.2914 1.2994 1.3089 1.3197 1.3226 1.3325 1.3365 1.346 1.3524 1.3571 1.3633 1.3691 1.3801 1.3925 1.4041 1.4102 1.4147
NaN NaN NaN NaN NaN NaN NaN NaN NaN NaN NaN NaN NaN NaN 1.3336 1.2677 1.2284 1.2293 1.2463 1.2647 1.2823 1.2926 1.3041 1.3144 1.3178 1.327 1.3316 1.3402 1.3465 1.3506 1.3569 1.3612 1.3726 1.3868 1.3968 1.4028 1.4071
NaN NaN NaN NaN NaN NaN NaN NaN 0.34788 0.32002 0.30231 0.27916 0.24952 0.22238 1.3422 1.2376 1.2171 1.2231 1.2417 1.2595 1.2759 1.2871 1.2987 1.3067 1.3131 1.3208 1.3256 1.3337 1.3402 1.3438 1.3487 1.3523 1.3649 1.3796 1.3883 1.3944 1.3979
NaN NaN NaN NaN NaN NaN NaN NaN 0.63512 0.67387 0.71602 0.77547 0.8616 1.0086 1.277 1.1649 1.1967 1.2146 1.2348 1.2515 1.2685 1.279 1.2911 1.2989 1.3059 1.3138 1.3194 1.3268 1.3332 1.3375 1.3413 1.3455 1.3589 1.3712 1.3786 1.3843 1.3882
NaN NaN NaN NaN NaN NaN NaN NaN 0.80393 0.83295 0.86443 0.90965 0.97892 1.0741 1.1827 1.1109 1.1756 1.2012 1.2231 1.2415 1.2581 1.2698 1.2815 1.2898 1.297 1.3047 1.3103 1.3172 1.3237 1.3276 1.3301 1.3356 1.3474 1.362 1.3697 1.375 1.3795
NaN NaN NaN NaN NaN NaN NaN NaN 0.81422 0.83826 0.87507 0.92586 0.99327 1.0636 1.1221 1.0869 1.1553 1.1843 1.2091 1.2294 1.2464 1.2586 1.2702 1.2788 1.2869 1.2944 1.3009 1.3075 1.3132 1.3185 1.3211 1.3273 1.3391 1.3531 1.3604 1.3661 1.3697
NaN NaN NaN NaN NaN NaN NaN NaN 0.83747 0.86021 0.89947 0.95158 1.0053 1.052 1.0868 1.0767 1.1394 1.1661 1.1923 1.2154 1.2334 1.247 1.2597 1.2695 1.279 1.2865 1.2934 1.3014 1.3078 1.3134 1.3178 1.3256 1.334 1.3467 1.3529 1.358 1.3612
NaN NaN NaN NaN NaN NaN NaN NaN 0.84108 0.87272 0.91392 0.96004 1.0005 1.0353 1.0654 1.0745 1.1284 1.1547 1.1777 1.198 1.2153 1.2277 1.2393 1.2479 1.2561 1.2712 1.2744 1.2533 1.2984 1.3044 1.3081 1.3181 1.3287 1.3387 1.3453 1.3498 1.3527
NaN NaN NaN NaN NaN NaN NaN NaN 0.84027 0.88913 0.92658 0.96416 0.99555 1.0249 1.0548 1.0746 1.1204 1.1461 1.1702 1.1912 1.2089 1.2271 1.2411 1.2552 1.2721 1.2952 1.3097 1.2831 1.2975 1.3007 1.3047 1.3155 1.3237 1.3343 1.342 1.3384 1.3479
NaN NaN NaN NaN NaN NaN NaN NaN NaN 0.92028 0.9483 0.97529 0.99802 1.0228 1.0519 1.0779 1.1165 1.1377 1.161 1.1813 1.2008 1.2201 1.236 1.2503 1.2665 1.2845 1.2908 1.2683 1.2914 1.296 1.3001 1.3112 1.3198 1.3297 1.3384 1.3323 1.3424
NaN NaN NaN NaN NaN NaN NaN NaN NaN 0.93975 0.96791 0.97688 0.99131 1.0178 1.0502 1.0811 1.1172 1.1377 1.1566 1.1762 1.1985 1.2185 1.2336 1.2482 1.2625 1.277 1.2807 1.2639 1.2872 1.2926 1.2986 1.3089 1.3173 1.3273 1.3345 1.3329 1.3378
NaN NaN NaN NaN NaN NaN NaN NaN NaN NaN 0.96452 0.96778 0.98245 1.0184 1.053 1.0853 1.1181 1.1363 1.1544 1.1749 1.195 1.2138 1.229 1.2417 1.2564 1.2687 1.2716 1.2606 1.283 1.2888 1.2967 1.3059 1.3145 1.3231 1.3282 1.3266 1.3314
NaN NaN NaN NaN NaN NaN NaN NaN NaN NaN NaN 0.971 0.98611 1.0236 1.0584 1.089 1.116 1.1317 1.1512 1.1718 1.1919 1.2095 1.225 1.2376 1.2508 1.2624 1.2652 1.2591 1.2789 1.2851 1.2934 1.302 1.3097 1.3182 1.3207 1.3198 1.3242
NaN NaN NaN NaN NaN NaN NaN NaN NaN NaN NaN 0.97419 0.9925 1.022 1.052 1.0799 1.1051 1.1208 1.1405 1.1654 1.1871 1.2037 1.219 1.2315 1.2441 1.255 1.2589 1.2553 1.2737 1.2802 1.2897 1.2973 1.3039 1.3106 1.313 1.3133 1.3164
NaN NaN NaN NaN NaN NaN NaN NaN NaN NaN NaN NaN 0.97898 1.019 1.0307 1.063 1.0927 1.1124 1.1342 1.1584 1.1802 1.1967 1.2122 1.2243 1.2377 1.2485 1.2529 1.2528 1.2683 1.2753 1.2849 1.2926 1.2991 1.3041 1.3059 1.3057 1.3069
NaN NaN NaN NaN NaN NaN NaN NaN NaN NaN NaN NaN NaN 1.0372 1.0459 1.0613 1.0945 1.1108 1.1307 1.1542 1.1744 1.1911 1.2064 1.2185 1.2304 1.242 1.2458 1.2483 1.2629 1.269 1.28 1.2868 1.2928 1.2967 1.2979 1.2979 1.297
NaN NaN NaN NaN NaN NaN NaN NaN NaN NaN NaN NaN NaN NaN 1.0528 1.078 1.0883 1.0953 1.1171 1.1437 1.1581 1.1805 1.1962 1.2099 1.2241 1.2343 1.2399 1.2447 1.2565 1.2638 1.2749 1.2817 1.2868 1.2896 1.2904 1.2895 1.2892
NaN NaN NaN NaN NaN NaN NaN NaN NaN NaN NaN NaN NaN NaN NaN 1.081 1.088 1.0811 1.1035 1.1333 1.1491 1.1714 1.1868 1.2004 1.2141 1.2258 1.2313 1.2403 1.2445 1.2545 1.2689 1.2766 1.2812 1.283 1.2839 1.2829 1.2806
NaN NaN NaN NaN NaN NaN NaN NaN NaN NaN NaN NaN NaN NaN NaN NaN NaN 1.0926 1.1026 1.1198 1.1267 1.1558 1.171 1.1839 1.1998 1.2185 1.2266 1.2385 1.2435 1.2523 1.2631 1.2709 1.2749 1.2759 1.2771 1.2753 1.2725
NaN NaN NaN NaN NaN NaN NaN NaN NaN NaN NaN NaN NaN NaN NaN NaN NaN NaN 1.1019 1.1278 1.1131 1.142 1.1608 1.1708 1.1824 1.2081 1.2198 1.2243 1.2354 1.2459 1.2574 1.2657 1.2696 1.2695 1.2697 1.2678 1.2647
NaN NaN NaN NaN NaN NaN NaN NaN NaN NaN NaN NaN NaN NaN NaN NaN NaN NaN NaN NaN 1.1073 1.1576 1.1585 1.1511 1.1542 1.1925 1.2083 1.207 1.2256 1.2379 1.2535 1.261 1.2629 1.2625 1.2616 1.2598 1.2578
NaN NaN NaN NaN NaN NaN NaN NaN NaN NaN NaN NaN NaN NaN NaN NaN NaN NaN NaN NaN NaN NaN 1.1683 1.1671 1.1474 1.1769 1.1913 1.1826 1.2114 1.2202 1.2302 1.2518 1.2539 1.2525 1.2508 1.2491 1.2477
NaN NaN NaN NaN NaN NaN NaN NaN NaN NaN NaN NaN NaN NaN NaN NaN NaN NaN NaN NaN NaN NaN NaN NaN 1.1461 1.1628 1.1523 1.1418 1.175 1.1923 1.1913 1.2248 1.2355 1.2287 1.2328 1.2356 1.2277
NaN NaN NaN NaN NaN NaN NaN NaN NaN NaN NaN NaN NaN NaN NaN NaN NaN NaN NaN NaN NaN NaN NaN NaN NaN NaN 1.1416 1.1519 1.1615 1.1772 1.1565 1.1797 1.1951 1.1805 1.2016 1.2051 1.2067
NaN NaN NaN NaN NaN NaN NaN NaN NaN NaN NaN NaN NaN NaN NaN NaN NaN NaN NaN NaN NaN NaN NaN NaN NaN NaN NaN NaN 1.138 1.1969 1.1577 1.1634 1.1424 1.088 1.0605 0.94442 0.41839
NaN NaN NaN NaN NaN NaN NaN NaN NaN NaN NaN NaN NaN NaN NaN NaN NaN NaN NaN NaN NaN NaN NaN NaN NaN NaN NaN NaN NaN NaN 1.157 1.1069 1.0327 0.87935 0.34966 NaN NaN
NaN NaN NaN NaN NaN NaN NaN NaN NaN NaN NaN NaN NaN NaN NaN NaN NaN NaN NaN NaN NaN NaN NaN NaN NaN NaN NaN NaN NaN NaN NaN NaN 0.80705 0.26258 NaN NaN NaN
NaN NaN NaN NaN NaN NaN NaN NaN NaN NaN NaN NaN NaN NaN NaN NaN NaN NaN NaN NaN NaN NaN NaN NaN NaN NaN NaN NaN NaN NaN NaN NaN NaN NaN NaN NaN NaN
NaN NaN NaN NaN NaN NaN NaN NaN NaN NaN NaN NaN NaN NaN NaN NaN NaN NaN NaN NaN NaN NaN NaN NaN NaN NaN NaN NaN NaN NaN NaN NaN NaN NaN NaN NaN NaN
NaN NaN NaN NaN NaN NaN NaN NaN NaN NaN NaN NaN NaN NaN NaN NaN NaN NaN NaN NaN NaN NaN NaN NaN NaN NaN NaN NaN NaN NaN NaN NaN NaN NaN NaN NaN NaN
