NaN NaN NaN NaN NaN NaN NaN NaN NaN NaN 1.4383 1.5291 1.4977 1.5437 1.5411 1.4789 1.4404 1.435 1.4475 1.4677 1.4877 1.4962 1.5063 1.518 1.5208 1.5312 1.5352 1.5455 1.5522 1.5569 1.5633 1.5693 1.5812 1.5946 1.6071 1.6136 1.6183
NaN NaN NaN NaN NaN NaN NaN NaN NaN NaN NaN NaN NaN NaN 1.5343 1.4602 1.4185 1.4209 1.4396 1.4593 1.4782 1.4894 1.5017 1.5126 1.516 1.5256 1.5303 1.5395 1.5461 1.5501 1.5567 1.561 1.5733 1.5889 1.5996 1.606 1.6104
NaN NaN NaN NaN NaN NaN NaN NaN 0.40637 0.37399 0.35336 0.3265 0.29222 0.26126 1.5447 1.4291 1.4077 1.4152 1.4354 1.4543 1.4717 1.4838 1.4961 1.5045 1.5111 1.519 1.5239 1.5325 1.5394 1.5429 1.548 1.5516 1.5652 1.5812 1.5906 1.597 1.6006
NaN NaN NaN NaN NaN NaN NaN NaN 0.73736 0.78267 0.83328 0.90389 1.0038 1.1715 1.4729 1.3501 1.386 1.4064 1.4282 1.4458 1.464 1.4751 1.4878 1.496 1.5033 1.5114 1.5172 1.5251 1.5318 1.5362 1.54 1.5443 1.5588 1.5721 1.5801 1.5861 1.5901
NaN NaN NaN NaN NaN NaN NaN NaN 0.93602 0.97039 1.0083 1.0615 1.1411 1.2482 1.3688 1.291 1.3629 1.3917 1.4154 1.435 1.4527 1.465 1.4773 1.486 1.4934 1.5013 1.5071 1.5144 1.5213 1.5254 1.5278 1.5335 1.5463 1.5622 1.5705 1.576 1.5807
NaN NaN NaN NaN NaN NaN NaN NaN 0.95168 0.98035 1.0237 1.0824 1.1586 1.2374 1.3027 1.2653 1.3406 1.3731 1.3999 1.4216 1.4397 1.4526 1.4649 1.4739 1.4823 1.49 1.4969 1.5039 1.51 1.5155 1.5182 1.5247 1.5374 1.5527 1.5606 1.5666 1.5702
NaN NaN NaN NaN NaN NaN NaN NaN 0.98121 1.0085 1.0539 1.1131 1.1735 1.226 1.2653 1.2548 1.3233 1.3529 1.3814 1.4062 1.4256 1.44 1.4535 1.4639 1.4739 1.4817 1.489 1.4976 1.5044 1.5104 1.515 1.5233 1.5321 1.546 1.5527 1.5581 1.5614
NaN NaN NaN NaN NaN NaN NaN NaN 0.98801 1.0247 1.0717 1.1238 1.1692 1.2085 1.2428 1.2529 1.3116 1.3405 1.3651 1.3867 1.4052 1.4184 1.4306 1.4396 1.4482 1.4652 1.4691 1.4416 1.4939 1.5009 1.5048 1.5155 1.5269 1.5377 1.5449 1.5497 1.5526
NaN NaN NaN NaN NaN NaN NaN NaN 0.98824 1.0445 1.087 1.1294 1.1649 1.1982 1.2321 1.2537 1.3033 1.3315 1.3575 1.3799 1.399 1.4188 1.434 1.4493 1.4678 1.4935 1.5099 1.477 1.4932 1.4974 1.5017 1.5133 1.5221 1.5336 1.5421 1.5377 1.548
NaN NaN NaN NaN NaN NaN NaN NaN NaN 1.0806 1.1127 1.1432 1.1691 1.1975 1.2302 1.2582 1.2999 1.3228 1.3479 1.3697 1.3907 1.4119 1.4292 1.4446 1.4621 1.4819 1.4893 1.4616 1.4872 1.4929 1.4974 1.5094 1.5186 1.5294 1.539 1.5317 1.5426
NaN NaN NaN NaN NaN NaN NaN NaN NaN 1.1034 1.1352 1.1463 1.1633 1.1934 1.2295 1.2627 1.3017 1.3239 1.3443 1.3657 1.3893 1.411 1.4274 1.4431 1.4584 1.4742 1.4789 1.458 1.4834 1.49 1.4966 1.5077 1.5166 1.5275 1.5355 1.5333 1.5384
NaN NaN NaN NaN NaN NaN NaN NaN NaN NaN 1.1323 1.1368 1.1546 1.1953 1.2337 1.2683 1.3035 1.3234 1.3432 1.3652 1.3865 1.4067 1.4231 1.4367 1.4524 1.4659 1.4698 1.4556 1.4796 1.4866 1.4954 1.5052 1.5145 1.5237 1.5292 1.5272 1.5322
NaN NaN NaN NaN NaN NaN NaN NaN NaN NaN NaN 1.1416 1.1597 1.2021 1.2406 1.2732 1.3021 1.3195 1.3408 1.363 1.3841 1.4029 1.4196 1.4331 1.4472 1.4599 1.4637 1.4551 1.4762 1.4835 1.4925 1.5017 1.5099 1.519 1.5217 1.5204 1.525
NaN NaN NaN NaN NaN NaN NaN NaN NaN NaN NaN 1.1457 1.167 1.2007 1.234 1.2638 1.2909 1.3082 1.3298 1.3568 1.3798 1.3973 1.4138 1.4271 1.4406 1.4526 1.4575 1.4519 1.4712 1.4788 1.4892 1.4972 1.5041 1.5113 1.5139 1.514 1.5171
NaN NaN NaN NaN NaN NaN NaN NaN NaN NaN NaN NaN 1.1503 1.195 1.2094 1.2453 1.2778 1.2996 1.3235 1.3499 1.373 1.3904 1.407 1.4199 1.4342 1.4462 1.4516 1.45 1.4661 1.4741 1.4845 1.4926 1.4995 1.5048 1.5066 1.5062 1.5071
NaN NaN NaN NaN NaN NaN NaN NaN NaN NaN NaN NaN NaN 1.2167 1.2261 1.2436 1.2806 1.2988 1.3206 1.3462 1.3677 1.3851 1.4014 1.4142 1.4269 1.4397 1.4444 1.4459 1.4609 1.4678 1.4797 1.4868 1.4931 1.4971 1.4983 1.498 1.4967
NaN NaN NaN NaN NaN NaN NaN NaN NaN NaN NaN NaN NaN NaN 1.2342 1.2614 1.2732 1.2817 1.306 1.335 1.35 1.3739 1.3906 1.4053 1.4206 1.4318 1.4385 1.4426 1.4545 1.4626 1.4746 1.4816 1.4869 1.4897 1.4906 1.4892 1.4886
NaN NaN NaN NaN NaN NaN NaN NaN NaN NaN NaN NaN NaN NaN NaN 1.265 1.2721 1.2654 1.2906 1.3234 1.3406 1.3644 1.3807 1.3952 1.41 1.423 1.4295 1.4384 1.4417 1.4527 1.4684 1.4765 1.4812 1.4828 1.4837 1.4824 1.4795
NaN NaN NaN NaN NaN NaN NaN NaN NaN NaN NaN NaN NaN NaN NaN NaN NaN 1.277 1.2884 1.3077 1.3157 1.3471 1.3633 1.3771 1.3945 1.4155 1.4248 1.4369 1.4412 1.4507 1.4624 1.4707 1.4746 1.4753 1.4766 1.4743 1.471
NaN NaN NaN NaN NaN NaN NaN NaN NaN NaN NaN NaN NaN NaN NaN NaN NaN NaN 1.2859 1.3141 1.2992 1.3317 1.3519 1.3625 1.3752 1.4042 1.4177 1.4211 1.4326 1.444 1.4564 1.4652 1.4691 1.4687 1.4687 1.4664 1.4627
NaN NaN NaN NaN NaN NaN NaN NaN NaN NaN NaN NaN NaN NaN NaN NaN NaN NaN NaN NaN 1.2905 1.346 1.3471 1.3392 1.3433 1.3871 1.4049 1.4018 1.422 1.4355 1.4526 1.4605 1.462 1.4612 1.46 1.458 1.4555
NaN NaN NaN NaN NaN NaN NaN NaN NaN NaN NaN NaN NaN NaN NaN NaN NaN NaN NaN NaN NaN NaN 1.3554 1.3536 1.333 1.3678 1.3849 1.3745 1.4065 1.416 1.4266 1.4506 1.4525 1.4505 1.4484 1.4465 1.4449
NaN NaN NaN NaN NaN NaN NaN NaN NaN NaN NaN NaN NaN NaN NaN NaN NaN NaN NaN NaN NaN NaN NaN NaN 1.3308 1.3487 1.3388 1.3271 1.3641 1.3839 1.3827 1.4206 1.4324 1.4241 1.4287 1.4321 1.4232
NaN NaN NaN NaN NaN NaN NaN NaN NaN NaN NaN NaN NaN NaN NaN NaN NaN NaN NaN NaN NaN NaN NaN NaN NaN NaN 1.3262 1.336 1.3469 1.3668 1.3409 1.3683 1.3867 1.3699 1.3946 1.3991 1.4001
NaN NaN NaN NaN NaN NaN NaN NaN NaN NaN NaN NaN NaN NaN NaN NaN NaN NaN NaN NaN NaN NaN NaN NaN NaN NaN NaN NaN 1.3184 1.3818 1.3387 1.3443 1.3213 1.2589 1.2248 1.0871 0.47095
NaN NaN NaN NaN NaN NaN NaN NaN NaN NaN NaN NaN NaN NaN NaN NaN NaN NaN NaN NaN NaN NaN NaN NaN NaN NaN NaN NaN NaN NaN 1.3042 1.2746 1.1881 1.0092 0.39353 NaN NaN
NaN NaN NaN NaN NaN NaN NaN NaN NaN NaN NaN NaN NaN NaN NaN NaN NaN NaN NaN NaN NaN NaN NaN NaN NaN NaN NaN NaN NaN NaN NaN NaN 0.92388 0.29597 NaN NaN NaN
NaN NaN NaN NaN NaN NaN NaN NaN NaN NaN NaN NaN NaN NaN NaN NaN NaN NaN NaN NaN NaN NaN NaN NaN NaN NaN NaN NaN NaN NaN NaN NaN NaN NaN NaN NaN NaN
NaN NaN NaN NaN NaN NaN NaN NaN NaN NaN NaN NaN NaN NaN NaN NaN NaN NaN NaN NaN NaN NaN NaN NaN NaN NaN NaN NaN NaN NaN NaN NaN NaN NaN NaN NaN NaN
NaN NaN NaN NaN NaN NaN NaN NaN NaN NaN NaN NaN NaN NaN NaN NaN NaN NaN NaN NaN NaN NaN NaN NaN NaN NaN NaN NaN NaN NaN NaN NaN NaN NaN NaN NaN NaN
