NaN NaN NaN NaN NaN NaN NaN NaN NaN NaN 1.6391 1.8864 1.9164 2.0479 2.0701 2.0322 1.9806 1.9728 2.0011 2.045 2.092 2.1143 2.1388 2.1644 2.1725 2.1951 2.2055 2.2279 2.2451 2.2609 2.2792 2.2948 2.3186 2.3422 2.3651 2.3785 2.3896
NaN NaN NaN NaN NaN NaN NaN NaN NaN NaN NaN NaN NaN NaN 1.8629 1.9078 1.9111 1.9162 1.9595 2.0101 2.0608 2.0918 2.124 2.153 2.1652 2.1885 2.2003 2.2217 2.2391 2.2537 2.2719 2.2838 2.3073 2.3335 2.3537 2.3671 2.3781
NaN NaN NaN NaN NaN NaN NaN NaN 0.31407 0.28377 0.26155 0.23425 0.20074 0.16716 1.8702 1.8045 1.8585 1.8746 1.9247 1.9787 2.0318 2.0699 2.1075 2.1369 2.1577 2.1803 2.194 2.2155 2.2337 2.2471 2.2625 2.2724 2.2972 2.3241 2.342 2.3558 2.3658
NaN NaN NaN NaN NaN NaN NaN NaN 0.66858 0.72491 0.79381 0.89371 1.043 1.3013 1.8014 1.6824 1.8094 1.841 1.8955 1.9488 2.005 2.0454 2.088 2.1202 2.1457 2.1703 2.1872 2.2085 2.2269 2.2412 2.2544 2.2652 2.2912 2.3142 2.3298 2.3432 2.3538
NaN NaN NaN NaN NaN NaN NaN NaN 0.92452 0.97508 1.0363 1.1245 1.2588 1.4485 1.6857 1.5961 1.7664 1.8097 1.8663 1.9213 1.977 2.0217 2.0668 2.1025 2.1315 2.1582 2.1771 2.1985 2.2176 2.2312 2.2415 2.2534 2.2757 2.3022 2.3179 2.3307 2.3424
NaN NaN NaN NaN NaN NaN NaN NaN 0.98661 1.0329 1.1014 1.1971 1.3249 1.4679 1.6011 1.5572 1.7272 1.7785 1.8376 1.8941 1.9499 1.997 2.0439 2.0819 2.1148 2.1427 2.1646 2.1858 2.2038 2.2192 2.2288 2.2419 2.2641 2.2904 2.3055 2.3192 2.3295
NaN NaN NaN NaN NaN NaN NaN NaN 1.0467 1.0918 1.1641 1.2606 1.365 1.465 1.5472 1.543 1.6974 1.7476 1.8069 1.8657 1.9214 1.9707 2.0198 2.0606 2.0974 2.1262 2.1497 2.1735 2.193 2.2097 2.2221 2.2387 2.2562 2.2813 2.2943 2.3068 2.3163
NaN NaN NaN NaN NaN NaN NaN NaN 1.0775 1.1341 1.2091 1.2951 1.3755 1.45 1.5156 1.5436 1.6769 1.729 1.7844 1.8391 1.8935 1.9421 1.9909 2.0317 2.0676 2.1104 2.1293 2.088 2.1798 2.1926 2.2043 2.2251 2.2464 2.2674 2.281 2.2924 2.3012
NaN NaN NaN NaN NaN NaN NaN NaN 1.1026 1.1736 1.2431 1.3141 1.3767 1.4373 1.4986 1.5462 1.6594 1.7104 1.7652 1.8178 1.8687 1.923 1.9715 2.0173 2.0639 2.1194 2.1616 2.1228 2.1772 2.1845 2.1952 2.2178 2.2349 2.257 2.2732 2.2708 2.292
NaN NaN NaN NaN NaN NaN NaN NaN NaN 1.226 1.2812 1.3352 1.3816 1.4334 1.4928 1.5533 1.651 1.6954 1.7481 1.7977 1.849 1.9043 1.9553 2.0031 2.0519 2.104 2.1345 2.0978 2.1624 2.1738 2.1843 2.2071 2.2241 2.2448 2.2632 2.2562 2.2808
NaN NaN NaN NaN NaN NaN NaN NaN NaN 1.2667 1.3166 1.3422 1.3742 1.4273 1.4903 1.5589 1.6474 1.6909 1.7358 1.782 1.8367 1.8925 1.9422 1.9914 2.0389 2.0865 2.111 2.0821 2.1464 2.1612 2.1754 2.1972 2.2138 2.2348 2.2517 2.2523 2.2694
NaN NaN NaN NaN NaN NaN NaN NaN NaN NaN 1.3188 1.3327 1.3626 1.4282 1.4942 1.5658 1.646 1.6856 1.7267 1.7745 1.826 1.8795 1.9286 1.9749 2.0233 2.0667 2.0883 2.0691 2.1301 2.1473 2.1663 2.1873 2.2054 2.2247 2.2388 2.2394 2.2556
NaN NaN NaN NaN NaN NaN NaN NaN NaN NaN NaN 1.3328 1.3653 1.4357 1.5031 1.5733 1.642 1.6766 1.7187 1.7659 1.8166 1.8673 1.9164 1.962 2.0081 2.0495 2.07 2.0602 2.1152 2.1345 2.1561 2.1773 2.1949 2.2145 2.2244 2.2262 2.2416
NaN NaN NaN NaN NaN NaN NaN NaN NaN NaN NaN 1.3409 1.3771 1.4393 1.5018 1.5672 1.6295 1.662 1.701 1.7535 1.8069 1.8552 1.9036 1.9482 1.9927 2.0321 2.0538 2.0498 2.1001 2.1208 2.1465 2.167 2.1834 2.2004 2.2098 2.2144 2.2274
NaN NaN NaN NaN NaN NaN NaN NaN NaN NaN NaN NaN 1.3791 1.449 1.4791 1.548 1.6124 1.6479 1.6887 1.7408 1.7951 1.8424 1.8904 1.9333 1.9783 2.0165 2.0389 2.0423 2.0861 2.1084 2.1354 2.1567 2.174 2.1887 2.1977 2.2024 2.2121
NaN NaN NaN NaN NaN NaN NaN NaN NaN NaN NaN NaN NaN 1.4726 1.4958 1.5411 1.611 1.641 1.6801 1.7326 1.7849 1.8322 1.8796 1.922 1.9639 2.0028 2.024 2.0336 2.0738 2.0949 2.1255 2.1459 2.1634 2.1767 2.1851 2.1907 2.1969
NaN NaN NaN NaN NaN NaN NaN NaN NaN NaN NaN NaN NaN NaN 1.5095 1.5655 1.603 1.6174 1.6616 1.7213 1.7598 1.8166 1.8631 1.9069 1.9517 1.9877 2.0119 2.0268 2.0606 2.0837 2.1155 2.1365 2.1533 2.165 2.173 2.1775 2.1846
NaN NaN NaN NaN NaN NaN NaN NaN NaN NaN NaN NaN NaN NaN NaN 1.5746 1.6022 1.6006 1.645 1.706 1.7437 1.8028 1.8487 1.8922 1.9355 1.9735 1.9974 2.0212 2.0395 2.0677 2.1046 2.1273 2.1437 2.1539 2.1625 2.1674 2.171
NaN NaN NaN NaN NaN NaN NaN NaN NaN NaN NaN NaN NaN NaN NaN NaN NaN 1.6166 1.6471 1.6917 1.7099 1.7823 1.8268 1.8665 1.9105 1.9587 1.9858 2.0165 2.0351 2.0632 2.095 2.1182 2.1337 2.1427 2.1523 2.1559 2.1585
NaN NaN NaN NaN NaN NaN NaN NaN NaN NaN NaN NaN NaN NaN NaN NaN NaN NaN 1.6502 1.7093 1.6916 1.7618 1.8114 1.8454 1.8809 1.9416 1.9758 1.9945 2.0232 2.0529 2.0855 2.11 2.1254 2.133 2.1412 2.1448 2.1462
NaN NaN NaN NaN NaN NaN NaN NaN NaN NaN NaN NaN NaN NaN NaN NaN NaN NaN NaN NaN 1.6773 1.7835 1.8104 1.814 1.832 1.917 1.9581 1.9656 2.008 2.0389 2.0791 2.103 2.1153 2.1225 2.1289 2.1325 2.1349
NaN NaN NaN NaN NaN NaN NaN NaN NaN NaN NaN NaN NaN NaN NaN NaN NaN NaN NaN NaN NaN NaN 1.752 1.7948 1.8112 1.8886 1.9298 1.9248 1.9884 2.0123 2.0417 2.0894 2.1016 2.1076 2.1127 2.1159 2.1183
NaN NaN NaN NaN NaN NaN NaN NaN NaN NaN NaN NaN NaN NaN NaN NaN NaN NaN NaN NaN NaN NaN NaN NaN 1.729 1.8514 1.8823 1.8698 1.935 1.9709 1.9766 2.0474 2.0731 2.0698 2.0857 2.0954 2.0857
NaN NaN NaN NaN NaN NaN NaN NaN NaN NaN NaN NaN NaN NaN NaN NaN NaN NaN NaN NaN NaN NaN NaN NaN NaN NaN 1.788 1.8568 1.9101 1.9626 1.9241 1.9805 2.012 1.9909 2.0378 2.0449 2.0492
NaN NaN NaN NaN NaN NaN NaN NaN NaN NaN NaN NaN NaN NaN NaN NaN NaN NaN NaN NaN NaN NaN NaN NaN NaN NaN NaN NaN 1.7283 1.8556 1.8994 1.9419 1.9469 1.876 1.8694 1.7357 1.0964
NaN NaN NaN NaN NaN NaN NaN NaN NaN NaN NaN NaN NaN NaN NaN NaN NaN NaN NaN NaN NaN NaN NaN NaN NaN NaN NaN NaN NaN NaN 1.5965 1.8297 1.8067 1.6138 0.92331 NaN NaN
NaN NaN NaN NaN NaN NaN NaN NaN NaN NaN NaN NaN NaN NaN NaN NaN NaN NaN NaN NaN NaN NaN NaN NaN NaN NaN NaN NaN NaN NaN NaN NaN 1.4124 0.6914 NaN NaN NaN
NaN NaN NaN NaN NaN NaN NaN NaN NaN NaN NaN NaN NaN NaN NaN NaN NaN NaN NaN NaN NaN NaN NaN NaN NaN NaN NaN NaN NaN NaN NaN NaN NaN NaN NaN NaN NaN
NaN NaN NaN NaN NaN NaN NaN NaN NaN NaN NaN NaN NaN NaN NaN NaN NaN NaN NaN NaN NaN NaN NaN NaN NaN NaN NaN NaN NaN NaN NaN NaN NaN NaN NaN NaN NaN
NaN NaN NaN NaN NaN NaN NaN NaN NaN NaN NaN NaN NaN NaN NaN NaN NaN NaN NaN NaN NaN NaN NaN NaN NaN NaN NaN NaN NaN NaN NaN NaN NaN NaN NaN NaN NaN
