NaN NaN NaN NaN NaN NaN NaN NaN NaN NaN 1.5336 1.6703 1.6538 1.724 1.7254 1.6549 1.6073 1.5977 1.612 1.6377 1.6648 1.6766 1.6909 1.7069 1.7115 1.726 1.7322 1.7463 1.7563 1.7644 1.7742 1.7828 1.7981 1.8144 1.8301 1.8385 1.845
NaN NaN NaN NaN NaN NaN NaN NaN NaN NaN NaN NaN NaN NaN 1.6704 1.6136 1.5742 1.5747 1.5979 1.6248 1.6517 1.6675 1.6851 1.7012 1.7071 1.7212 1.7282 1.7412 1.7512 1.7584 1.7683 1.7746 1.7901 1.8088 1.8224 1.8308 1.8369
NaN NaN NaN NaN NaN NaN NaN NaN 0.38458 0.35231 0.33091 0.30363 0.26936 0.23776 1.6795 1.5624 1.5533 1.5613 1.5882 1.6154 1.6416 1.6598 1.6788 1.6927 1.7032 1.7155 1.723 1.7357 1.746 1.7524 1.7604 1.7656 1.7824 1.8018 1.8137 1.8222 1.8275
NaN NaN NaN NaN NaN NaN NaN NaN 0.72878 0.77807 0.83504 0.91587 1.0331 1.2328 1.6049 1.4687 1.5254 1.5479 1.5776 1.6038 1.6313 1.6493 1.6698 1.6842 1.6962 1.709 1.7179 1.7298 1.7399 1.7472 1.7536 1.7595 1.7774 1.7937 1.8039 1.812 1.8178
NaN NaN NaN NaN NaN NaN NaN NaN 0.94989 0.98978 1.0354 1.1003 1.1982 1.3331 1.4929 1.4008 1.4982 1.5306 1.5625 1.5908 1.6179 1.6381 1.6588 1.6743 1.6873 1.7004 1.7097 1.721 1.7313 1.738 1.7424 1.7497 1.7652 1.7844 1.7949 1.8025 1.8091
NaN NaN NaN NaN NaN NaN NaN NaN 0.98018 1.0146 1.0663 1.1373 1.2307 1.3308 1.4183 1.3713 1.4722 1.51 1.5452 1.5757 1.6033 1.6246 1.6457 1.6621 1.6768 1.6898 1.7006 1.7113 1.7206 1.7288 1.7331 1.7413 1.7567 1.7754 1.7854 1.7935 1.799
NaN NaN NaN NaN NaN NaN NaN NaN 1.0196 1.0527 1.107 1.1785 1.2534 1.3213 1.3741 1.3602 1.4523 1.4878 1.5246 1.5584 1.5869 1.6101 1.6327 1.6508 1.6677 1.6809 1.6923 1.7048 1.7149 1.7237 1.7301 1.7406 1.7519 1.7691 1.7775 1.7848 1.7897
NaN NaN NaN NaN NaN NaN NaN NaN 1.0338 1.0772 1.1334 1.1966 1.2534 1.304 1.3478 1.3597 1.439 1.4747 1.5079 1.5384 1.5662 1.5884 1.61 1.6271 1.6426 1.6662 1.6735 1.6422 1.7052 1.7134 1.719 1.7323 1.7464 1.7601 1.7689 1.7754 1.7798
NaN NaN NaN NaN NaN NaN NaN NaN 1.0418 1.1031 1.1545 1.2062 1.2504 1.2923 1.3345 1.3612 1.4286 1.4634 1.4975 1.5281 1.5554 1.584 1.6077 1.6307 1.6565 1.6903 1.7136 1.6784 1.7051 1.7094 1.7151 1.7297 1.7406 1.755 1.7655 1.7613 1.7745
NaN NaN NaN NaN NaN NaN NaN NaN NaN 1.1447 1.1843 1.2222 1.2546 1.2903 1.3309 1.3668 1.4241 1.4533 1.4862 1.5157 1.5447 1.5748 1.6009 1.6247 1.6506 1.6792 1.6923 1.6613 1.6977 1.7041 1.7098 1.7246 1.7358 1.7492 1.7611 1.7534 1.768
NaN NaN NaN NaN NaN NaN NaN NaN NaN 1.1733 1.2109 1.2264 1.2479 1.2852 1.3293 1.3717 1.4247 1.453 1.4801 1.5083 1.5408 1.5716 1.5968 1.6214 1.6454 1.6696 1.6789 1.655 1.6914 1.6993 1.7074 1.7213 1.7322 1.7458 1.756 1.7541 1.7623
NaN NaN NaN NaN NaN NaN NaN NaN NaN NaN 1.2092 1.2163 1.2378 1.2865 1.3331 1.3778 1.4258 1.4512 1.4764 1.5061 1.5362 1.5655 1.5905 1.6128 1.6373 1.6587 1.6664 1.6503 1.6849 1.6937 1.7048 1.7176 1.7291 1.7409 1.7485 1.7466 1.7545
NaN NaN NaN NaN NaN NaN NaN NaN NaN NaN NaN 1.2196 1.242 1.2934 1.3405 1.3835 1.4238 1.4457 1.4724 1.502 1.5321 1.5597 1.5851 1.6071 1.6298 1.6501 1.6574 1.6481 1.6789 1.6887 1.7008 1.7131 1.7236 1.7354 1.7396 1.7386 1.7459
NaN NaN NaN NaN NaN NaN NaN NaN NaN NaN NaN 1.2247 1.2506 1.2933 1.3351 1.3748 1.4121 1.4333 1.4591 1.4938 1.5263 1.5526 1.5777 1.5994 1.6212 1.6403 1.6489 1.6435 1.6718 1.6822 1.6965 1.7078 1.717 1.7266 1.7305 1.7313 1.7368
NaN NaN NaN NaN NaN NaN NaN NaN NaN NaN NaN NaN 1.2394 1.2921 1.3104 1.3556 1.3974 1.4229 1.4509 1.4847 1.5179 1.5442 1.5694 1.5904 1.613 1.6317 1.641 1.6407 1.6648 1.6761 1.6908 1.7023 1.7118 1.7193 1.7226 1.723 1.726
NaN NaN NaN NaN NaN NaN NaN NaN NaN NaN NaN NaN NaN 1.3144 1.3272 1.3521 1.399 1.42 1.4471 1.4802 1.5108 1.5375 1.5625 1.5834 1.604 1.6236 1.632 1.6358 1.6582 1.6684 1.6853 1.6959 1.705 1.7111 1.7137 1.7145 1.7148
NaN NaN NaN NaN NaN NaN NaN NaN NaN NaN NaN NaN NaN NaN 1.3372 1.3725 1.3914 1.4016 1.4318 1.4691 1.4907 1.5249 1.5502 1.5729 1.5964 1.614 1.6249 1.632 1.6503 1.6621 1.6795 1.6902 1.6984 1.7032 1.7054 1.7051 1.7061
NaN NaN NaN NaN NaN NaN NaN NaN NaN NaN NaN NaN NaN NaN NaN 1.378 1.3907 1.385 1.4158 1.457 1.4802 1.5141 1.5391 1.5618 1.5844 1.604 1.6146 1.6278 1.6355 1.651 1.6726 1.6847 1.6923 1.6958 1.6982 1.698 1.6963
NaN NaN NaN NaN NaN NaN NaN NaN NaN NaN NaN NaN NaN NaN NaN NaN NaN 1.3986 1.4152 1.4422 1.453 1.4959 1.5204 1.5415 1.5663 1.5947 1.6083 1.626 1.6345 1.6489 1.6662 1.6785 1.6854 1.6879 1.6908 1.6895 1.6872
NaN NaN NaN NaN NaN NaN NaN NaN NaN NaN NaN NaN NaN NaN NaN NaN NaN NaN 1.4162 1.4537 1.4361 1.479 1.5081 1.5252 1.5441 1.582 1.6009 1.6089 1.6254 1.6417 1.6597 1.6728 1.6797 1.681 1.6826 1.6813 1.6782
NaN NaN NaN NaN NaN NaN NaN NaN NaN NaN NaN NaN NaN NaN NaN NaN NaN NaN NaN NaN 1.4284 1.4992 1.5053 1.4998 1.5073 1.5629 1.5871 1.5871 1.6138 1.6321 1.6557 1.668 1.6723 1.6731 1.6734 1.6722 1.6703
NaN NaN NaN NaN NaN NaN NaN NaN NaN NaN NaN NaN NaN NaN NaN NaN NaN NaN NaN NaN NaN NaN 1.508 1.5159 1.4957 1.542 1.5654 1.5561 1.5973 1.6108 1.6267 1.6575 1.662 1.6616 1.6608 1.6595 1.6582
NaN NaN NaN NaN NaN NaN NaN NaN NaN NaN NaN NaN NaN NaN NaN NaN NaN NaN NaN NaN NaN NaN NaN NaN 1.4826 1.5229 1.5191 1.5065 1.552 1.5764 1.5767 1.6241 1.6397 1.6322 1.6391 1.6434 1.6335
NaN NaN NaN NaN NaN NaN NaN NaN NaN NaN NaN NaN NaN NaN NaN NaN NaN NaN NaN NaN NaN NaN NaN NaN NaN NaN 1.4907 1.5156 1.534 1.5618 1.5326 1.5677 1.5895 1.5706 1.6008 1.6051 1.6066
NaN NaN NaN NaN NaN NaN NaN NaN NaN NaN NaN NaN NaN NaN NaN NaN NaN NaN NaN NaN NaN NaN NaN NaN NaN NaN NaN NaN 1.4788 1.5668 1.5348 1.5466 1.5254 1.4583 1.4307 1.2913 0.66341
NaN NaN NaN NaN NaN NaN NaN NaN NaN NaN NaN NaN NaN NaN NaN NaN NaN NaN NaN NaN NaN NaN NaN NaN NaN NaN NaN NaN NaN NaN 1.428 1.4743 1.3904 1.2024 0.55683 NaN NaN
NaN NaN NaN NaN NaN NaN NaN NaN NaN NaN NaN NaN NaN NaN NaN NaN NaN NaN NaN NaN NaN NaN NaN NaN NaN NaN NaN NaN NaN NaN NaN NaN 1.0872 0.41769 NaN NaN NaN
NaN NaN NaN NaN NaN NaN NaN NaN NaN NaN NaN NaN NaN NaN NaN NaN NaN NaN NaN NaN NaN NaN NaN NaN NaN NaN NaN NaN NaN NaN NaN NaN NaN NaN NaN NaN NaN
NaN NaN NaN NaN NaN NaN NaN NaN NaN NaN NaN NaN NaN NaN NaN NaN NaN NaN NaN NaN NaN NaN NaN NaN NaN NaN NaN NaN NaN NaN NaN NaN NaN NaN NaN NaN NaN
NaN NaN NaN NaN NaN NaN NaN NaN NaN NaN NaN NaN NaN NaN NaN NaN NaN NaN NaN NaN NaN NaN NaN NaN NaN NaN NaN NaN NaN NaN NaN NaN NaN NaN NaN NaN NaN
