NaN NaN NaN NaN NaN NaN NaN NaN NaN NaN 1.7891 2.0321 2.0912 2.2665 2.3246 2.3888 2.4066 2.4054 2.4438 2.4997 2.5586 2.5866 2.6171 2.6487 2.6587 2.6868 2.6997 2.7274 2.7488 2.7687 2.7916 2.8113 2.8409 2.8698 2.898 2.9144 2.9281
NaN NaN NaN NaN NaN NaN NaN NaN NaN NaN NaN NaN NaN NaN 2.0672 2.1728 2.3134 2.3301 2.3884 2.4537 2.518 2.5573 2.5976 2.6337 2.649 2.6781 2.6927 2.7193 2.7409 2.7593 2.7822 2.7972 2.8263 2.8584 2.8831 2.8996 2.9132
NaN NaN NaN NaN NaN NaN NaN NaN 0.36256 0.32678 0.30007 0.26754 0.2279 0.1885 2.0606 2.0534 2.2439 2.2748 2.342 2.4122 2.48 2.5284 2.576 2.6129 2.6391 2.6674 2.6844 2.7112 2.7338 2.7507 2.7701 2.7826 2.8133 2.8462 2.868 2.8849 2.8972
NaN NaN NaN NaN NaN NaN NaN NaN 0.77165 0.83559 0.91371 1.0267 1.1943 1.4812 2.025 1.959 2.1824 2.2313 2.3035 2.3729 2.4449 2.4965 2.5505 2.5912 2.6235 2.6543 2.6755 2.7021 2.7249 2.7429 2.7596 2.7732 2.8053 2.8333 2.8523 2.8687 2.8818
NaN NaN NaN NaN NaN NaN NaN NaN 1.074 1.1321 1.2022 1.3027 1.4551 1.6688 1.9333 1.8829 2.13 2.1919 2.2661 2.3373 2.4086 2.4656 2.5231 2.5684 2.6052 2.6388 2.6626 2.6893 2.713 2.7301 2.7432 2.7581 2.7855 2.8178 2.8369 2.8526 2.8671
NaN NaN NaN NaN NaN NaN NaN NaN 1.1515 1.205 1.2843 1.3947 1.542 1.7063 1.8615 1.851 2.083 2.1534 2.23 2.3026 2.3738 2.434 2.4937 2.542 2.5837 2.619 2.6466 2.6731 2.6955 2.7148 2.7269 2.7432 2.7706 2.8027 2.821 2.8378 2.8505
NaN NaN NaN NaN NaN NaN NaN NaN 1.2269 1.2796 1.3638 1.4764 1.5984 1.7154 1.8159 1.8426 2.0475 2.1157 2.1921 2.2669 2.3377 2.4004 2.4629 2.5147 2.5614 2.5979 2.6274 2.6572 2.6815 2.7024 2.7179 2.7386 2.7602 2.7908 2.8065 2.8218 2.8335
NaN NaN NaN NaN NaN NaN NaN NaN 1.2674 1.334 1.4219 1.5232 1.6183 1.7074 1.7911 1.8489 2.0233 2.0931 2.1644 2.2339 2.303 2.3648 2.4268 2.4787 2.5242 2.5776 2.6009 2.5528 2.6652 2.6806 2.6952 2.7211 2.7473 2.773 2.7895 2.8035 2.8143
NaN NaN NaN NaN NaN NaN NaN NaN 1.3008 1.3846 1.4666 1.551 1.6262 1.7001 1.7797 1.8558 2.0028 2.0704 2.1405 2.2073 2.2717 2.3401 2.4015 2.4594 2.5179 2.5867 2.6389 2.5943 2.6617 2.6701 2.6835 2.7114 2.7325 2.7596 2.7792 2.7762 2.8023
NaN NaN NaN NaN NaN NaN NaN NaN NaN 1.4505 1.5162 1.5808 1.6376 1.7016 1.7792 1.8671 1.9934 2.0522 2.1196 2.1824 2.2471 2.3165 2.3808 2.4411 2.5024 2.5674 2.6053 2.5627 2.6429 2.6564 2.6694 2.6975 2.7184 2.7438 2.766 2.7575 2.7881
NaN NaN NaN NaN NaN NaN NaN NaN NaN 1.5018 1.5619 1.5935 1.6333 1.6991 1.781 1.876 1.9896 2.0467 2.1044 2.1629 2.2314 2.3013 2.3639 2.426 2.4858 2.5452 2.5757 2.5422 2.6224 2.6403 2.6577 2.6846 2.705 2.7307 2.7512 2.7521 2.7734
NaN NaN NaN NaN NaN NaN NaN NaN NaN NaN 1.567 1.5858 1.6234 1.7042 1.7894 1.886 1.9885 2.0403 2.0931 2.1534 2.218 2.285 2.3468 2.4051 2.466 2.5203 2.5471 2.5252 2.6015 2.6224 2.6458 2.6718 2.694 2.7177 2.7347 2.7356 2.7558
NaN NaN NaN NaN NaN NaN NaN NaN NaN NaN NaN 1.5891 1.6301 1.7164 1.8031 1.8966 1.9843 2.0295 2.0831 2.1426 2.2062 2.2697 2.3313 2.3888 2.4468 2.4985 2.5239 2.5134 2.5824 2.6059 2.6326 2.6589 2.6806 2.7045 2.7165 2.7189 2.7381
NaN NaN NaN NaN NaN NaN NaN NaN NaN NaN NaN 1.6006 1.6476 1.7236 1.804 1.8905 1.9697 2.0118 2.0615 2.1274 2.1941 2.2546 2.3152 2.3713 2.4273 2.4765 2.5033 2.4999 2.5629 2.5884 2.6201 2.6456 2.6659 2.6867 2.6981 2.7039 2.7201
NaN NaN NaN NaN NaN NaN NaN NaN NaN NaN NaN NaN 1.647 1.733 1.7784 1.8683 1.9495 1.9947 2.0463 2.1118 2.1797 2.2388 2.2988 2.3527 2.4091 2.4568 2.4845 2.49 2.545 2.5724 2.606 2.6324 2.6538 2.6719 2.6828 2.6887 2.7009
NaN NaN NaN NaN NaN NaN NaN NaN NaN NaN NaN NaN NaN 1.751 1.7906 1.8615 1.9482 1.9863 2.0358 2.1017 2.167 2.2261 2.2853 2.3385 2.3911 2.4396 2.4658 2.4788 2.5293 2.5553 2.5932 2.6187 2.6403 2.6567 2.6669 2.6739 2.6819
NaN NaN NaN NaN NaN NaN NaN NaN NaN NaN NaN NaN NaN NaN 1.7896 1.873 1.9408 1.9599 2.0137 2.0881 2.1365 2.2069 2.265 2.3198 2.3758 2.4205 2.4505 2.4699 2.5124 2.5411 2.5805 2.6066 2.6274 2.6418 2.6518 2.6573 2.6664
NaN NaN NaN NaN NaN NaN NaN NaN NaN NaN NaN NaN NaN NaN NaN 1.8553 1.9137 1.9398 1.9941 2.07 2.1169 2.1902 2.2473 2.3016 2.3556 2.4028 2.4323 2.4624 2.486 2.5209 2.5665 2.5947 2.6151 2.6278 2.6384 2.6446 2.6492
NaN NaN NaN NaN NaN NaN NaN NaN NaN NaN NaN NaN NaN NaN NaN NaN NaN 1.9303 1.9959 2.0532 2.0759 2.1653 2.2205 2.2701 2.3248 2.3842 2.4175 2.4561 2.48 2.515 2.5544 2.5831 2.6024 2.6136 2.6255 2.6301 2.6335
NaN NaN NaN NaN NaN NaN NaN NaN NaN NaN NaN NaN NaN NaN NaN NaN NaN NaN 1.9428 2.024 2.052 2.1407 2.2018 2.2443 2.2884 2.3629 2.4049 2.429 2.465 2.5019 2.5422 2.5726 2.5918 2.6013 2.6116 2.6161 2.618
NaN NaN NaN NaN NaN NaN NaN NaN NaN NaN NaN NaN NaN NaN NaN NaN NaN NaN NaN NaN 1.9676 2.093 2.1907 2.2064 2.2287 2.3325 2.3829 2.3935 2.4461 2.4843 2.5339 2.5635 2.579 2.5881 2.5961 2.6007 2.6038
NaN NaN NaN NaN NaN NaN NaN NaN NaN NaN NaN NaN NaN NaN NaN NaN NaN NaN NaN NaN NaN NaN 1.9727 2.0404 2.1615 2.2977 2.3484 2.3436 2.4219 2.4512 2.4878 2.5464 2.5617 2.5695 2.576 2.5801 2.583
NaN NaN NaN NaN NaN NaN NaN NaN NaN NaN NaN NaN NaN NaN NaN NaN NaN NaN NaN NaN NaN NaN NaN NaN 1.9389 2.1559 2.2865 2.2764 2.357 2.4008 2.4083 2.4948 2.5263 2.5229 2.5427 2.5545 2.5426
NaN NaN NaN NaN NaN NaN NaN NaN NaN NaN NaN NaN NaN NaN NaN NaN NaN NaN NaN NaN NaN NaN NaN NaN NaN NaN 2.065 2.154 2.3026 2.3875 2.3412 2.4136 2.4515 2.4263 2.4836 2.4917 2.4972
NaN NaN NaN NaN NaN NaN NaN NaN NaN NaN NaN NaN NaN NaN NaN NaN NaN NaN NaN NaN NaN NaN NaN NaN NaN NaN NaN NaN 1.9354 2.055 2.1659 2.2511 2.3593 2.2868 2.2809 2.1206 1.3509
NaN NaN NaN NaN NaN NaN NaN NaN NaN NaN NaN NaN NaN NaN NaN NaN NaN NaN NaN NaN NaN NaN NaN NaN NaN NaN NaN NaN NaN NaN 1.7016 2.0455 2.166 1.9696 1.1352 NaN NaN
NaN NaN NaN NaN NaN NaN NaN NaN NaN NaN NaN NaN NaN NaN NaN NaN NaN NaN NaN NaN NaN NaN NaN NaN NaN NaN NaN NaN NaN NaN NaN NaN 1.6951 0.84539 NaN NaN NaN
NaN NaN NaN NaN NaN NaN NaN NaN NaN NaN NaN NaN NaN NaN NaN NaN NaN NaN NaN NaN NaN NaN NaN NaN NaN NaN NaN NaN NaN NaN NaN NaN NaN NaN NaN NaN NaN
NaN NaN NaN NaN NaN NaN NaN NaN NaN NaN NaN NaN NaN NaN NaN NaN NaN NaN NaN NaN NaN NaN NaN NaN NaN NaN NaN NaN NaN NaN NaN NaN NaN NaN NaN NaN NaN
NaN NaN NaN NaN NaN NaN NaN NaN NaN NaN NaN NaN NaN NaN NaN NaN NaN NaN NaN NaN NaN NaN NaN NaN NaN NaN NaN NaN NaN NaN NaN NaN NaN NaN NaN NaN NaN
