NaN NaN NaN NaN NaN NaN NaN NaN NaN NaN 1.4219 1.5173 1.485 1.533 1.5306 1.4673 1.429 1.4233 1.4359 1.4566 1.4774 1.4865 1.4971 1.5095 1.5126 1.5232 1.5275 1.5383 1.5454 1.5504 1.557 1.5631 1.5752 1.5889 1.6018 1.6086 1.6135
NaN NaN NaN NaN NaN NaN NaN NaN NaN NaN NaN NaN NaN NaN 1.5191 1.4459 1.4056 1.4086 1.4278 1.4482 1.4681 1.48 1.4928 1.5046 1.5082 1.5182 1.5232 1.5329 1.5399 1.5442 1.5511 1.5554 1.5679 1.5837 1.5949 1.6016 1.6062
NaN NaN NaN NaN NaN NaN NaN NaN 0.39508 0.36339 0.34308 0.31668 0.28304 0.25239 1.5296 1.4133 1.394 1.4024 1.4234 1.4431 1.4617 1.4746 1.4877 1.4969 1.504 1.5123 1.5175 1.5266 1.534 1.5378 1.5431 1.5467 1.5604 1.5768 1.5866 1.5933 1.5972
NaN NaN NaN NaN NaN NaN NaN NaN 0.72081 0.76572 0.81607 0.88651 0.98655 1.1548 1.4588 1.3346 1.3723 1.3936 1.4163 1.4348 1.4543 1.4663 1.48 1.4891 1.497 1.5055 1.5116 1.52 1.5271 1.5319 1.5358 1.5401 1.5548 1.5686 1.5769 1.5833 1.5876
NaN NaN NaN NaN NaN NaN NaN NaN 0.91808 0.95246 0.99059 1.0443 1.1246 1.233 1.3561 1.2762 1.3496 1.3793 1.4039 1.4244 1.4433 1.4568 1.47 1.4797 1.4878 1.4962 1.5025 1.5102 1.5176 1.522 1.5245 1.5302 1.5431 1.5594 1.5681 1.574 1.579
NaN NaN NaN NaN NaN NaN NaN NaN 0.93556 0.96441 1.008 1.0671 1.1439 1.2238 1.2906 1.2511 1.3276 1.3612 1.3889 1.4115 1.4309 1.4449 1.4583 1.4683 1.4775 1.4857 1.4931 1.5005 1.5071 1.5129 1.5156 1.5221 1.5349 1.5506 1.5589 1.5653 1.5693
NaN NaN NaN NaN NaN NaN NaN NaN 0.96604 0.99359 1.0392 1.0988 1.1599 1.2133 1.2535 1.2412 1.3109 1.3415 1.3708 1.3966 1.4171 1.4327 1.4473 1.4587 1.4696 1.478 1.4857 1.4947 1.502 1.5083 1.5129 1.5213 1.5303 1.5446 1.5517 1.5574 1.561
NaN NaN NaN NaN NaN NaN NaN NaN 0.97391 1.0108 1.0581 1.1106 1.1566 1.1966 1.2314 1.2401 1.2997 1.3296 1.3551 1.3777 1.3973 1.4118 1.4253 1.4354 1.4449 1.4631 1.4684 1.4375 1.4918 1.4994 1.5033 1.514 1.5256 1.5368 1.5443 1.5495 1.5527
NaN NaN NaN NaN NaN NaN NaN NaN 0.9754 1.0312 1.0741 1.1169 1.1529 1.1867 1.221 1.2414 1.2918 1.3209 1.3476 1.3708 1.3907 1.4118 1.4281 1.4444 1.4637 1.4905 1.5085 1.473 1.4914 1.4961 1.5005 1.5122 1.5211 1.533 1.5421 1.5378 1.5485
NaN NaN NaN NaN NaN NaN NaN NaN NaN 1.0675 1.1 1.131 1.1573 1.1863 1.2193 1.2464 1.2888 1.313 1.3388 1.3609 1.3825 1.4049 1.4234 1.4399 1.4583 1.4795 1.4884 1.4585 1.4855 1.4919 1.4965 1.5086 1.5179 1.5291 1.5393 1.5319 1.5434
NaN NaN NaN NaN NaN NaN NaN NaN NaN 1.0908 1.1228 1.1344 1.1518 1.1824 1.2188 1.2512 1.2908 1.3143 1.3356 1.3572 1.3812 1.4039 1.4216 1.4384 1.4548 1.472 1.4781 1.4552 1.4817 1.4891 1.4959 1.5071 1.5162 1.5274 1.536 1.5337 1.5394
NaN NaN NaN NaN NaN NaN NaN NaN NaN NaN 1.1203 1.1252 1.1434 1.1845 1.223 1.2572 1.293 1.3141 1.3346 1.3572 1.3787 1.3998 1.4173 1.432 1.4488 1.4637 1.469 1.4531 1.478 1.4857 1.4948 1.5049 1.5142 1.5238 1.53 1.528 1.5334
NaN NaN NaN NaN NaN NaN NaN NaN NaN NaN NaN 1.1301 1.1486 1.1914 1.2301 1.2624 1.2918 1.3104 1.3324 1.3551 1.3765 1.396 1.4138 1.4284 1.4436 1.4578 1.4628 1.4529 1.4746 1.4827 1.4921 1.5016 1.5099 1.5195 1.5228 1.5215 1.5265
NaN NaN NaN NaN NaN NaN NaN NaN NaN NaN NaN 1.1344 1.156 1.1904 1.2239 1.2536 1.2812 1.2995 1.3217 1.3492 1.3725 1.3906 1.4082 1.4226 1.4371 1.4505 1.4567 1.45 1.4699 1.4781 1.489 1.4974 1.5045 1.5121 1.5152 1.5154 1.5189
NaN NaN NaN NaN NaN NaN NaN NaN NaN NaN NaN NaN 1.1405 1.1853 1.1999 1.2356 1.2685 1.2913 1.3157 1.3426 1.3663 1.384 1.4016 1.4155 1.4309 1.4441 1.4508 1.4484 1.4649 1.4736 1.4846 1.4931 1.5003 1.5059 1.5083 1.5081 1.5094
NaN NaN NaN NaN NaN NaN NaN NaN NaN NaN NaN NaN NaN 1.2067 1.2162 1.2341 1.2716 1.2907 1.3131 1.3392 1.3612 1.3791 1.3962 1.41 1.4237 1.4378 1.4437 1.4446 1.4601 1.4675 1.4801 1.4877 1.4942 1.4987 1.5004 1.5004 1.4994
NaN NaN NaN NaN NaN NaN NaN NaN NaN NaN NaN NaN NaN NaN 1.2245 1.2519 1.2647 1.274 1.299 1.3285 1.3439 1.3684 1.3857 1.4013 1.4177 1.4301 1.4379 1.4417 1.4539 1.4626 1.4753 1.4828 1.4884 1.4916 1.493 1.4919 1.4917
NaN NaN NaN NaN NaN NaN NaN NaN NaN NaN NaN NaN NaN NaN NaN 1.2561 1.2638 1.2583 1.284 1.3174 1.3351 1.3592 1.3762 1.3915 1.4073 1.4215 1.4291 1.4381 1.4413 1.453 1.4694 1.4781 1.4831 1.4851 1.4865 1.4855 1.483
NaN NaN NaN NaN NaN NaN NaN NaN NaN NaN NaN NaN NaN NaN NaN NaN NaN 1.2699 1.2821 1.3023 1.3107 1.3425 1.3593 1.3737 1.3918 1.4141 1.4245 1.4369 1.4411 1.4512 1.4638 1.4726 1.4769 1.478 1.4798 1.4778 1.4748
NaN NaN NaN NaN NaN NaN NaN NaN NaN NaN NaN NaN NaN NaN NaN NaN NaN NaN 1.2802 1.3092 1.2946 1.3277 1.3483 1.3593 1.3727 1.4031 1.4178 1.4212 1.4329 1.4449 1.4581 1.4675 1.4718 1.4717 1.4723 1.4703 1.4669
NaN NaN NaN NaN NaN NaN NaN NaN NaN NaN NaN NaN NaN NaN NaN NaN NaN NaN NaN NaN 1.2861 1.3425 1.3441 1.3359 1.3408 1.3864 1.4054 1.402 1.4226 1.4367 1.4546 1.4632 1.4651 1.4646 1.4639 1.4621 1.46
NaN NaN NaN NaN NaN NaN NaN NaN NaN NaN NaN NaN NaN NaN NaN NaN NaN NaN NaN NaN NaN NaN 1.3524 1.3511 1.3307 1.3667 1.3853 1.3745 1.4075 1.4176 1.4289 1.4537 1.456 1.4542 1.4526 1.451 1.4496
NaN NaN NaN NaN NaN NaN NaN NaN NaN NaN NaN NaN NaN NaN NaN NaN NaN NaN NaN NaN NaN NaN NaN NaN 1.3281 1.3474 1.3396 1.3276 1.3652 1.3857 1.3845 1.4239 1.4364 1.428 1.4332 1.437 1.4284
NaN NaN NaN NaN NaN NaN NaN NaN NaN NaN NaN NaN NaN NaN NaN NaN NaN NaN NaN NaN NaN NaN NaN NaN NaN NaN 1.3255 1.3355 1.3474 1.3703 1.3422 1.3714 1.391 1.3737 1.3996 1.4046 1.4057
NaN NaN NaN NaN NaN NaN NaN NaN NaN NaN NaN NaN NaN NaN NaN NaN NaN NaN NaN NaN NaN NaN NaN NaN NaN NaN NaN NaN 1.318 1.3849 1.3406 1.3469 1.3262 1.2642 1.2327 1.0979 0.49145
NaN NaN NaN NaN NaN NaN NaN NaN NaN NaN NaN NaN NaN NaN NaN NaN NaN NaN NaN NaN NaN NaN NaN NaN NaN NaN NaN NaN NaN NaN 1.3061 1.2776 1.194 1.0177 0.41023 NaN NaN
NaN NaN NaN NaN NaN NaN NaN NaN NaN NaN NaN NaN NaN NaN NaN NaN NaN NaN NaN NaN NaN NaN NaN NaN NaN NaN NaN NaN NaN NaN NaN NaN 0.92946 0.3078 NaN NaN NaN
NaN NaN NaN NaN NaN NaN NaN NaN NaN NaN NaN NaN NaN NaN NaN NaN NaN NaN NaN NaN NaN NaN NaN NaN NaN NaN NaN NaN NaN NaN NaN NaN NaN NaN NaN NaN NaN
NaN NaN NaN NaN NaN NaN NaN NaN NaN NaN NaN NaN NaN NaN NaN NaN NaN NaN NaN NaN NaN NaN NaN NaN NaN NaN NaN NaN NaN NaN NaN NaN NaN NaN NaN NaN NaN
NaN NaN NaN NaN NaN NaN NaN NaN NaN NaN NaN NaN NaN NaN NaN NaN NaN NaN NaN NaN NaN NaN NaN NaN NaN NaN NaN NaN NaN NaN NaN NaN NaN NaN NaN NaN NaN
