NaN NaN NaN NaN NaN NaN NaN NaN NaN NaN 1.5123 1.6429 1.6232 1.6897 1.6902 1.6202 1.5741 1.5651 1.5789 1.6037 1.6298 1.6411 1.6548 1.6702 1.6746 1.6886 1.6945 1.7081 1.7176 1.7252 1.7346 1.7428 1.7575 1.7733 1.7885 1.7967 1.8029
NaN NaN NaN NaN NaN NaN NaN NaN NaN NaN NaN NaN NaN NaN 1.6421 1.5823 1.5426 1.5435 1.5659 1.5917 1.6173 1.6325 1.6494 1.6648 1.6703 1.6838 1.6905 1.703 1.7126 1.7193 1.7288 1.7348 1.7497 1.7679 1.781 1.7891 1.795
NaN NaN NaN NaN NaN NaN NaN NaN 0.38429 0.35227 0.33113 0.30413 0.27014 0.23889 1.6515 1.5341 1.5233 1.5313 1.5571 1.5831 1.608 1.6253 1.6433 1.6566 1.6664 1.6782 1.6854 1.6974 1.7073 1.7134 1.7209 1.7259 1.7422 1.761 1.7725 1.7807 1.7858
NaN NaN NaN NaN NaN NaN NaN NaN 0.72387 0.77234 0.82826 0.90742 1.0218 1.2164 1.5775 1.443 1.4966 1.5187 1.5471 1.5721 1.5983 1.6153 1.6347 1.6482 1.6596 1.6718 1.6802 1.6915 1.7012 1.7081 1.7141 1.7198 1.7371 1.7529 1.7629 1.7707 1.7762
NaN NaN NaN NaN NaN NaN NaN NaN 0.94086 0.97985 1.0243 1.0874 1.1825 1.3132 1.4673 1.3768 1.4702 1.502 1.5326 1.5597 1.5854 1.6045 1.624 1.6386 1.6509 1.6632 1.672 1.6827 1.6926 1.699 1.7031 1.7101 1.7251 1.7438 1.754 1.7613 1.7676
NaN NaN NaN NaN NaN NaN NaN NaN 0.96949 1.0031 1.0534 1.1225 1.2132 1.31 1.3942 1.3481 1.445 1.4819 1.5158 1.545 1.5713 1.5914 1.6113 1.6267 1.6405 1.6528 1.663 1.6732 1.6821 1.6899 1.694 1.7018 1.7168 1.7349 1.7446 1.7525 1.7577
NaN NaN NaN NaN NaN NaN NaN NaN 1.0076 1.0399 1.0927 1.1622 1.2348 1.3004 1.3512 1.3373 1.4257 1.4603 1.4958 1.5282 1.5554 1.5774 1.5987 1.6157 1.6317 1.6442 1.655 1.6669 1.6766 1.685 1.6911 1.7012 1.712 1.7287 1.7369 1.7439 1.7486
NaN NaN NaN NaN NaN NaN NaN NaN 1.021 1.0633 1.118 1.1794 1.2344 1.2833 1.3256 1.3367 1.4128 1.4475 1.4793 1.5085 1.535 1.556 1.5763 1.5923 1.6069 1.6296 1.6367 1.6054 1.6669 1.6749 1.6803 1.6931 1.7068 1.72 1.7286 1.7349 1.7391
NaN NaN NaN NaN NaN NaN NaN NaN 1.0281 1.0884 1.1383 1.1885 1.2314 1.2719 1.3128 1.3383 1.4028 1.4366 1.4694 1.4988 1.525 1.5523 1.5748 1.5968 1.6215 1.6541 1.6766 1.6414 1.6668 1.6712 1.6766 1.6907 1.7013 1.7152 1.7254 1.7212 1.734
NaN NaN NaN NaN NaN NaN NaN NaN NaN 1.129 1.1674 1.2042 1.2356 1.2702 1.3095 1.3438 1.3986 1.4268 1.4585 1.4869 1.5148 1.5436 1.5684 1.5911 1.6158 1.6432 1.6557 1.6248 1.6597 1.6661 1.6716 1.6859 1.6968 1.7098 1.7213 1.7137 1.7278
NaN NaN NaN NaN NaN NaN NaN NaN NaN 1.1568 1.1934 1.2083 1.2291 1.2653 1.308 1.3487 1.3994 1.4268 1.4528 1.4799 1.5113 1.5408 1.5648 1.5881 1.6109 1.634 1.6428 1.6191 1.6539 1.6617 1.6696 1.683 1.6935 1.7066 1.7165 1.7146 1.7224
NaN NaN NaN NaN NaN NaN NaN NaN NaN NaN 1.1916 1.1984 1.2193 1.2667 1.3119 1.3547 1.4008 1.4253 1.4495 1.478 1.507 1.5351 1.5589 1.5799 1.6032 1.6236 1.631 1.6148 1.6479 1.6565 1.6672 1.6795 1.6906 1.702 1.7093 1.7075 1.7149
NaN NaN NaN NaN NaN NaN NaN NaN NaN NaN NaN 1.2018 1.2237 1.2736 1.3192 1.3604 1.3989 1.4201 1.4458 1.4742 1.5032 1.5297 1.5538 1.5747 1.5962 1.6155 1.6224 1.613 1.6424 1.6518 1.6634 1.6752 1.6854 1.6968 1.7008 1.6997 1.7067
NaN NaN NaN NaN NaN NaN NaN NaN NaN NaN NaN 1.2069 1.2321 1.2734 1.3138 1.3518 1.3874 1.408 1.433 1.4664 1.4976 1.5228 1.5468 1.5673 1.5879 1.6062 1.6144 1.6087 1.6357 1.6457 1.6594 1.6702 1.679 1.6883 1.6921 1.6927 1.6979
NaN NaN NaN NaN NaN NaN NaN NaN NaN NaN NaN NaN 1.2202 1.2716 1.2893 1.3329 1.3732 1.3979 1.4255 1.4579 1.4895 1.5147 1.5388 1.5586 1.5801 1.598 1.6068 1.6061 1.629 1.6399 1.654 1.665 1.6741 1.6812 1.6843 1.6846 1.6874
NaN NaN NaN NaN NaN NaN NaN NaN NaN NaN NaN NaN NaN 1.2937 1.3059 1.3296 1.3749 1.3957 1.4219 1.4536 1.4828 1.5083 1.5322 1.552 1.5715 1.5902 1.5982 1.6015 1.6228 1.6325 1.6487 1.6588 1.6674 1.6733 1.6757 1.6764 1.6765
NaN NaN NaN NaN NaN NaN NaN NaN NaN NaN NaN NaN NaN NaN 1.3156 1.3495 1.3674 1.3777 1.4069 1.4427 1.4631 1.4959 1.5202 1.5418 1.5641 1.5809 1.5913 1.5979 1.6152 1.6265 1.6431 1.6533 1.6611 1.6656 1.6676 1.6672 1.668
NaN NaN NaN NaN NaN NaN NaN NaN NaN NaN NaN NaN NaN NaN NaN 1.3548 1.3667 1.3611 1.3912 1.4311 1.453 1.4855 1.5094 1.5309 1.5525 1.5712 1.5814 1.5939 1.6009 1.6157 1.6364 1.6479 1.6551 1.6584 1.6606 1.6603 1.6584
NaN NaN NaN NaN NaN NaN NaN NaN NaN NaN NaN NaN NaN NaN NaN NaN NaN 1.3744 1.3904 1.4163 1.4269 1.4677 1.491 1.5111 1.5348 1.5623 1.5754 1.5922 1.6 1.6137 1.6302 1.642 1.6484 1.6507 1.6534 1.652 1.6495
NaN NaN NaN NaN NaN NaN NaN NaN NaN NaN NaN NaN NaN NaN NaN NaN NaN NaN 1.3909 1.427 1.41 1.4511 1.4789 1.4951 1.5132 1.5499 1.5681 1.5754 1.5911 1.6067 1.6239 1.6365 1.6429 1.6439 1.6454 1.6439 1.6408
NaN NaN NaN NaN NaN NaN NaN NaN NaN NaN NaN NaN NaN NaN NaN NaN NaN NaN NaN NaN 1.4022 1.4705 1.4758 1.4701 1.4772 1.5312 1.5546 1.5541 1.5798 1.5974 1.6201 1.6318 1.6357 1.6363 1.6364 1.635 1.6331
NaN NaN NaN NaN NaN NaN NaN NaN NaN NaN NaN NaN NaN NaN NaN NaN NaN NaN NaN NaN NaN NaN 1.4803 1.4864 1.4657 1.5105 1.5333 1.5238 1.5636 1.5765 1.5917 1.6215 1.6256 1.625 1.6241 1.6227 1.6214
NaN NaN NaN NaN NaN NaN NaN NaN NaN NaN NaN NaN NaN NaN NaN NaN NaN NaN NaN NaN NaN NaN NaN NaN 1.4551 1.4915 1.4873 1.4748 1.519 1.5427 1.5427 1.5888 1.6039 1.5963 1.6029 1.6071 1.5973
NaN NaN NaN NaN NaN NaN NaN NaN NaN NaN NaN NaN NaN NaN NaN NaN NaN NaN NaN NaN NaN NaN NaN NaN NaN NaN 1.4612 1.4838 1.5011 1.5281 1.4991 1.5332 1.5547 1.536 1.5655 1.5698 1.5712
NaN NaN NaN NaN NaN NaN NaN NaN NaN NaN NaN NaN NaN NaN NaN NaN NaN NaN NaN NaN NaN NaN NaN NaN NaN NaN NaN NaN 1.451 1.5364 1.501 1.5118 1.4907 1.4246 1.3966 1.2584 0.63695
NaN NaN NaN NaN NaN NaN NaN NaN NaN NaN NaN NaN NaN NaN NaN NaN NaN NaN NaN NaN NaN NaN NaN NaN NaN NaN NaN NaN NaN NaN 1.4083 1.4404 1.3567 1.1712 0.53428 NaN NaN
NaN NaN NaN NaN NaN NaN NaN NaN NaN NaN NaN NaN NaN NaN NaN NaN NaN NaN NaN NaN NaN NaN NaN NaN NaN NaN NaN NaN NaN NaN NaN NaN 1.0604 0.40076 NaN NaN NaN
NaN NaN NaN NaN NaN NaN NaN NaN NaN NaN NaN NaN NaN NaN NaN NaN NaN NaN NaN NaN NaN NaN NaN NaN NaN NaN NaN NaN NaN NaN NaN NaN NaN NaN NaN NaN NaN
NaN NaN NaN NaN NaN NaN NaN NaN NaN NaN NaN NaN NaN NaN NaN NaN NaN NaN NaN NaN NaN NaN NaN NaN NaN NaN NaN NaN NaN NaN NaN NaN NaN NaN NaN NaN NaN
NaN NaN NaN NaN NaN NaN NaN NaN NaN NaN NaN NaN NaN NaN NaN NaN NaN NaN NaN NaN NaN NaN NaN NaN NaN NaN NaN NaN NaN NaN NaN NaN NaN NaN NaN NaN NaN
