NaN NaN NaN NaN NaN NaN NaN NaN NaN NaN 1.5939 1.8577 1.8932 2.027 2.0486 2.0121 1.9572 1.9492 1.9779 2.0225 2.0698 2.092 2.1168 2.1417 2.1498 2.1731 2.1837 2.2062 2.2237 2.2406 2.2601 2.277 2.3017 2.3252 2.3479 2.3612 2.3726
NaN NaN NaN NaN NaN NaN NaN NaN NaN NaN NaN NaN NaN NaN 1.8183 1.8831 1.8857 1.8871 1.9307 1.983 2.0347 2.0661 2.099 2.1279 2.1406 2.1647 2.1767 2.1982 2.2159 2.2316 2.251 2.264 2.2882 2.3141 2.3339 2.3473 2.3585
NaN NaN NaN NaN NaN NaN NaN NaN 0.28382 0.25592 0.23531 0.21004 0.17902 0.14757 1.8283 1.7724 1.828 1.84 1.8907 1.9468 2.0016 2.0404 2.0794 2.1095 2.131 2.1547 2.1686 2.1904 2.2089 2.2233 2.2397 2.2507 2.276 2.3024 2.3198 2.3334 2.3435
NaN NaN NaN NaN NaN NaN NaN NaN 0.62062 0.67522 0.7423 0.84027 0.98854 1.2472 1.7551 1.6429 1.7747 1.8018 1.8571 1.9126 1.9707 2.0124 2.0567 2.0902 2.1168 2.1426 2.16 2.1818 2.2004 2.2155 2.2297 2.2416 2.2679 2.2901 2.3052 2.3184 2.3291
NaN NaN NaN NaN NaN NaN NaN NaN 0.8655 0.91527 0.97589 1.064 1.1992 1.3923 1.6371 1.5522 1.7281 1.7668 1.8243 1.8813 1.9389 1.9853 2.0327 2.0699 2.1004 2.1285 2.1482 2.1701 2.1894 2.2037 2.215 2.2277 2.2501 2.2758 2.2908 2.3035 2.3153
NaN NaN NaN NaN NaN NaN NaN NaN 0.92735 0.97327 1.0412 1.1369 1.2658 1.4118 1.5496 1.5092 1.6857 1.7327 1.7925 1.8509 1.9086 1.9576 2.007 2.0468 2.0815 2.1111 2.1338 2.1555 2.1737 2.1897 2.2001 2.2139 2.2363 2.2618 2.2761 2.2897 2.3
NaN NaN NaN NaN NaN NaN NaN NaN 0.98548 1.0302 1.1022 1.199 1.3046 1.407 1.4918 1.4916 1.6525 1.6997 1.7595 1.8197 1.8771 1.9284 1.98 2.0229 2.0616 2.0921 2.1165 2.1409 2.1607 2.1779 2.1911 2.2084 2.2262 2.2506 2.2627 2.275 2.2844
NaN NaN NaN NaN NaN NaN NaN NaN 1.0154 1.0714 1.1461 1.2326 1.314 1.39 1.4568 1.4891 1.6285 1.6786 1.7349 1.7911 1.8473 1.898 1.9494 1.9925 2.0304 2.0728 2.0897 2.0601 2.1475 2.1585 2.1709 2.1925 2.214 2.2344 2.2472 2.2584 2.2671
NaN NaN NaN NaN NaN NaN NaN NaN 1.0408 1.1097 1.179 1.2504 1.3135 1.3749 1.4368 1.4892 1.608 1.6577 1.7133 1.7673 1.8196 1.8752 1.926 1.9738 2.0219 2.0769 2.1178 2.0905 2.1441 2.1488 2.1599 2.183 2.2003 2.2219 2.2368 2.2348 2.2558
NaN NaN NaN NaN NaN NaN NaN NaN NaN 1.1598 1.215 1.2693 1.3159 1.3679 1.428 1.4939 1.5969 1.6408 1.6946 1.7452 1.7976 1.854 1.907 1.957 2.0077 2.0603 2.0897 2.0623 2.1276 2.1365 2.1471 2.1701 2.1871 2.2074 2.2242 2.2182 2.2428
NaN NaN NaN NaN NaN NaN NaN NaN NaN 1.1993 1.249 1.2746 1.3063 1.3596 1.4232 1.4973 1.5905 1.634 1.6802 1.7274 1.7827 1.8395 1.8912 1.9428 1.9926 2.0408 2.0641 2.0429 2.1092 2.1219 2.1359 2.158 2.1745 2.195 2.2106 2.212 2.2294
NaN NaN NaN NaN NaN NaN NaN NaN NaN NaN 1.2503 1.2641 1.2929 1.3582 1.4251 1.502 1.5867 1.6267 1.6691 1.7176 1.7698 1.8243 1.8754 1.9241 1.9749 2.019 2.0392 2.0266 2.0903 2.1057 2.1246 2.1459 2.164 2.1829 2.196 2.1971 2.2136
NaN NaN NaN NaN NaN NaN NaN NaN NaN NaN NaN 1.2615 1.2932 1.3637 1.4322 1.5079 1.5809 1.6161 1.6591 1.7069 1.7583 1.8101 1.861 1.9091 1.9576 1.9996 2.0187 2.0147 2.0728 2.0907 2.1123 2.1341 2.1517 2.1709 2.1799 2.182 2.1978
NaN NaN NaN NaN NaN NaN NaN NaN NaN NaN NaN 1.2683 1.3041 1.3667 1.4307 1.5011 1.5672 1.6002 1.64 1.6929 1.7469 1.7963 1.8463 1.8933 1.9401 1.9801 2.0005 2.0016 2.0551 2.0749 2.1007 2.1218 2.1384 2.1551 2.1637 2.1685 2.1819
NaN NaN NaN NaN NaN NaN NaN NaN NaN NaN NaN NaN 1.309 1.3791 1.4095 1.4818 1.549 1.5848 1.6262 1.679 1.7338 1.7819 1.8314 1.8766 1.9238 1.9626 1.9838 1.9918 2.0387 2.0604 2.0878 2.1097 2.1273 2.1418 2.1501 2.155 2.1651
NaN NaN NaN NaN NaN NaN NaN NaN NaN NaN NaN NaN NaN 1.4013 1.4253 1.4732 1.5457 1.5762 1.6162 1.6694 1.7221 1.7702 1.819 1.8636 1.9077 1.9471 1.9673 1.981 2.0243 2.0451 2.0761 2.0972 2.1151 2.1284 2.1362 2.1419 2.1486
NaN NaN NaN NaN NaN NaN NaN NaN NaN NaN NaN NaN NaN NaN 1.4391 1.4975 1.5375 1.5523 1.5971 1.6575 1.6969 1.7536 1.8013 1.8471 1.8938 1.9302 1.9537 1.9722 2.0089 2.0321 2.0644 2.0861 2.1035 2.1152 2.1228 2.1274 2.1349
NaN NaN NaN NaN NaN NaN NaN NaN NaN NaN NaN NaN NaN NaN NaN 1.5075 1.5364 1.5329 1.5771 1.6415 1.6798 1.7391 1.7858 1.8312 1.8762 1.9145 1.9378 1.9642 1.9862 2.0147 2.0519 2.0752 2.0923 2.1027 2.1109 2.116 2.12
NaN NaN NaN NaN NaN NaN NaN NaN NaN NaN NaN NaN NaN NaN NaN NaN NaN 1.5494 1.5791 1.6254 1.6454 1.7185 1.7634 1.805 1.8504 1.898 1.9244 1.9576 1.9798 2.0087 2.0409 2.0646 2.0807 2.0901 2.0995 2.1033 2.1064
NaN NaN NaN NaN NaN NaN NaN NaN NaN NaN NaN NaN NaN NaN NaN NaN NaN NaN 1.5865 1.6464 1.6248 1.6987 1.7479 1.7839 1.8205 1.8796 1.9126 1.9354 1.9664 1.9969 2.0299 2.0548 2.0711 2.0791 2.0873 2.0911 2.0928
NaN NaN NaN NaN NaN NaN NaN NaN NaN NaN NaN NaN NaN NaN NaN NaN NaN NaN NaN NaN 1.6141 1.7253 1.7511 1.7554 1.7728 1.8538 1.8937 1.9062 1.9502 1.9814 2.0219 2.0462 2.0596 2.0674 2.074 2.0778 2.0804
NaN NaN NaN NaN NaN NaN NaN NaN NaN NaN NaN NaN NaN NaN NaN NaN NaN NaN NaN NaN NaN NaN 1.7061 1.7518 1.7569 1.8281 1.8665 1.8658 1.9296 1.9536 1.9842 2.0314 2.0444 2.0514 2.0569 2.0602 2.0625
NaN NaN NaN NaN NaN NaN NaN NaN NaN NaN NaN NaN NaN NaN NaN NaN NaN NaN NaN NaN NaN NaN NaN NaN 1.6834 1.8017 1.824 1.8137 1.8788 1.9133 1.9208 1.9892 2.0143 2.0135 2.0294 2.0381 2.0284
NaN NaN NaN NaN NaN NaN NaN NaN NaN NaN NaN NaN NaN NaN NaN NaN NaN NaN NaN NaN NaN NaN NaN NaN NaN NaN 1.7305 1.8076 1.8576 1.9034 1.8738 1.9266 1.9542 1.9359 1.9803 1.985 1.9899
NaN NaN NaN NaN NaN NaN NaN NaN NaN NaN NaN NaN NaN NaN NaN NaN NaN NaN NaN NaN NaN NaN NaN NaN NaN NaN NaN NaN 1.6869 1.8168 1.8588 1.8994 1.898 1.8307 1.8268 1.7041 1.1126
NaN NaN NaN NaN NaN NaN NaN NaN NaN NaN NaN NaN NaN NaN NaN NaN NaN NaN NaN NaN NaN NaN NaN NaN NaN NaN NaN NaN NaN NaN 1.5678 1.7999 1.773 1.5905 0.9385 NaN NaN
NaN NaN NaN NaN NaN NaN NaN NaN NaN NaN NaN NaN NaN NaN NaN NaN NaN NaN NaN NaN NaN NaN NaN NaN NaN NaN NaN NaN NaN NaN NaN NaN 1.3872 0.70253 NaN NaN NaN
NaN NaN NaN NaN NaN NaN NaN NaN NaN NaN NaN NaN NaN NaN NaN NaN NaN NaN NaN NaN NaN NaN NaN NaN NaN NaN NaN NaN NaN NaN NaN NaN NaN NaN NaN NaN NaN
NaN NaN NaN NaN NaN NaN NaN NaN NaN NaN NaN NaN NaN NaN NaN NaN NaN NaN NaN NaN NaN NaN NaN NaN NaN NaN NaN NaN NaN NaN NaN NaN NaN NaN NaN NaN NaN
NaN NaN NaN NaN NaN NaN NaN NaN NaN NaN NaN NaN NaN NaN NaN NaN NaN NaN NaN NaN NaN NaN NaN NaN NaN NaN NaN NaN NaN NaN NaN NaN NaN NaN NaN NaN NaN
