NaN NaN NaN NaN NaN NaN NaN NaN NaN NaN 1.8386 2.1001 2.1747 2.3787 2.468 2.6065 2.734 2.7383 2.7846 2.8501 2.9185 2.9513 2.9868 3.0233 3.0352 3.0675 3.0825 3.1144 3.139 3.1619 3.1882 3.2108 3.2448 3.2781 3.3105 3.3294 3.3453
NaN NaN NaN NaN NaN NaN NaN NaN NaN NaN NaN NaN NaN NaN 2.1596 2.323 2.621 2.6497 2.7193 2.7959 2.8708 2.9167 2.9636 3.0055 3.0234 3.057 3.0741 3.1047 3.1296 3.1508 3.1771 3.1944 3.2279 3.2648 3.2932 3.3123 3.328
NaN NaN NaN NaN NaN NaN NaN NaN 0.39176 0.35178 0.32095 0.2836 0.23826 0.19235 2.1501 2.1999 2.5409 2.5848 2.6647 2.747 2.8261 2.8826 2.9379 2.9809 3.0113 3.0442 3.064 3.0949 3.1211 3.1406 3.1629 3.1774 3.2126 3.2505 3.2757 3.2952 3.3095
NaN NaN NaN NaN NaN NaN NaN NaN 0.83264 0.89986 0.98153 1.1004 1.2773 1.5808 2.1545 2.1531 2.4709 2.5341 2.6196 2.7009 2.7848 2.845 2.9078 2.9552 2.9927 3.0286 3.0533 3.084 3.1104 3.1312 3.1505 3.1663 3.2031 3.2355 3.2574 3.2764 3.2915
NaN NaN NaN NaN NaN NaN NaN NaN 1.1675 1.2303 1.3058 1.4143 1.5796 1.8125 2.1037 2.0983 2.4116 2.4888 2.5761 2.6593 2.7423 2.8089 2.8756 2.9282 2.9711 3.0101 3.0378 3.0688 3.0963 3.1162 3.1313 3.1486 3.1802 3.2174 3.2395 3.2577 3.2744
NaN NaN NaN NaN NaN NaN NaN NaN 1.2599 1.3191 1.4062 1.5278 1.6913 1.8752 2.0536 2.0771 2.3586 2.4447 2.5345 2.6191 2.7019 2.7719 2.8412 2.8974 2.9458 2.9868 3.0189 3.0497 3.0757 3.0981 3.1123 3.1311 3.1627 3.1997 3.2209 3.2404 3.2552
NaN NaN NaN NaN NaN NaN NaN NaN 1.3505 1.4094 1.5032 1.6291 1.7666 1.9003 2.0202 2.0749 2.3188 2.4016 2.4909 2.5779 2.66 2.7329 2.8053 2.8654 2.9196 2.962 2.9963 3.0309 3.0591 3.0834 3.1014 3.1254 3.1503 3.1857 3.204 3.2218 3.2354
NaN NaN NaN NaN NaN NaN NaN NaN 1.4014 1.4762 1.575 1.6894 1.7983 1.9019 2.0032 2.0861 2.2918 2.3757 2.4591 2.54 2.62 2.6916 2.7635 2.8237 2.8765 2.9382 2.9656 2.9109 3.0399 3.0579 3.075 3.1049 3.1353 3.1649 3.1841 3.2005 3.2131
NaN NaN NaN NaN NaN NaN NaN NaN 1.4432 1.538 1.6307 1.727 1.8142 1.9012 1.9975 2.0964 2.269 2.3498 2.4317 2.5092 2.5838 2.6628 2.734 2.8009 2.8685 2.9479 3.0082 2.9575 3.0354 3.0453 3.061 3.0933 3.1178 3.1492 3.1719 3.1689 3.199
NaN NaN NaN NaN NaN NaN NaN NaN NaN 1.6153 1.6915 1.766 1.8327 1.9082 2.0016 2.111 2.2587 2.329 2.4077 2.4805 2.5553 2.6356 2.7098 2.7795 2.8503 2.9254 2.9693 2.9209 3.0133 3.0292 3.0445 3.077 3.1013 3.1307 3.1565 3.1472 3.1823
NaN NaN NaN NaN NaN NaN NaN NaN NaN 1.6722 1.7433 1.7844 1.8319 1.9093 2.0069 2.1223 2.2548 2.3227 2.39 2.458 2.5372 2.6178 2.6901 2.7618 2.8309 2.8995 2.935 2.8969 2.9893 3.0102 3.0306 3.0618 3.0855 3.1153 3.1391 3.1405 3.1651
NaN NaN NaN NaN NaN NaN NaN NaN NaN NaN 1.7483 1.7788 1.824 1.9179 2.0189 2.1346 2.2539 2.3153 2.3769 2.4469 2.5216 2.5989 2.6702 2.7375 2.8078 2.8706 2.9018 2.877 2.9649 2.9893 3.0165 3.0466 3.0725 3.1 3.1199 3.1213 3.1447
NaN NaN NaN NaN NaN NaN NaN NaN NaN NaN NaN 1.784 1.8344 1.9342 2.0363 2.1474 2.2493 2.3027 2.3653 2.4344 2.5079 2.5812 2.6523 2.7186 2.7855 2.8453 2.8748 2.8631 2.9425 2.97 3.001 3.0315 3.0567 3.0846 3.0988 3.1018 3.124
NaN NaN NaN NaN NaN NaN NaN NaN NaN NaN NaN 1.7897 1.8559 1.9442 2.0386 2.1409 2.2328 2.2824 2.3404 2.4167 2.4939 2.5637 2.6337 2.6983 2.7629 2.8198 2.851 2.8472 2.9199 2.9495 2.9864 3.016 3.0396 3.0638 3.0774 3.0843 3.1032
NaN NaN NaN NaN NaN NaN NaN NaN NaN NaN NaN NaN 1.8299 1.9334 2.0106 2.116 2.2099 2.263 2.3229 2.3988 2.4773 2.5455 2.6147 2.6769 2.7419 2.797 2.8291 2.8357 2.8991 2.931 2.9698 3.0005 3.0254 3.0465 3.0595 3.0666 3.0809
NaN NaN NaN NaN NaN NaN NaN NaN NaN NaN NaN NaN NaN 1.9209 1.9906 2.1092 2.2088 2.2533 2.3108 2.387 2.4626 2.5309 2.5991 2.6604 2.7211 2.777 2.8074 2.8225 2.8808 2.911 2.9549 2.9845 3.0097 3.0289 3.041 3.0494 3.0589
NaN NaN NaN NaN NaN NaN NaN NaN NaN NaN NaN NaN NaN NaN 1.9501 2.0709 2.2008 2.2249 2.2861 2.3715 2.4277 2.5088 2.5757 2.6389 2.7034 2.755 2.7897 2.8122 2.8613 2.8945 2.9401 2.9704 2.9947 3.0116 3.0234 3.0301 3.0408
NaN NaN NaN NaN NaN NaN NaN NaN NaN NaN NaN NaN NaN NaN NaN 2.0052 2.1091 2.2012 2.2642 2.3506 2.405 2.4895 2.5554 2.618 2.6802 2.7346 2.7687 2.8034 2.8308 2.8712 2.9239 2.9566 2.9804 2.9953 3.0078 3.0153 3.0209
NaN NaN NaN NaN NaN NaN NaN NaN NaN NaN NaN NaN NaN NaN NaN NaN NaN 2.1214 2.2521 2.3319 2.3613 2.4618 2.5249 2.5819 2.6448 2.7132 2.7517 2.7961 2.8238 2.8643 2.9098 2.9431 2.9656 2.9789 2.9928 2.9985 3.0028
NaN NaN NaN NaN NaN NaN NaN NaN NaN NaN NaN NaN NaN NaN NaN NaN NaN NaN 2.1035 2.2112 2.3191 2.4341 2.5039 2.5525 2.6031 2.6887 2.7371 2.7651 2.8065 2.8491 2.8957 2.9309 2.9533 2.9646 2.9767 2.9822 2.9848
NaN NaN NaN NaN NaN NaN NaN NaN NaN NaN NaN NaN NaN NaN NaN NaN NaN NaN NaN NaN 2.1264 2.2709 2.4474 2.5062 2.5348 2.654 2.7121 2.7243 2.7847 2.8288 2.886 2.9203 2.9385 2.9492 2.9588 2.9644 2.9683
NaN NaN NaN NaN NaN NaN NaN NaN NaN NaN NaN NaN NaN NaN NaN NaN NaN NaN NaN NaN NaN NaN 2.0887 2.181 2.3758 2.6104 2.6725 2.667 2.7569 2.7909 2.8332 2.9007 2.9185 2.9278 2.9356 2.9406 2.9443
NaN NaN NaN NaN NaN NaN NaN NaN NaN NaN NaN NaN NaN NaN NaN NaN NaN NaN NaN NaN NaN NaN NaN NaN 2.0432 2.3321 2.5725 2.5839 2.6813 2.7332 2.742 2.8415 2.8779 2.8743 2.8973 2.911 2.8978
NaN NaN NaN NaN NaN NaN NaN NaN NaN NaN NaN NaN NaN NaN NaN NaN NaN NaN NaN NaN NaN NaN NaN NaN NaN NaN 2.2107 2.3208 2.55 2.6971 2.6383 2.7464 2.7921 2.7636 2.8295 2.839 2.8457
NaN NaN NaN NaN NaN NaN NaN NaN NaN NaN NaN NaN NaN NaN NaN NaN NaN NaN NaN NaN NaN NaN NaN NaN NaN NaN NaN NaN 2.0406 2.1735 2.3126 2.4311 2.6391 2.6007 2.6 2.4198 1.546
NaN NaN NaN NaN NaN NaN NaN NaN NaN NaN NaN NaN NaN NaN NaN NaN NaN NaN NaN NaN NaN NaN NaN NaN NaN NaN NaN NaN NaN NaN 1.752 2.1551 2.3757 2.2379 1.2965 NaN NaN
NaN NaN NaN NaN NaN NaN NaN NaN NaN NaN NaN NaN NaN NaN NaN NaN NaN NaN NaN NaN NaN NaN NaN NaN NaN NaN NaN NaN NaN NaN NaN NaN 1.8501 0.95885 NaN NaN NaN
NaN NaN NaN NaN NaN NaN NaN NaN NaN NaN NaN NaN NaN NaN NaN NaN NaN NaN NaN NaN NaN NaN NaN NaN NaN NaN NaN NaN NaN NaN NaN NaN NaN NaN NaN NaN NaN
NaN NaN NaN NaN NaN NaN NaN NaN NaN NaN NaN NaN NaN NaN NaN NaN NaN NaN NaN NaN NaN NaN NaN NaN NaN NaN NaN NaN NaN NaN NaN NaN NaN NaN NaN NaN NaN
NaN NaN NaN NaN NaN NaN NaN NaN NaN NaN NaN NaN NaN NaN NaN NaN NaN NaN NaN NaN NaN NaN NaN NaN NaN NaN NaN NaN NaN NaN NaN NaN NaN NaN NaN NaN NaN
