NaN NaN NaN NaN NaN NaN NaN NaN NaN NaN 1.7557 2.0029 2.0564 2.2223 2.2701 2.3082 2.3005 2.2984 2.3351 2.3885 2.4449 2.4717 2.501 2.5311 2.5407 2.5676 2.58 2.6065 2.627 2.6463 2.6685 2.6875 2.716 2.7437 2.7706 2.7863 2.7995
NaN NaN NaN NaN NaN NaN NaN NaN NaN NaN NaN NaN NaN NaN 2.0212 2.1139 2.2115 2.2255 2.281 2.3436 2.4053 2.4431 2.4819 2.5165 2.5312 2.5591 2.5731 2.5986 2.6194 2.6372 2.6593 2.6739 2.7019 2.7326 2.7561 2.7719 2.785
NaN NaN NaN NaN NaN NaN NaN NaN 0.34421 0.31043 0.28535 0.25475 0.2174 0.18016 2.0183 1.9948 2.1443 2.1716 2.2354 2.3028 2.3681 2.4147 2.4606 2.4962 2.5214 2.5487 2.5651 2.5907 2.6125 2.6289 2.6476 2.6598 2.6893 2.7206 2.7414 2.7576 2.7695
NaN NaN NaN NaN NaN NaN NaN NaN 0.736 0.79832 0.87486 0.9856 1.1499 1.4318 1.9697 1.886 2.0847 2.1289 2.1977 2.2643 2.3336 2.3834 2.4356 2.475 2.5062 2.5359 2.5563 2.5819 2.6039 2.6213 2.6375 2.6507 2.6814 2.7081 2.7262 2.7419 2.7545
NaN NaN NaN NaN NaN NaN NaN NaN 1.0255 1.082 1.1506 1.2489 1.398 1.6073 1.8671 1.804 2.0337 2.0904 2.1611 2.2294 2.2981 2.3532 2.4088 2.4527 2.4883 2.5208 2.5438 2.5695 2.5924 2.6089 2.6216 2.6361 2.6623 2.693 2.7112 2.7263 2.7402
NaN NaN NaN NaN NaN NaN NaN NaN 1.0997 1.1517 1.2287 1.336 1.4791 1.6389 1.7893 1.7688 1.9878 2.053 2.126 2.1956 2.2642 2.3223 2.3802 2.427 2.4674 2.5016 2.5283 2.5538 2.5754 2.5941 2.6059 2.6216 2.6478 2.6783 2.6957 2.7118 2.7241
NaN NaN NaN NaN NaN NaN NaN NaN 1.1711 1.2221 1.3036 1.4125 1.5305 1.6437 1.7399 1.7582 1.9531 2.0166 2.0892 2.1609 2.229 2.2897 2.3502 2.4004 2.4456 2.481 2.5096 2.5383 2.5617 2.5819 2.597 2.6169 2.6375 2.6668 2.6817 2.6964 2.7076
NaN NaN NaN NaN NaN NaN NaN NaN 1.2092 1.2733 1.3582 1.4559 1.5476 1.6332 1.7123 1.7626 1.9291 1.9944 2.0623 2.129 2.1955 2.2552 2.3154 2.3658 2.41 2.4614 2.4839 2.4385 2.5462 2.5608 2.575 2.5999 2.625 2.6495 2.6652 2.6786 2.6891
NaN NaN NaN NaN NaN NaN NaN NaN 1.2407 1.3209 1.3999 1.4811 1.5532 1.6238 1.6988 1.7681 1.9088 1.9723 2.0391 2.1031 2.165 2.2309 2.2905 2.3465 2.403 2.469 2.5192 2.4775 2.5427 2.5506 2.5635 2.5903 2.6105 2.6364 2.6551 2.6523 2.6774
NaN NaN NaN NaN NaN NaN NaN NaN NaN 1.3829 1.4461 1.5082 1.5624 1.6233 1.6964 1.7782 1.8993 1.9546 2.0189 2.079 2.1411 2.208 2.2701 2.3285 2.3877 2.4504 2.487 2.4471 2.5244 2.5373 2.5499 2.5768 2.5968 2.621 2.6422 2.6343 2.6636
NaN NaN NaN NaN NaN NaN NaN NaN NaN 1.4316 1.489 1.5191 1.557 1.6196 1.6968 1.7861 1.8951 1.9491 2.0041 2.06 2.1257 2.193 2.2535 2.3136 2.3715 2.4288 2.4585 2.427 2.5044 2.5216 2.5384 2.5642 2.5836 2.6082 2.6277 2.6288 2.6493
NaN NaN NaN NaN NaN NaN NaN NaN NaN NaN 1.4936 1.5107 1.5463 1.6233 1.7038 1.7952 1.8936 1.9427 1.9931 2.0506 2.1126 2.177 2.2368 2.2933 2.3522 2.4048 2.4308 2.4104 2.484 2.5041 2.5266 2.5516 2.5728 2.5955 2.6118 2.6128 2.6323
NaN NaN NaN NaN NaN NaN NaN NaN NaN NaN NaN 1.5127 1.5515 1.634 1.7162 1.8049 1.8893 1.9322 1.9834 2.0401 2.101 2.1622 2.2217 2.2774 2.3336 2.3836 2.4083 2.3987 2.4653 2.488 2.5137 2.539 2.5598 2.5827 2.5943 2.5966 2.6152
NaN NaN NaN NaN NaN NaN NaN NaN NaN NaN NaN 1.5239 1.5674 1.6403 1.7167 1.7991 1.8753 1.9153 1.9627 2.0254 2.0893 2.1475 2.2061 2.2605 2.3147 2.3623 2.3884 2.3855 2.4464 2.4709 2.5015 2.5261 2.5455 2.5655 2.5765 2.5821 2.5979
NaN NaN NaN NaN NaN NaN NaN NaN NaN NaN NaN NaN 1.5705 1.6522 1.6924 1.778 1.8559 1.8989 1.948 2.0105 2.0754 2.1323 2.1903 2.2425 2.2971 2.3433 2.3702 2.3758 2.4289 2.4554 2.4877 2.5132 2.5338 2.5512 2.5617 2.5675 2.5794
NaN NaN NaN NaN NaN NaN NaN NaN NaN NaN NaN NaN NaN 1.6754 1.7086 1.7709 1.8544 1.8906 1.9378 2.0007 2.0633 2.1201 2.1772 2.2287 2.2797 2.3266 2.3521 2.3648 2.4136 2.4387 2.4753 2.4999 2.5207 2.5365 2.5465 2.5533 2.5611
NaN NaN NaN NaN NaN NaN NaN NaN NaN NaN NaN NaN NaN NaN 1.7168 1.791 1.8466 1.8642 1.9166 1.9879 2.0342 2.1017 2.1577 2.2107 2.2649 2.3082 2.3373 2.3562 2.3972 2.4249 2.4629 2.4881 2.5082 2.5222 2.5318 2.5373 2.5462
NaN NaN NaN NaN NaN NaN NaN NaN NaN NaN NaN NaN NaN NaN NaN 1.7865 1.8329 1.8452 1.8974 1.9701 2.0152 2.0857 2.1407 2.1933 2.2455 2.2911 2.3198 2.3488 2.3718 2.4055 2.4494 2.4766 2.4963 2.5087 2.5189 2.5251 2.5297
NaN NaN NaN NaN NaN NaN NaN NaN NaN NaN NaN NaN NaN NaN NaN NaN NaN 1.8497 1.9001 1.954 1.9762 2.0621 2.1152 2.1632 2.216 2.2732 2.3054 2.3426 2.3659 2.3997 2.4377 2.4654 2.484 2.495 2.5065 2.5111 2.5147
NaN NaN NaN NaN NaN NaN NaN NaN NaN NaN NaN NaN NaN NaN NaN NaN NaN NaN 1.8724 1.9465 1.954 2.0386 2.0973 2.1385 2.1812 2.2527 2.2931 2.3167 2.3514 2.387 2.4259 2.4551 2.4738 2.4831 2.4931 2.4977 2.4998
NaN NaN NaN NaN NaN NaN NaN NaN NaN NaN NaN NaN NaN NaN NaN NaN NaN NaN NaN NaN 1.8985 2.0187 2.0923 2.1025 2.1241 2.2236 2.272 2.2827 2.3333 2.3701 2.4178 2.4463 2.4614 2.4704 2.4784 2.483 2.4862
NaN NaN NaN NaN NaN NaN NaN NaN NaN NaN NaN NaN NaN NaN NaN NaN NaN NaN NaN NaN NaN NaN 1.9229 1.9845 2.0767 2.1904 2.239 2.235 2.3102 2.3385 2.3738 2.43 2.4448 2.4526 2.4592 2.4632 2.4663
NaN NaN NaN NaN NaN NaN NaN NaN NaN NaN NaN NaN NaN NaN NaN NaN NaN NaN NaN NaN NaN NaN NaN NaN 1.893 2.0858 2.1832 2.1716 2.2484 2.2903 2.2979 2.3807 2.4109 2.4082 2.4274 2.4388 2.4276
NaN NaN NaN NaN NaN NaN NaN NaN NaN NaN NaN NaN NaN NaN NaN NaN NaN NaN NaN NaN NaN NaN NaN NaN NaN NaN 2.0022 2.0873 2.2076 2.2795 2.2364 2.3037 2.3396 2.316 2.371 2.3787 2.3841
NaN NaN NaN NaN NaN NaN NaN NaN NaN NaN NaN NaN NaN NaN NaN NaN NaN NaN NaN NaN NaN NaN NaN NaN NaN NaN NaN NaN 1.8897 2.0105 2.1084 2.1827 2.2587 2.1843 2.1794 2.0284 1.3021
NaN NaN NaN NaN NaN NaN NaN NaN NaN NaN NaN NaN NaN NaN NaN NaN NaN NaN NaN NaN NaN NaN NaN NaN NaN NaN NaN NaN NaN NaN 1.6797 2.0015 2.0851 1.885 1.0951 NaN NaN
NaN NaN NaN NaN NaN NaN NaN NaN NaN NaN NaN NaN NaN NaN NaN NaN NaN NaN NaN NaN NaN NaN NaN NaN NaN NaN NaN NaN NaN NaN NaN NaN 1.6322 0.81675 NaN NaN NaN
NaN NaN NaN NaN NaN NaN NaN NaN NaN NaN NaN NaN NaN NaN NaN NaN NaN NaN NaN NaN NaN NaN NaN NaN NaN NaN NaN NaN NaN NaN NaN NaN NaN NaN NaN NaN NaN
NaN NaN NaN NaN NaN NaN NaN NaN NaN NaN NaN NaN NaN NaN NaN NaN NaN NaN NaN NaN NaN NaN NaN NaN NaN NaN NaN NaN NaN NaN NaN NaN NaN NaN NaN NaN NaN
NaN NaN NaN NaN NaN NaN NaN NaN NaN NaN NaN NaN NaN NaN NaN NaN NaN NaN NaN NaN NaN NaN NaN NaN NaN NaN NaN NaN NaN NaN NaN NaN NaN NaN NaN NaN NaN
