NaN NaN NaN NaN NaN NaN NaN NaN NaN NaN 1.3424 1.4225 1.39 1.4302 1.4272 1.3701 1.3351 1.3308 1.3426 1.3611 1.379 1.3868 1.3958 1.4062 1.4086 1.4178 1.4213 1.4304 1.4363 1.4403 1.4458 1.4512 1.4619 1.4742 1.4856 1.4915 1.4957
NaN NaN NaN NaN NaN NaN NaN NaN NaN NaN NaN NaN NaN NaN 1.4262 1.3549 1.3157 1.3185 1.3357 1.3535 1.3704 1.3805 1.3914 1.4011 1.4039 1.4124 1.4165 1.4246 1.4304 1.4337 1.4395 1.4434 1.4546 1.4688 1.4786 1.4843 1.4882
NaN NaN NaN NaN NaN NaN NaN NaN 0.38551 0.35501 0.33569 0.31043 0.27813 0.249 1.4364 1.3282 1.3068 1.3139 1.3322 1.3491 1.3646 1.3753 1.3861 1.3933 1.3991 1.406 1.4103 1.4178 1.4238 1.4268 1.4312 1.4344 1.4468 1.4615 1.47 1.4758 1.4789
NaN NaN NaN NaN NaN NaN NaN NaN 0.69535 0.73748 0.78423 0.84929 0.94105 1.0946 1.369 1.2556 1.287 1.306 1.3257 1.3413 1.3574 1.3671 1.3782 1.3852 1.3915 1.3986 1.4037 1.4105 1.4164 1.4202 1.4234 1.4274 1.4406 1.4528 1.46 1.4654 1.4689
NaN NaN NaN NaN NaN NaN NaN NaN 0.87919 0.91078 0.94538 0.99394 1.0664 1.1635 1.2719 1.201 1.2657 1.2924 1.3138 1.3312 1.3468 1.3576 1.3681 1.3755 1.3819 1.3887 1.3938 1.4002 1.4063 1.4098 1.4118 1.4171 1.4287 1.4433 1.4508 1.4558 1.46
NaN NaN NaN NaN NaN NaN NaN NaN 0.89182 0.91802 0.95767 1.0113 1.0808 1.1522 1.2108 1.1772 1.2449 1.275 1.2993 1.3187 1.3347 1.3459 1.3564 1.364 1.3712 1.3779 1.3839 1.39 1.3954 1.4003 1.4026 1.4086 1.4202 1.4342 1.4414 1.4468 1.45
NaN NaN NaN NaN NaN NaN NaN NaN 0.91823 0.94317 0.98471 1.0388 1.0939 1.1412 1.1766 1.1673 1.229 1.2561 1.282 1.3043 1.3215 1.3341 1.3458 1.3546 1.3633 1.37 1.3764 1.384 1.3901 1.3954 1.3995 1.4071 1.4152 1.4279 1.434 1.4388 1.4417
NaN NaN NaN NaN NaN NaN NaN NaN 0.92358 0.9573 1.0004 1.0479 1.0892 1.1248 1.1559 1.1654 1.2181 1.2445 1.2666 1.2858 1.3021 1.3136 1.324 1.3315 1.3388 1.354 1.3574 1.3319 1.3799 1.3865 1.39 1.3998 1.4102 1.4201 1.4266 1.431 1.4336
NaN NaN NaN NaN NaN NaN NaN NaN 0.92275 0.97505 1.014 1.0527 1.0851 1.1153 1.1462 1.166 1.2105 1.2362 1.2598 1.2798 1.2968 1.3145 1.3278 1.3414 1.358 1.3812 1.3959 1.3651 1.3792 1.3832 1.3871 1.3977 1.4057 1.4162 1.4241 1.4199 1.4293
NaN NaN NaN NaN NaN NaN NaN NaN NaN 1.0084 1.0377 1.0655 1.089 1.1149 1.1447 1.1701 1.2074 1.2284 1.2512 1.2706 1.2892 1.3081 1.3234 1.337 1.3525 1.3701 1.3764 1.3508 1.3736 1.379 1.3831 1.3941 1.4025 1.4124 1.4213 1.4144 1.4243
NaN NaN NaN NaN NaN NaN NaN NaN NaN 1.0291 1.0583 1.0683 1.0837 1.1111 1.1442 1.1743 1.2093 1.2296 1.2483 1.2672 1.2882 1.3075 1.322 1.3357 1.3492 1.363 1.367 1.3477 1.3703 1.3764 1.3825 1.3926 1.4009 1.4108 1.4181 1.416 1.4205
NaN NaN NaN NaN NaN NaN NaN NaN NaN NaN 1.0554 1.0593 1.0757 1.113 1.1481 1.1795 1.2111 1.2294 1.2473 1.2673 1.2859 1.3038 1.3181 1.3299 1.3436 1.3554 1.3588 1.3457 1.367 1.3735 1.3815 1.3904 1.3989 1.4073 1.4123 1.4104 1.4148
NaN NaN NaN NaN NaN NaN NaN NaN NaN NaN NaN 1.0642 1.0807 1.1194 1.1547 1.184 1.2098 1.2258 1.2453 1.2654 1.284 1.3004 1.315 1.3267 1.3389 1.3501 1.3533 1.3453 1.364 1.3707 1.3789 1.3871 1.3946 1.4029 1.4054 1.4041 1.4081
NaN NaN NaN NaN NaN NaN NaN NaN NaN NaN NaN 1.0679 1.0873 1.118 1.1482 1.1751 1.1994 1.2153 1.235 1.2597 1.2801 1.2953 1.3097 1.3212 1.3329 1.3435 1.3478 1.3425 1.3596 1.3664 1.3758 1.383 1.3892 1.3958 1.3981 1.3982 1.4008
NaN NaN NaN NaN NaN NaN NaN NaN NaN NaN NaN NaN 1.0709 1.112 1.1251 1.1578 1.1872 1.2075 1.2293 1.2533 1.274 1.2891 1.3036 1.3147 1.3272 1.3377 1.3424 1.3408 1.3549 1.3621 1.3714 1.3787 1.3849 1.3896 1.3913 1.3908 1.3915
NaN NaN NaN NaN NaN NaN NaN NaN NaN NaN NaN NaN NaN 1.1324 1.1408 1.1565 1.1901 1.2069 1.2267 1.2499 1.2691 1.2843 1.2984 1.3095 1.3205 1.3318 1.3358 1.3369 1.3502 1.3563 1.367 1.3733 1.3788 1.3824 1.3835 1.3831 1.3817
NaN NaN NaN NaN NaN NaN NaN NaN NaN NaN NaN NaN NaN NaN 1.1483 1.1729 1.1831 1.1909 1.2131 1.2392 1.2525 1.274 1.2885 1.3012 1.3147 1.3245 1.3304 1.3339 1.3443 1.3515 1.3622 1.3684 1.373 1.3755 1.3762 1.3748 1.3741
NaN NaN NaN NaN NaN NaN NaN NaN NaN NaN NaN NaN NaN NaN NaN 1.1761 1.182 1.1756 1.1986 1.2284 1.244 1.2651 1.2793 1.2919 1.3048 1.3163 1.322 1.3299 1.3324 1.3423 1.3564 1.3636 1.3676 1.369 1.3697 1.3684 1.3656
NaN NaN NaN NaN NaN NaN NaN NaN NaN NaN NaN NaN NaN NaN NaN NaN NaN 1.1862 1.1963 1.2135 1.2206 1.2489 1.2631 1.2751 1.2906 1.3095 1.3177 1.3285 1.332 1.3403 1.3507 1.358 1.3614 1.3619 1.363 1.3607 1.3576
NaN NaN NaN NaN NaN NaN NaN NaN NaN NaN NaN NaN NaN NaN NaN NaN NaN NaN 1.1935 1.2188 1.2051 1.2345 1.2525 1.2616 1.2728 1.299 1.3111 1.3137 1.3239 1.3341 1.3451 1.3529 1.3562 1.3556 1.3556 1.3534 1.3499
NaN NaN NaN NaN NaN NaN NaN NaN NaN NaN NaN NaN NaN NaN NaN NaN NaN NaN NaN NaN 1.1967 1.247 1.2477 1.2398 1.2434 1.2831 1.2991 1.2958 1.3141 1.3262 1.3415 1.3484 1.3495 1.3486 1.3474 1.3454 1.3431
NaN NaN NaN NaN NaN NaN NaN NaN NaN NaN NaN NaN NaN NaN NaN NaN NaN NaN NaN NaN NaN NaN 1.2559 1.2532 1.2341 1.2651 1.2805 1.2706 1.2995 1.308 1.3174 1.3391 1.3406 1.3386 1.3365 1.3348 1.3332
NaN NaN NaN NaN NaN NaN NaN NaN NaN NaN NaN NaN NaN NaN NaN NaN NaN NaN NaN NaN NaN NaN NaN NaN 1.2329 1.2469 1.2369 1.2261 1.2599 1.278 1.2767 1.3113 1.322 1.3141 1.3182 1.3214 1.3133
NaN NaN NaN NaN NaN NaN NaN NaN NaN NaN NaN NaN NaN NaN NaN NaN NaN NaN NaN NaN NaN NaN NaN NaN NaN NaN 1.2268 1.2343 1.2437 1.2616 1.2375 1.2624 1.2794 1.264 1.2867 1.291 1.292
NaN NaN NaN NaN NaN NaN NaN NaN NaN NaN NaN NaN NaN NaN NaN NaN NaN NaN NaN NaN NaN NaN NaN NaN NaN NaN NaN NaN 1.2198 1.2763 1.2347 1.2392 1.2176 1.1595 1.1267 0.99735 0.4181
NaN NaN NaN NaN NaN NaN NaN NaN NaN NaN NaN NaN NaN NaN NaN NaN NaN NaN NaN NaN NaN NaN NaN NaN NaN NaN NaN NaN NaN NaN 1.2213 1.1737 1.0922 0.92504 0.34913 NaN NaN
NaN NaN NaN NaN NaN NaN NaN NaN NaN NaN NaN NaN NaN NaN NaN NaN NaN NaN NaN NaN NaN NaN NaN NaN NaN NaN NaN NaN NaN NaN NaN NaN 0.84811 0.26276 NaN NaN NaN
NaN NaN NaN NaN NaN NaN NaN NaN NaN NaN NaN NaN NaN NaN NaN NaN NaN NaN NaN NaN NaN NaN NaN NaN NaN NaN NaN NaN NaN NaN NaN NaN NaN NaN NaN NaN NaN
NaN NaN NaN NaN NaN NaN NaN NaN NaN NaN NaN NaN NaN NaN NaN NaN NaN NaN NaN NaN NaN NaN NaN NaN NaN NaN NaN NaN NaN NaN NaN NaN NaN NaN NaN NaN NaN
NaN NaN NaN NaN NaN NaN NaN NaN NaN NaN NaN NaN NaN NaN NaN NaN NaN NaN NaN NaN NaN NaN NaN NaN NaN NaN NaN NaN NaN NaN NaN NaN NaN NaN NaN NaN NaN
