NaN NaN NaN NaN NaN NaN NaN NaN NaN NaN 1.8272 2.0605 2.1231 2.3065 2.376 2.4689 2.5251 2.5259 2.566 2.6241 2.6851 2.7138 2.7454 2.7781 2.7885 2.8177 2.8312 2.8599 2.882 2.9025 2.9261 2.9465 2.9772 3.0073 3.0365 3.0534 3.0676
NaN NaN NaN NaN NaN NaN NaN NaN NaN NaN NaN NaN NaN NaN 2.1163 2.2301 2.4278 2.4488 2.5099 2.5777 2.644 2.6843 2.7258 2.763 2.7787 2.8089 2.824 2.8515 2.8739 2.8928 2.9164 2.9319 2.9622 2.9956 3.0212 3.0382 3.0522
NaN NaN NaN NaN NaN NaN NaN NaN 0.38825 0.35016 0.32183 0.28736 0.2455 0.20449 2.1037 2.1117 2.3568 2.3928 2.4633 2.5359 2.6058 2.6553 2.7042 2.742 2.7688 2.7981 2.8156 2.8433 2.8666 2.884 2.9039 2.9168 2.9487 2.983 3.0056 3.0231 3.0357
NaN NaN NaN NaN NaN NaN NaN NaN 0.81721 0.88299 0.96293 1.0783 1.2485 1.5383 2.0812 2.0369 2.294 2.3489 2.4246 2.4964 2.5704 2.6232 2.6785 2.7202 2.7531 2.7849 2.8067 2.8341 2.8575 2.876 2.8932 2.9072 2.9406 2.9698 2.9894 3.0063 3.0197
NaN NaN NaN NaN NaN NaN NaN NaN 1.1341 1.1937 1.2652 1.3675 1.5221 1.738 2.0039 1.9709 2.2406 2.309 2.3867 2.4604 2.5337 2.5921 2.6509 2.6971 2.7346 2.7691 2.7935 2.8209 2.8453 2.8628 2.8762 2.8916 2.9201 2.9538 2.9736 2.9897 3.0046
NaN NaN NaN NaN NaN NaN NaN NaN 1.2143 1.2694 1.3508 1.4639 1.6146 1.7823 1.9414 1.945 2.1929 2.2697 2.3499 2.4252 2.4984 2.5599 2.621 2.6703 2.7129 2.749 2.7772 2.8043 2.8273 2.8471 2.8595 2.8763 2.9048 2.9382 2.9571 2.9744 2.9875
NaN NaN NaN NaN NaN NaN NaN NaN 1.2942 1.3486 1.4354 1.5513 1.6767 1.7971 1.9024 1.9404 2.157 2.2311 2.3111 2.3887 2.4616 2.5258 2.5897 2.6426 2.6903 2.7276 2.7578 2.7883 2.8132 2.8346 2.8505 2.8719 2.8943 2.9261 2.9423 2.958 2.9699
NaN NaN NaN NaN NaN NaN NaN NaN 1.3376 1.4065 1.4975 1.6021 1.7005 1.7931 1.8821 1.9496 2.1329 2.2081 2.2827 2.3548 2.4258 2.489 2.5523 2.6052 2.6516 2.7063 2.7296 2.6803 2.7967 2.8123 2.8273 2.8541 2.8813 2.9078 2.9248 2.9391 2.9501
NaN NaN NaN NaN NaN NaN NaN NaN 1.3729 1.4607 1.5456 1.6331 1.7115 1.7891 1.8742 1.9584 2.1126 2.185 2.2585 2.3278 2.3941 2.4643 2.5272 2.5865 2.6467 2.7177 2.7711 2.7247 2.7935 2.8018 2.8155 2.8444 2.8663 2.8942 2.9143 2.9109 2.9378
NaN NaN NaN NaN NaN NaN NaN NaN NaN 1.531 1.5994 1.6666 1.7263 1.7936 1.8765 1.9715 2.1035 2.1664 2.237 2.3023 2.369 2.4404 2.5064 2.5682 2.6311 2.6979 2.7362 2.6919 2.7744 2.7879 2.8012 2.8303 2.852 2.8782 2.9009 2.8918 2.9232
NaN NaN NaN NaN NaN NaN NaN NaN NaN 1.5846 1.6478 1.6818 1.7239 1.7932 1.8803 1.9818 2.1004 2.1613 2.2216 2.2825 2.3534 2.4253 2.4895 2.5531 2.6144 2.6752 2.7057 2.671 2.7537 2.7716 2.7895 2.8174 2.8384 2.8649 2.8859 2.8866 2.9082
NaN NaN NaN NaN NaN NaN NaN NaN NaN NaN 1.6532 1.6751 1.7152 1.8002 1.8907 1.9931 2.1 2.155 2.2103 2.2731 2.3398 2.4087 2.4721 2.5318 2.5942 2.6497 2.6764 2.6538 2.7326 2.7536 2.7776 2.8044 2.8274 2.8517 2.8691 2.8696 2.8902
NaN NaN NaN NaN NaN NaN NaN NaN NaN NaN NaN 1.6802 1.724 1.8145 1.9062 2.0047 2.0961 2.144 2.2002 2.2622 2.3279 2.3932 2.4564 2.5153 2.5746 2.6275 2.6527 2.642 2.7132 2.737 2.7643 2.7914 2.8137 2.8383 2.8503 2.8524 2.8719
NaN NaN NaN NaN NaN NaN NaN NaN NaN NaN NaN 1.6907 1.7435 1.8228 1.9074 1.9984 2.0809 2.1255 2.1777 2.2464 2.3156 2.3778 2.44 2.4974 2.5547 2.6049 2.6318 2.6282 2.6934 2.7192 2.7517 2.7779 2.7986 2.8199 2.8314 2.837 2.8534
NaN NaN NaN NaN NaN NaN NaN NaN NaN NaN NaN NaN 1.7341 1.8255 1.8805 1.975 2.0597 2.1078 2.162 2.2303 2.3007 2.3615 2.4231 2.4783 2.536 2.5847 2.6125 2.6183 2.6751 2.703 2.7373 2.7644 2.7863 2.8047 2.8156 2.8213 2.8335
NaN NaN NaN NaN NaN NaN NaN NaN NaN NaN NaN NaN NaN 1.833 1.8829 1.9688 2.0591 2.0994 2.1513 2.2199 2.2876 2.3484 2.4091 2.4636 2.5175 2.567 2.5933 2.6068 2.659 2.6854 2.7243 2.7503 2.7724 2.7891 2.7992 2.806 2.8137
NaN NaN NaN NaN NaN NaN NaN NaN NaN NaN NaN NaN NaN NaN 1.8669 1.9633 2.0519 2.0724 2.1284 2.2055 2.2557 2.3284 2.388 2.4443 2.5017 2.5473 2.5776 2.5977 2.6416 2.6708 2.7113 2.738 2.7592 2.7738 2.7835 2.7888 2.7976
NaN NaN NaN NaN NaN NaN NaN NaN NaN NaN NaN NaN NaN NaN NaN 1.9261 2.0018 2.051 2.1078 2.1863 2.2352 2.3109 2.3696 2.4254 2.4807 2.5289 2.5587 2.5899 2.6142 2.6499 2.6969 2.7258 2.7466 2.7593 2.7697 2.7756 2.7798
NaN NaN NaN NaN NaN NaN NaN NaN NaN NaN NaN NaN NaN NaN NaN NaN NaN 2.0171 2.1064 2.1686 2.1921 2.2846 2.3414 2.3924 2.4487 2.5097 2.5436 2.5836 2.6082 2.644 2.6844 2.7139 2.7334 2.7446 2.7564 2.7606 2.7636
NaN NaN NaN NaN NaN NaN NaN NaN NaN NaN NaN NaN NaN NaN NaN NaN NaN NaN 2.0165 2.1058 2.1639 2.2589 2.322 2.3656 2.4108 2.4875 2.5305 2.5554 2.5926 2.6305 2.6719 2.703 2.7226 2.7319 2.7419 2.7461 2.7475
NaN NaN NaN NaN NaN NaN NaN NaN NaN NaN NaN NaN NaN NaN NaN NaN NaN NaN NaN NaN 2.0397 2.1692 2.2979 2.3256 2.3486 2.4558 2.5076 2.5184 2.5729 2.6122 2.6633 2.6936 2.7092 2.7181 2.7259 2.7301 2.7328
NaN NaN NaN NaN NaN NaN NaN NaN NaN NaN NaN NaN NaN NaN NaN NaN NaN NaN NaN NaN NaN NaN 2.0238 2.098 2.2503 2.4192 2.4718 2.4664 2.5475 2.5776 2.6152 2.6758 2.6912 2.6987 2.7049 2.7085 2.7111
NaN NaN NaN NaN NaN NaN NaN NaN NaN NaN NaN NaN NaN NaN NaN NaN NaN NaN NaN NaN NaN NaN NaN NaN 1.9848 2.2274 2.399 2.3943 2.4791 2.5247 2.5321 2.6217 2.6541 2.6501 2.6699 2.6816 2.6687
NaN NaN NaN NaN NaN NaN NaN NaN NaN NaN NaN NaN NaN NaN NaN NaN NaN NaN NaN NaN NaN NaN NaN NaN NaN NaN 2.1287 2.221 2.4016 2.5052 2.4555 2.536 2.5754 2.5489 2.6078 2.6157 2.6212
NaN NaN NaN NaN NaN NaN NaN NaN NaN NaN NaN NaN NaN NaN NaN NaN NaN NaN NaN NaN NaN NaN NaN NaN NaN NaN NaN NaN 1.9816 2.0999 2.2223 2.3186 2.4644 2.3992 2.3909 2.2186 1.3971
NaN NaN NaN NaN NaN NaN NaN NaN NaN NaN NaN NaN NaN NaN NaN NaN NaN NaN NaN NaN NaN NaN NaN NaN NaN NaN NaN NaN NaN NaN 1.7243 2.0855 2.244 2.0595 1.173 NaN NaN
NaN NaN NaN NaN NaN NaN NaN NaN NaN NaN NaN NaN NaN NaN NaN NaN NaN NaN NaN NaN NaN NaN NaN NaN NaN NaN NaN NaN NaN NaN NaN NaN 1.7543 0.87122 NaN NaN NaN
NaN NaN NaN NaN NaN NaN NaN NaN NaN NaN NaN NaN NaN NaN NaN NaN NaN NaN NaN NaN NaN NaN NaN NaN NaN NaN NaN NaN NaN NaN NaN NaN NaN NaN NaN NaN NaN
NaN NaN NaN NaN NaN NaN NaN NaN NaN NaN NaN NaN NaN NaN NaN NaN NaN NaN NaN NaN NaN NaN NaN NaN NaN NaN NaN NaN NaN NaN NaN NaN NaN NaN NaN NaN NaN
NaN NaN NaN NaN NaN NaN NaN NaN NaN NaN NaN NaN NaN NaN NaN NaN NaN NaN NaN NaN NaN NaN NaN NaN NaN NaN NaN NaN NaN NaN NaN NaN NaN NaN NaN NaN NaN
