NaN NaN NaN NaN NaN NaN NaN NaN NaN NaN 1.4144 1.5072 1.4747 1.5214 1.5189 1.4567 1.4192 1.4137 1.4261 1.4463 1.4666 1.4754 1.4857 1.4977 1.5006 1.511 1.5152 1.5256 1.5325 1.5374 1.5438 1.5498 1.5616 1.575 1.5876 1.5942 1.5989
NaN NaN NaN NaN NaN NaN NaN NaN NaN NaN NaN NaN NaN NaN 1.5092 1.4364 1.3965 1.3995 1.4183 1.4381 1.4575 1.469 1.4815 1.4929 1.4963 1.5061 1.5109 1.5202 1.5271 1.5312 1.5379 1.5421 1.5543 1.5698 1.5807 1.5872 1.5916
NaN NaN NaN NaN NaN NaN NaN NaN 0.39487 0.36327 0.34304 0.31676 0.28327 0.25287 1.5198 1.4049 1.3854 1.3935 1.414 1.4332 1.4512 1.4637 1.4764 1.4852 1.492 1.5001 1.5051 1.514 1.521 1.5247 1.5298 1.5334 1.5468 1.5629 1.5724 1.5789 1.5826
NaN NaN NaN NaN NaN NaN NaN NaN 0.71853 0.76322 0.81351 0.88371 0.983 1.1495 1.4495 1.3273 1.3642 1.3849 1.4071 1.425 1.4439 1.4555 1.4687 1.4774 1.485 1.4932 1.4991 1.5072 1.5141 1.5187 1.5225 1.5267 1.5411 1.5546 1.5627 1.5688 1.5729
NaN NaN NaN NaN NaN NaN NaN NaN 0.91499 0.94918 0.98717 1.0405 1.1199 1.2268 1.3478 1.2695 1.3417 1.3708 1.3948 1.4147 1.433 1.446 1.4587 1.468 1.4758 1.4839 1.4899 1.4974 1.5046 1.5088 1.5112 1.5168 1.5294 1.5454 1.5538 1.5595 1.5643
NaN NaN NaN NaN NaN NaN NaN NaN 0.93243 0.9611 1.0043 1.0629 1.1388 1.2174 1.2831 1.2447 1.3199 1.3528 1.3799 1.4019 1.4206 1.4341 1.447 1.4566 1.4654 1.4734 1.4805 1.4876 1.494 1.4997 1.5023 1.5087 1.5212 1.5366 1.5446 1.5508 1.5546
NaN NaN NaN NaN NaN NaN NaN NaN 0.96277 0.99016 1.0353 1.0942 1.1545 1.207 1.2466 1.2349 1.3033 1.3332 1.3619 1.3871 1.4069 1.422 1.4361 1.4471 1.4576 1.4657 1.4732 1.4819 1.4889 1.4951 1.4996 1.5077 1.5165 1.5305 1.5374 1.5429 1.5463
NaN NaN NaN NaN NaN NaN NaN NaN 0.97064 1.0072 1.0539 1.1057 1.151 1.1905 1.2248 1.2337 1.2922 1.3214 1.3463 1.3682 1.3872 1.4012 1.4141 1.4238 1.4329 1.4506 1.4556 1.4254 1.4788 1.4862 1.49 1.5005 1.5118 1.5228 1.5301 1.5351 1.5381
NaN NaN NaN NaN NaN NaN NaN NaN 0.97193 1.0273 1.0697 1.1119 1.1474 1.1807 1.2145 1.2349 1.2843 1.3128 1.3389 1.3615 1.3809 1.4014 1.4172 1.433 1.4519 1.4781 1.4955 1.4607 1.4784 1.483 1.4872 1.4987 1.5074 1.5191 1.5278 1.5235 1.534
NaN NaN NaN NaN NaN NaN NaN NaN NaN 1.0633 1.0954 1.1259 1.1518 1.1804 1.213 1.2398 1.2813 1.3048 1.3301 1.3518 1.3729 1.3947 1.4126 1.4287 1.4466 1.4672 1.4757 1.4463 1.4726 1.4788 1.4833 1.4952 1.5043 1.5152 1.5252 1.5177 1.5289
NaN NaN NaN NaN NaN NaN NaN NaN NaN 1.0863 1.1179 1.1294 1.1466 1.1767 1.2125 1.2446 1.2834 1.3062 1.3271 1.3481 1.3717 1.3939 1.411 1.4273 1.4432 1.4598 1.4656 1.4431 1.469 1.4761 1.4828 1.4938 1.5026 1.5136 1.5219 1.5196 1.5251
NaN NaN NaN NaN NaN NaN NaN NaN NaN NaN 1.1154 1.1202 1.1383 1.1789 1.2168 1.2505 1.2856 1.3061 1.3262 1.3483 1.3693 1.3899 1.4068 1.4211 1.4374 1.4517 1.4567 1.4411 1.4654 1.4729 1.4818 1.4916 1.5008 1.5101 1.516 1.5139 1.5192
NaN NaN NaN NaN NaN NaN NaN NaN NaN NaN NaN 1.1251 1.1435 1.1857 1.2239 1.2557 1.2845 1.3025 1.324 1.3462 1.3672 1.3862 1.4035 1.4176 1.4323 1.446 1.4507 1.4409 1.4622 1.47 1.4792 1.4884 1.4965 1.5058 1.5089 1.5076 1.5124
NaN NaN NaN NaN NaN NaN NaN NaN NaN NaN NaN 1.1294 1.1508 1.1847 1.2177 1.2469 1.274 1.2918 1.3135 1.3404 1.3633 1.3809 1.398 1.4119 1.426 1.4388 1.4447 1.4382 1.4575 1.4655 1.4762 1.4843 1.4912 1.4986 1.5015 1.5016 1.5049
NaN NaN NaN NaN NaN NaN NaN NaN NaN NaN NaN NaN 1.1349 1.1792 1.1937 1.2291 1.2614 1.2836 1.3076 1.334 1.3571 1.3745 1.3915 1.405 1.4199 1.4326 1.439 1.4366 1.4527 1.4612 1.4718 1.4801 1.487 1.4924 1.4946 1.4943 1.4955
NaN NaN NaN NaN NaN NaN NaN NaN NaN NaN NaN NaN NaN 1.2006 1.2099 1.2275 1.2644 1.2831 1.305 1.3307 1.3521 1.3696 1.3862 1.3996 1.4128 1.4265 1.432 1.4329 1.4479 1.4552 1.4674 1.4747 1.481 1.4852 1.4868 1.4867 1.4856
NaN NaN NaN NaN NaN NaN NaN NaN NaN NaN NaN NaN NaN NaN 1.2181 1.245 1.2574 1.2665 1.2911 1.32 1.335 1.359 1.3759 1.391 1.4069 1.4188 1.4264 1.43 1.4419 1.4503 1.4627 1.4699 1.4753 1.4783 1.4795 1.4783 1.478
NaN NaN NaN NaN NaN NaN NaN NaN NaN NaN NaN NaN NaN NaN NaN 1.249 1.2564 1.2508 1.2761 1.3089 1.3263 1.3499 1.3664 1.3813 1.3966 1.4104 1.4177 1.4264 1.4294 1.4408 1.4568 1.4652 1.4699 1.4718 1.4731 1.4719 1.4693
NaN NaN NaN NaN NaN NaN NaN NaN NaN NaN NaN NaN NaN NaN NaN NaN NaN 1.2621 1.274 1.2938 1.302 1.3333 1.3496 1.3636 1.3814 1.4031 1.4131 1.4252 1.4292 1.439 1.4512 1.4597 1.4638 1.4647 1.4664 1.4643 1.4612
NaN NaN NaN NaN NaN NaN NaN NaN NaN NaN NaN NaN NaN NaN NaN NaN NaN NaN 1.2718 1.3002 1.2858 1.3184 1.3387 1.3493 1.3624 1.3922 1.4065 1.4097 1.4211 1.4328 1.4456 1.4547 1.4587 1.4585 1.4589 1.4569 1.4534
NaN NaN NaN NaN NaN NaN NaN NaN NaN NaN NaN NaN NaN NaN NaN NaN NaN NaN NaN NaN 1.2772 1.3325 1.3341 1.3261 1.3309 1.3756 1.3942 1.3906 1.4109 1.4246 1.4421 1.4503 1.4521 1.4515 1.4506 1.4488 1.4466
NaN NaN NaN NaN NaN NaN NaN NaN NaN NaN NaN NaN NaN NaN NaN NaN NaN NaN NaN NaN NaN NaN 1.3423 1.3407 1.3206 1.356 1.3742 1.3636 1.3959 1.4057 1.4166 1.4409 1.443 1.4412 1.4394 1.4378 1.4363
NaN NaN NaN NaN NaN NaN NaN NaN NaN NaN NaN NaN NaN NaN NaN NaN NaN NaN NaN NaN NaN NaN NaN NaN 1.3182 1.3365 1.3286 1.3168 1.3539 1.374 1.3728 1.4115 1.4237 1.4153 1.4203 1.424 1.4154
NaN NaN NaN NaN NaN NaN NaN NaN NaN NaN NaN NaN NaN NaN NaN NaN NaN NaN NaN NaN NaN NaN NaN NaN NaN NaN 1.315 1.3246 1.3362 1.3583 1.3307 1.3594 1.3786 1.3616 1.387 1.3919 1.3929
NaN NaN NaN NaN NaN NaN NaN NaN NaN NaN NaN NaN NaN NaN NaN NaN NaN NaN NaN NaN NaN NaN NaN NaN NaN NaN NaN NaN 1.3074 1.3727 1.3287 1.3346 1.3137 1.2522 1.2201 1.0855 0.48134
NaN NaN NaN NaN NaN NaN NaN NaN NaN NaN NaN NaN NaN NaN NaN NaN NaN NaN NaN NaN NaN NaN NaN NaN NaN NaN NaN NaN NaN NaN 1.2971 1.2654 1.1817 1.0062 0.40176 NaN NaN
NaN NaN NaN NaN NaN NaN NaN NaN NaN NaN NaN NaN NaN NaN NaN NaN NaN NaN NaN NaN NaN NaN NaN NaN NaN NaN NaN NaN NaN NaN NaN NaN 0.9193 0.30158 NaN NaN NaN
NaN NaN NaN NaN NaN NaN NaN NaN NaN NaN NaN NaN NaN NaN NaN NaN NaN NaN NaN NaN NaN NaN NaN NaN NaN NaN NaN NaN NaN NaN NaN NaN NaN NaN NaN NaN NaN
NaN NaN NaN NaN NaN NaN NaN NaN NaN NaN NaN NaN NaN NaN NaN NaN NaN NaN NaN NaN NaN NaN NaN NaN NaN NaN NaN NaN NaN NaN NaN NaN NaN NaN NaN NaN NaN
NaN NaN NaN NaN NaN NaN NaN NaN NaN NaN NaN NaN NaN NaN NaN NaN NaN NaN NaN NaN NaN NaN NaN NaN NaN NaN NaN NaN NaN NaN NaN NaN NaN NaN NaN NaN NaN
