NaN NaN NaN NaN NaN NaN NaN NaN NaN NaN 1.4264 1.5232 1.4929 1.5416 1.5394 1.4761 1.4367 1.4306 1.443 1.4637 1.4844 1.4933 1.5039 1.5161 1.5192 1.5301 1.5345 1.5452 1.5524 1.5576 1.5644 1.5707 1.5829 1.5966 1.6094 1.6161 1.6211
NaN NaN NaN NaN NaN NaN NaN NaN NaN NaN NaN NaN NaN NaN 1.5259 1.4544 1.4135 1.4156 1.4345 1.455 1.4748 1.4865 1.4994 1.511 1.5147 1.5249 1.5299 1.5396 1.5467 1.5512 1.5582 1.5627 1.5753 1.5911 1.6022 1.6088 1.6134
NaN NaN NaN NaN NaN NaN NaN NaN 0.39438 0.3627 0.34238 0.31601 0.28244 0.252 1.5361 1.4209 1.4015 1.4089 1.4298 1.4496 1.4681 1.4809 1.494 1.5031 1.5102 1.5187 1.524 1.5331 1.5405 1.5444 1.5499 1.5537 1.5675 1.5838 1.5935 1.6002 1.604
NaN NaN NaN NaN NaN NaN NaN NaN 0.72057 0.76559 0.81619 0.88702 0.98779 1.1575 1.4649 1.3411 1.3794 1.3998 1.4224 1.441 1.4603 1.4723 1.486 1.4951 1.503 1.5117 1.5179 1.5262 1.5334 1.5382 1.5423 1.5468 1.5616 1.5752 1.5834 1.5897 1.594
NaN NaN NaN NaN NaN NaN NaN NaN 0.9188 0.95337 0.99176 1.0459 1.1269 1.2365 1.3614 1.2819 1.3563 1.3852 1.4098 1.4303 1.4491 1.4625 1.4758 1.4855 1.4936 1.5022 1.5085 1.5163 1.5236 1.5281 1.5307 1.5366 1.5495 1.5657 1.5743 1.5801 1.585
NaN NaN NaN NaN NaN NaN NaN NaN 0.93657 0.96561 1.0094 1.069 1.1466 1.2274 1.2951 1.2562 1.3339 1.3668 1.3945 1.4171 1.4364 1.4504 1.4638 1.4739 1.4831 1.4915 1.4989 1.5063 1.5128 1.5187 1.5215 1.5282 1.541 1.5566 1.5648 1.571 1.5749
NaN NaN NaN NaN NaN NaN NaN NaN 0.96716 0.99488 1.0408 1.1009 1.1626 1.2165 1.2573 1.2459 1.3168 1.3469 1.3761 1.4019 1.4224 1.4379 1.4526 1.464 1.4749 1.4835 1.4912 1.5003 1.5075 1.5138 1.5186 1.527 1.5361 1.5503 1.5572 1.5627 1.5663
NaN NaN NaN NaN NaN NaN NaN NaN 0.97507 1.0122 1.0598 1.1126 1.1591 1.1995 1.2346 1.2444 1.3052 1.3347 1.3602 1.3829 1.4025 1.4169 1.4304 1.4405 1.45 1.4678 1.4723 1.4443 1.4974 1.5046 1.5086 1.5195 1.5311 1.5422 1.5495 1.5545 1.5576
NaN NaN NaN NaN NaN NaN NaN NaN 0.97662 1.0326 1.0758 1.1189 1.1551 1.1891 1.2238 1.2454 1.2968 1.3256 1.3524 1.3758 1.3958 1.4167 1.4329 1.4491 1.4684 1.4949 1.5123 1.4792 1.497 1.5011 1.5055 1.5174 1.5263 1.5381 1.5468 1.5425 1.5531
NaN NaN NaN NaN NaN NaN NaN NaN NaN 1.0689 1.1016 1.1328 1.1592 1.1883 1.2217 1.2501 1.2934 1.3169 1.3428 1.3655 1.3874 1.4096 1.428 1.4445 1.4629 1.4838 1.4921 1.4641 1.4909 1.4967 1.5013 1.5135 1.5228 1.5338 1.5437 1.5364 1.5477
NaN NaN NaN NaN NaN NaN NaN NaN NaN 1.0922 1.1244 1.136 1.1534 1.1841 1.2208 1.2546 1.295 1.3178 1.3387 1.3605 1.3855 1.4084 1.426 1.4428 1.4592 1.4761 1.4815 1.4602 1.4869 1.4937 1.5004 1.5116 1.5207 1.5318 1.5401 1.5379 1.5435
NaN NaN NaN NaN NaN NaN NaN NaN NaN NaN 1.1217 1.1266 1.1447 1.186 1.2249 1.2602 1.2968 1.3171 1.3372 1.36 1.3825 1.404 1.4215 1.4362 1.4531 1.4676 1.4721 1.4576 1.4829 1.4901 1.499 1.5091 1.5185 1.528 1.5338 1.5318 1.5372
NaN NaN NaN NaN NaN NaN NaN NaN NaN NaN NaN 1.1311 1.1496 1.1926 1.2318 1.2652 1.2954 1.3131 1.3348 1.3577 1.3799 1.3999 1.4178 1.4324 1.4476 1.4614 1.4657 1.457 1.4792 1.4868 1.4961 1.5056 1.514 1.5234 1.5263 1.525 1.53
NaN NaN NaN NaN NaN NaN NaN NaN NaN NaN NaN 1.1353 1.1569 1.1915 1.2255 1.2562 1.2844 1.3019 1.3238 1.3515 1.3754 1.3942 1.4119 1.4263 1.4409 1.4539 1.4594 1.4537 1.4741 1.482 1.4928 1.5012 1.5083 1.5158 1.5186 1.5187 1.5221
NaN NaN NaN NaN NaN NaN NaN NaN NaN NaN NaN NaN 1.1416 1.1867 1.2014 1.238 1.2713 1.2933 1.3176 1.3444 1.3686 1.3872 1.405 1.419 1.4345 1.4473 1.4533 1.4518 1.4689 1.4772 1.4882 1.4967 1.5038 1.5094 1.5114 1.5111 1.5124
NaN NaN NaN NaN NaN NaN NaN NaN NaN NaN NaN NaN NaN 1.2081 1.2178 1.2361 1.2739 1.2923 1.3146 1.3408 1.3632 1.3819 1.3993 1.4133 1.4271 1.4408 1.446 1.4478 1.4637 1.4709 1.4834 1.491 1.4976 1.5019 1.5033 1.5032 1.5021
NaN NaN NaN NaN NaN NaN NaN NaN NaN NaN NaN NaN NaN NaN 1.226 1.254 1.2667 1.2754 1.3002 1.3299 1.3457 1.3708 1.3886 1.4043 1.4208 1.4328 1.4401 1.4446 1.4572 1.4658 1.4784 1.4859 1.4916 1.4946 1.4957 1.4945 1.4942
NaN NaN NaN NaN NaN NaN NaN NaN NaN NaN NaN NaN NaN NaN NaN 1.2579 1.2657 1.2594 1.2851 1.3187 1.3363 1.3613 1.3788 1.3944 1.4102 1.4241 1.4312 1.4406 1.4444 1.456 1.4723 1.481 1.486 1.4879 1.489 1.4879 1.4853
NaN NaN NaN NaN NaN NaN NaN NaN NaN NaN NaN NaN NaN NaN NaN NaN NaN 1.2712 1.2832 1.3034 1.3118 1.3443 1.3616 1.3763 1.3946 1.4165 1.4263 1.4391 1.444 1.4541 1.4665 1.4753 1.4796 1.4806 1.4821 1.48 1.4769
NaN NaN NaN NaN NaN NaN NaN NaN NaN NaN NaN NaN NaN NaN NaN NaN NaN NaN 1.2815 1.3107 1.2956 1.3291 1.3503 1.3618 1.3753 1.4053 1.4194 1.4235 1.4356 1.4475 1.4606 1.47 1.4743 1.4741 1.4745 1.4723 1.4688
NaN NaN NaN NaN NaN NaN NaN NaN NaN NaN NaN NaN NaN NaN NaN NaN NaN NaN NaN NaN 1.2874 1.3443 1.3459 1.3386 1.3432 1.3882 1.4068 1.4042 1.4251 1.4391 1.4569 1.4654 1.4674 1.4668 1.4659 1.464 1.4617
NaN NaN NaN NaN NaN NaN NaN NaN NaN NaN NaN NaN NaN NaN NaN NaN NaN NaN NaN NaN NaN NaN 1.3544 1.3534 1.333 1.3691 1.3871 1.3769 1.4098 1.4198 1.4311 1.4557 1.458 1.4563 1.4544 1.4527 1.4511
NaN NaN NaN NaN NaN NaN NaN NaN NaN NaN NaN NaN NaN NaN NaN NaN NaN NaN NaN NaN NaN NaN NaN NaN 1.33 1.3504 1.3418 1.3302 1.3678 1.388 1.387 1.4259 1.4381 1.43 1.4349 1.4384 1.4295
NaN NaN NaN NaN NaN NaN NaN NaN NaN NaN NaN NaN NaN NaN NaN NaN NaN NaN NaN NaN NaN NaN NaN NaN NaN NaN 1.3271 1.339 1.3509 1.3718 1.3457 1.3739 1.3926 1.3758 1.4009 1.4052 1.4063
NaN NaN NaN NaN NaN NaN NaN NaN NaN NaN NaN NaN NaN NaN NaN NaN NaN NaN NaN NaN NaN NaN NaN NaN NaN NaN NaN NaN 1.3202 1.3874 1.3446 1.351 1.3289 1.2669 1.2347 1.0996 0.49466
NaN NaN NaN NaN NaN NaN NaN NaN NaN NaN NaN NaN NaN NaN NaN NaN NaN NaN NaN NaN NaN NaN NaN NaN NaN NaN NaN NaN NaN NaN 1.3073 1.2825 1.1982 1.0214 0.41378 NaN NaN
NaN NaN NaN NaN NaN NaN NaN NaN NaN NaN NaN NaN NaN NaN NaN NaN NaN NaN NaN NaN NaN NaN NaN NaN NaN NaN NaN NaN NaN NaN NaN NaN 0.93301 0.31098 NaN NaN NaN
NaN NaN NaN NaN NaN NaN NaN NaN NaN NaN NaN NaN NaN NaN NaN NaN NaN NaN NaN NaN NaN NaN NaN NaN NaN NaN NaN NaN NaN NaN NaN NaN NaN NaN NaN NaN NaN
NaN NaN NaN NaN NaN NaN NaN NaN NaN NaN NaN NaN NaN NaN NaN NaN NaN NaN NaN NaN NaN NaN NaN NaN NaN NaN NaN NaN NaN NaN NaN NaN NaN NaN NaN NaN NaN
NaN NaN NaN NaN NaN NaN NaN NaN NaN NaN NaN NaN NaN NaN NaN NaN NaN NaN NaN NaN NaN NaN NaN NaN NaN NaN NaN NaN NaN NaN NaN NaN NaN NaN NaN NaN NaN
