NaN NaN NaN NaN NaN NaN NaN NaN NaN NaN 1.4553 1.5549 1.5246 1.5751 1.573 1.508 1.4678 1.4614 1.4743 1.4956 1.5172 1.5265 1.5375 1.5503 1.5535 1.5647 1.5693 1.5804 1.5879 1.5933 1.6003 1.6068 1.6193 1.6334 1.6467 1.6537 1.6588
NaN NaN NaN NaN NaN NaN NaN NaN NaN NaN NaN NaN NaN NaN 1.5584 1.4852 1.4435 1.4459 1.4655 1.4867 1.5073 1.5195 1.5329 1.545 1.5489 1.5595 1.5647 1.5747 1.5822 1.5868 1.594 1.5987 1.6116 1.6279 1.6394 1.6463 1.6511
NaN NaN NaN NaN NaN NaN NaN NaN 0.40246 0.3701 0.34934 0.32239 0.28806 0.25681 1.5688 1.4506 1.4309 1.439 1.4606 1.4811 1.5004 1.5138 1.5275 1.5371 1.5444 1.5532 1.5587 1.5682 1.5759 1.58 1.5856 1.5895 1.6037 1.6206 1.6306 1.6376 1.6416
NaN NaN NaN NaN NaN NaN NaN NaN 0.73537 0.78136 0.83298 0.90531 1.0082 1.1817 1.4962 1.3689 1.4082 1.4296 1.4531 1.4724 1.4925 1.5051 1.5194 1.5289 1.5371 1.5461 1.5526 1.5613 1.5688 1.5738 1.578 1.5826 1.5977 1.6119 1.6205 1.627 1.6315
NaN NaN NaN NaN NaN NaN NaN NaN 0.93768 0.97297 1.0122 1.0675 1.1503 1.2625 1.3905 1.3083 1.3846 1.4147 1.4401 1.4614 1.4811 1.4951 1.509 1.5192 1.5277 1.5366 1.5431 1.5512 1.5589 1.5635 1.5662 1.5722 1.5855 1.6023 1.6112 1.6173 1.6224
NaN NaN NaN NaN NaN NaN NaN NaN 0.9559 0.98553 1.0303 1.0912 1.1706 1.2533 1.3226 1.282 1.3617 1.3959 1.4245 1.448 1.4682 1.4828 1.4968 1.5073 1.517 1.5257 1.5334 1.5411 1.5479 1.554 1.5569 1.5637 1.5769 1.5931 1.6016 1.6081 1.6122
NaN NaN NaN NaN NaN NaN NaN NaN 0.98719 1.0155 1.0624 1.1238 1.187 1.2422 1.284 1.2716 1.3442 1.3754 1.4058 1.4325 1.4538 1.4701 1.4854 1.4973 1.5087 1.5176 1.5257 1.535 1.5425 1.5491 1.554 1.5626 1.572 1.5867 1.5939 1.5997 1.6035
NaN NaN NaN NaN NaN NaN NaN NaN 0.99525 1.0331 1.0818 1.1359 1.1835 1.2249 1.2608 1.2702 1.3324 1.3631 1.3895 1.413 1.4335 1.4486 1.4627 1.4733 1.4833 1.5019 1.507 1.4771 1.5322 1.5397 1.5438 1.5549 1.5669 1.5784 1.586 1.5913 1.5946
NaN NaN NaN NaN NaN NaN NaN NaN 0.99686 1.054 1.0982 1.1423 1.1795 1.2143 1.2497 1.2713 1.3239 1.3537 1.3815 1.4057 1.4265 1.4483 1.4652 1.4821 1.5021 1.5297 1.5479 1.513 1.5317 1.5362 1.5407 1.5529 1.5621 1.5743 1.5834 1.579 1.5901
NaN NaN NaN NaN NaN NaN NaN NaN NaN 1.0912 1.1247 1.1566 1.1837 1.2135 1.2476 1.2763 1.3205 1.345 1.3717 1.3952 1.4179 1.441 1.4602 1.4773 1.4965 1.5183 1.5272 1.4976 1.5255 1.5317 1.5364 1.5489 1.5585 1.5699 1.5803 1.5727 1.5846
NaN NaN NaN NaN NaN NaN NaN NaN NaN 1.1152 1.148 1.1599 1.1777 1.2092 1.2467 1.281 1.3223 1.346 1.3679 1.3903 1.4159 1.4398 1.4581 1.4756 1.4927 1.5104 1.5164 1.4938 1.5214 1.5286 1.5355 1.5471 1.5564 1.5679 1.5766 1.5743 1.5802
NaN NaN NaN NaN NaN NaN NaN NaN NaN NaN 1.1454 1.1503 1.1688 1.2111 1.2509 1.2868 1.3242 1.3456 1.3667 1.39 1.4129 1.4352 1.4534 1.4688 1.4864 1.5017 1.5067 1.4913 1.5173 1.5249 1.5341 1.5445 1.5542 1.564 1.5702 1.5682 1.5738
NaN NaN NaN NaN NaN NaN NaN NaN NaN NaN NaN 1.1549 1.1738 1.2179 1.258 1.292 1.3228 1.3416 1.3642 1.3877 1.4103 1.431 1.4496 1.4649 1.4808 1.4953 1.5001 1.4906 1.5135 1.5215 1.5312 1.5409 1.5496 1.5593 1.5626 1.5613 1.5665
NaN NaN NaN NaN NaN NaN NaN NaN NaN NaN NaN 1.1593 1.1814 1.2168 1.2516 1.2828 1.3117 1.3301 1.3529 1.3814 1.406 1.4252 1.4436 1.4587 1.4739 1.4876 1.4936 1.4874 1.5083 1.5166 1.5278 1.5365 1.5438 1.5516 1.5546 1.5548 1.5585
NaN NaN NaN NaN NaN NaN NaN NaN NaN NaN NaN NaN 1.1658 1.212 1.227 1.2642 1.2983 1.3214 1.3466 1.3745 1.3991 1.4181 1.4366 1.4512 1.4673 1.4808 1.4874 1.4855 1.503 1.5117 1.5231 1.5319 1.5393 1.545 1.5473 1.5471 1.5485
NaN NaN NaN NaN NaN NaN NaN NaN NaN NaN NaN NaN NaN 1.2338 1.2437 1.2623 1.3011 1.3205 1.3436 1.3707 1.3937 1.4127 1.4308 1.4453 1.4597 1.4741 1.4798 1.4814 1.4977 1.5053 1.5183 1.5261 1.5329 1.5374 1.539 1.539 1.5381
NaN NaN NaN NaN NaN NaN NaN NaN NaN NaN NaN NaN NaN NaN 1.2522 1.2808 1.294 1.3033 1.3289 1.3596 1.3758 1.4015 1.4198 1.4362 1.4532 1.4659 1.4738 1.4782 1.4911 1.5 1.5132 1.521 1.5268 1.53 1.5313 1.5302 1.53
NaN NaN NaN NaN NaN NaN NaN NaN NaN NaN NaN NaN NaN NaN NaN 1.285 1.2931 1.287 1.3136 1.3481 1.3662 1.3918 1.4098 1.426 1.4424 1.457 1.4646 1.4742 1.478 1.49 1.507 1.5159 1.5211 1.5232 1.5245 1.5234 1.5208
NaN NaN NaN NaN NaN NaN NaN NaN NaN NaN NaN NaN NaN NaN NaN NaN NaN 1.2992 1.3117 1.3326 1.3412 1.3745 1.3922 1.4074 1.4263 1.4492 1.4596 1.4728 1.4776 1.4881 1.501 1.5101 1.5146 1.5157 1.5175 1.5154 1.5123
NaN NaN NaN NaN NaN NaN NaN NaN NaN NaN NaN NaN NaN NaN NaN NaN NaN NaN 1.3101 1.3402 1.3248 1.3591 1.3807 1.3925 1.4064 1.4377 1.4526 1.4566 1.469 1.4814 1.495 1.5047 1.5092 1.5091 1.5096 1.5076 1.504
NaN NaN NaN NaN NaN NaN NaN NaN NaN NaN NaN NaN NaN NaN NaN NaN NaN NaN NaN NaN 1.3165 1.3749 1.3765 1.3687 1.3734 1.4202 1.4397 1.4368 1.4583 1.4728 1.4913 1.5001 1.5022 1.5017 1.5009 1.499 1.4968
NaN NaN NaN NaN NaN NaN NaN NaN NaN NaN NaN NaN NaN NaN NaN NaN NaN NaN NaN NaN NaN NaN 1.385 1.3842 1.3629 1.4003 1.4193 1.4086 1.4426 1.453 1.4647 1.4902 1.4927 1.4909 1.4891 1.4874 1.4859
NaN NaN NaN NaN NaN NaN NaN NaN NaN NaN NaN NaN NaN NaN NaN NaN NaN NaN NaN NaN NaN NaN NaN NaN 1.36 1.3812 1.3728 1.3607 1.3995 1.4204 1.4193 1.4595 1.4723 1.4639 1.4691 1.4728 1.4638
NaN NaN NaN NaN NaN NaN NaN NaN NaN NaN NaN NaN NaN NaN NaN NaN NaN NaN NaN NaN NaN NaN NaN NaN NaN NaN 1.3579 1.3695 1.3818 1.4042 1.3766 1.406 1.4256 1.408 1.4343 1.439 1.4401
NaN NaN NaN NaN NaN NaN NaN NaN NaN NaN NaN NaN NaN NaN NaN NaN NaN NaN NaN NaN NaN NaN NaN NaN NaN NaN NaN NaN 1.35 1.419 1.3756 1.3823 1.3604 1.2968 1.2647 1.1272 0.50927
NaN NaN NaN NaN NaN NaN NaN NaN NaN NaN NaN NaN NaN NaN NaN NaN NaN NaN NaN NaN NaN NaN NaN NaN NaN NaN NaN NaN NaN NaN 1.331 1.3124 1.2266 1.0463 0.42542 NaN NaN
NaN NaN NaN NaN NaN NaN NaN NaN NaN NaN NaN NaN NaN NaN NaN NaN NaN NaN NaN NaN NaN NaN NaN NaN NaN NaN NaN NaN NaN NaN NaN NaN 0.95576 0.3192 NaN NaN NaN
NaN NaN NaN NaN NaN NaN NaN NaN NaN NaN NaN NaN NaN NaN NaN NaN NaN NaN NaN NaN NaN NaN NaN NaN NaN NaN NaN NaN NaN NaN NaN NaN NaN NaN NaN NaN NaN
NaN NaN NaN NaN NaN NaN NaN NaN NaN NaN NaN NaN NaN NaN NaN NaN NaN NaN NaN NaN NaN NaN NaN NaN NaN NaN NaN NaN NaN NaN NaN NaN NaN NaN NaN NaN NaN
NaN NaN NaN NaN NaN NaN NaN NaN NaN NaN NaN NaN NaN NaN NaN NaN NaN NaN NaN NaN NaN NaN NaN NaN NaN NaN NaN NaN NaN NaN NaN NaN NaN NaN NaN NaN NaN
