NaN NaN NaN NaN NaN NaN NaN NaN NaN NaN 1.6877 1.9371 1.9828 2.1288 2.1621 2.1577 2.1141 2.1054 2.1354 2.1826 2.2328 2.2563 2.2825 2.3096 2.3182 2.3429 2.3542 2.3782 2.3967 2.414 2.4339 2.4511 2.477 2.5022 2.5267 2.541 2.553
NaN NaN NaN NaN NaN NaN NaN NaN NaN NaN NaN NaN NaN NaN 1.9359 2.0071 2.0396 2.0438 2.09 2.1445 2.1986 2.2314 2.2658 2.2965 2.3096 2.3349 2.3476 2.3706 2.3893 2.4052 2.4251 2.4382 2.4636 2.4917 2.5131 2.5275 2.5393
NaN NaN NaN NaN NaN NaN NaN NaN 0.32895 0.2968 0.27293 0.24356 0.20742 0.17077 1.9421 1.8989 1.9818 1.9982 2.0519 2.1101 2.1669 2.2072 2.2475 2.2786 2.3008 2.3254 2.34 2.3631 2.3826 2.3971 2.4139 2.4249 2.4517 2.4804 2.4994 2.514 2.5247
NaN NaN NaN NaN NaN NaN NaN NaN 0.70309 0.76161 0.83255 0.93583 1.0911 1.3606 1.8832 1.7795 1.9279 1.9613 2.0199 2.0774 2.1375 2.1803 2.2258 2.2601 2.2873 2.3139 2.332 2.3548 2.3743 2.3898 2.4042 2.4161 2.4442 2.4686 2.485 2.4992 2.5105
NaN NaN NaN NaN NaN NaN NaN NaN 0.97135 1.0239 1.0872 1.179 1.3197 1.5197 1.7705 1.6914 1.8807 1.9268 1.9879 2.0472 2.1067 2.1542 2.2026 2.2405 2.2715 2.3002 2.3205 2.3432 2.3635 2.3781 2.3893 2.4023 2.4263 2.4545 2.471 2.4846 2.4971
NaN NaN NaN NaN NaN NaN NaN NaN 1.0358 1.084 1.1556 1.2561 1.3913 1.5431 1.6855 1.6509 1.8378 1.8925 1.9563 2.0173 2.077 2.1271 2.1774 2.2178 2.253 2.283 2.3063 2.3288 2.3478 2.3642 2.3747 2.3889 2.4129 2.4407 2.4565 2.4711 2.482
NaN NaN NaN NaN NaN NaN NaN NaN 1.0989 1.1458 1.2219 1.3241 1.4351 1.5417 1.6304 1.6357 1.8047 1.8586 1.9227 1.9861 2.0457 2.0982 2.1508 2.1943 2.2336 2.2645 2.2895 2.3148 2.3354 2.3532 2.3665 2.3845 2.4034 2.4299 2.4434 2.4566 2.4665
NaN NaN NaN NaN NaN NaN NaN NaN 1.1308 1.1904 1.2697 1.3612 1.4469 1.5266 1.598 1.6359 1.7814 1.8377 1.8978 1.9569 2.0152 2.067 2.1192 2.1627 2.201 2.2456 2.2639 2.2265 2.3214 2.3339 2.3464 2.369 2.3918 2.4139 2.428 2.44 2.4493
NaN NaN NaN NaN NaN NaN NaN NaN 1.1573 1.2324 1.3059 1.3816 1.4484 1.5135 1.5804 1.6381 1.7616 1.8168 1.8762 1.9332 1.9877 2.0455 2.0974 2.1463 2.1961 2.2545 2.2981 2.2622 2.3185 2.3245 2.3359 2.3602 2.3786 2.4019 2.4185 2.4158 2.4383
NaN NaN NaN NaN NaN NaN NaN NaN NaN 1.2882 1.3466 1.4041 1.4537 1.5092 1.5742 1.6448 1.7515 1.7997 1.8571 1.9107 1.9657 2.0246 2.0791 2.1303 2.1825 2.2376 2.2684 2.2338 2.3021 2.3124 2.3234 2.3478 2.3659 2.3878 2.4065 2.3993 2.4254
NaN NaN NaN NaN NaN NaN NaN NaN NaN 1.3315 1.3847 1.4114 1.4453 1.5024 1.5713 1.65 1.7466 1.7939 1.8429 1.893 1.9515 2.011 2.0642 2.117 2.1679 2.218 2.2423 2.2153 2.2842 2.2982 2.313 2.3363 2.354 2.3761 2.3933 2.3942 2.4122
NaN NaN NaN NaN NaN NaN NaN NaN NaN NaN 1.3868 1.4012 1.4326 1.503 1.5753 1.6565 1.7441 1.7872 1.8321 1.8838 1.9391 1.9962 2.0488 2.0984 2.1503 2.1961 2.2171 2.2 2.2659 2.2825 2.3024 2.3248 2.3441 2.3644 2.3786 2.3793 2.3964
NaN NaN NaN NaN NaN NaN NaN NaN NaN NaN NaN 1.4009 1.4352 1.5108 1.5846 1.6638 1.7389 1.7766 1.8224 1.8735 1.928 1.9823 2.0348 2.0838 2.1332 2.1767 2.1967 2.1892 2.2489 2.2681 2.2907 2.3134 2.3321 2.3526 2.3624 2.3642 2.3805
NaN NaN NaN NaN NaN NaN NaN NaN NaN NaN NaN 1.4096 1.4483 1.5146 1.5829 1.6563 1.7245 1.7598 1.8024 1.8592 1.9167 1.9683 2.0201 2.068 2.1157 2.1571 2.1784 2.1768 2.2317 2.2526 2.2796 2.3015 2.3189 2.3367 2.346 2.3507 2.3644
NaN NaN NaN NaN NaN NaN NaN NaN NaN NaN NaN NaN 1.451 1.5264 1.5589 1.6349 1.7052 1.7438 1.7882 1.8448 1.9032 1.9537 2.005 2.0511 2.0993 2.1395 2.1617 2.1677 2.2157 2.2384 2.267 2.2897 2.308 2.3234 2.3322 2.3369 2.3471
NaN NaN NaN NaN NaN NaN NaN NaN NaN NaN NaN NaN NaN 1.5507 1.5768 1.627 1.7029 1.7355 1.7782 1.8351 1.8913 1.9419 1.9925 2.038 2.083 2.1239 2.145 2.1573 2.2015 2.2231 2.2555 2.2773 2.2959 2.3097 2.3179 2.3236 2.3301
NaN NaN NaN NaN NaN NaN NaN NaN NaN NaN NaN NaN NaN NaN 1.59 1.6524 1.6942 1.7095 1.7574 1.8222 1.8638 1.9243 1.974 2.021 2.069 2.1067 2.1312 2.149 2.1863 2.2104 2.2441 2.2664 2.2843 2.2964 2.3043 2.3087 2.3161
NaN NaN NaN NaN NaN NaN NaN NaN NaN NaN NaN NaN NaN NaN NaN 1.6587 1.6912 1.6909 1.7381 1.8052 1.846 1.9089 1.9578 2.0044 2.0508 2.0906 2.1148 2.1415 2.1628 2.1924 2.2316 2.2557 2.2732 2.2838 2.2923 2.2972 2.3006
NaN NaN NaN NaN NaN NaN NaN NaN NaN NaN NaN NaN NaN NaN NaN NaN NaN 1.706 1.7409 1.7893 1.8094 1.8865 1.9336 1.9763 2.0233 2.0738 2.1016 2.1356 2.1571 2.1869 2.2206 2.2452 2.2617 2.271 2.2806 2.2841 2.2866
NaN NaN NaN NaN NaN NaN NaN NaN NaN NaN NaN NaN NaN NaN NaN NaN NaN NaN 1.7382 1.8033 1.7891 1.8649 1.917 1.9536 1.9913 2.0546 2.0898 2.1117 2.1434 2.175 2.2096 2.2355 2.252 2.2599 2.2681 2.2715 2.2726
NaN NaN NaN NaN NaN NaN NaN NaN NaN NaN NaN NaN NaN NaN NaN NaN NaN NaN NaN NaN 1.7649 1.8785 1.918 1.9215 1.9393 2.0275 2.0701 2.0805 2.1264 2.1592 2.2018 2.2271 2.2404 2.2479 2.2542 2.2576 2.2598
NaN NaN NaN NaN NaN NaN NaN NaN NaN NaN NaN NaN NaN NaN NaN NaN NaN NaN NaN NaN NaN NaN 1.8219 1.8735 1.9156 1.999 2.0405 2.0367 2.1045 2.1297 2.1612 2.2117 2.2247 2.2311 2.2362 2.2391 2.2411
NaN NaN NaN NaN NaN NaN NaN NaN NaN NaN NaN NaN NaN NaN NaN NaN NaN NaN NaN NaN NaN NaN NaN NaN 1.7973 1.9459 1.9913 1.9785 2.0483 2.0856 2.092 2.1661 2.193 2.1902 2.2065 2.2158 2.205
NaN NaN NaN NaN NaN NaN NaN NaN NaN NaN NaN NaN NaN NaN NaN NaN NaN NaN NaN NaN NaN NaN NaN NaN NaN NaN 1.8729 1.9483 2.022 2.0749 2.0387 2.0962 2.1274 2.1057 2.1538 2.1598 2.1645
NaN NaN NaN NaN NaN NaN NaN NaN NaN NaN NaN NaN NaN NaN NaN NaN NaN NaN NaN NaN NaN NaN NaN NaN NaN NaN NaN NaN 1.7917 1.9119 1.9825 2.0373 2.061 1.9862 1.9787 1.838 1.1648
NaN NaN NaN NaN NaN NaN NaN NaN NaN NaN NaN NaN NaN NaN NaN NaN NaN NaN NaN NaN NaN NaN NaN NaN NaN NaN NaN NaN NaN NaN 1.6267 1.9034 1.9148 1.713 0.98087 NaN NaN
NaN NaN NaN NaN NaN NaN NaN NaN NaN NaN NaN NaN NaN NaN NaN NaN NaN NaN NaN NaN NaN NaN NaN NaN NaN NaN NaN NaN NaN NaN NaN NaN 1.5004 0.73343 NaN NaN NaN
NaN NaN NaN NaN NaN NaN NaN NaN NaN NaN NaN NaN NaN NaN NaN NaN NaN NaN NaN NaN NaN NaN NaN NaN NaN NaN NaN NaN NaN NaN NaN NaN NaN NaN NaN NaN NaN
NaN NaN NaN NaN NaN NaN NaN NaN NaN NaN NaN NaN NaN NaN NaN NaN NaN NaN NaN NaN NaN NaN NaN NaN NaN NaN NaN NaN NaN NaN NaN NaN NaN NaN NaN NaN NaN
NaN NaN NaN NaN NaN NaN NaN NaN NaN NaN NaN NaN NaN NaN NaN NaN NaN NaN NaN NaN NaN NaN NaN NaN NaN NaN NaN NaN NaN NaN NaN NaN NaN NaN NaN NaN NaN
