NaN NaN NaN NaN NaN NaN NaN NaN NaN NaN 1.872 2.0989 2.168 2.3592 2.4442 2.5709 2.6778 2.6765 2.7151 2.7727 2.8331 2.8611 2.8925 2.9256 2.9359 2.9655 2.9789 3.008 3.0299 3.0498 3.0728 3.0925 3.1233 3.1542 3.1841 3.2012 3.2152
NaN NaN NaN NaN NaN NaN NaN NaN NaN NaN NaN NaN NaN NaN 2.1865 2.3143 2.5838 2.6066 2.6659 2.7317 2.7961 2.835 2.8757 2.9123 2.9274 2.9574 2.9725 3.0001 3.0224 3.0405 3.0635 3.0784 3.109 3.1435 3.1697 3.1869 3.2006
NaN NaN NaN NaN NaN NaN NaN NaN 0.45225 0.40844 0.37556 0.33533 0.28626 0.23815 2.1707 2.2073 2.52 2.5577 2.6262 2.6959 2.7629 2.8101 2.8571 2.8933 2.919 2.9476 2.9648 2.9924 3.0155 3.0321 3.0513 3.0637 3.0961 3.1317 3.1549 3.1724 3.1847
NaN NaN NaN NaN NaN NaN NaN NaN 0.91603 0.98372 1.0645 1.1809 1.3513 1.6411 2.1788 2.1732 2.4603 2.5187 2.5925 2.6612 2.7319 2.7816 2.8343 2.8736 2.905 2.9357 2.9568 2.9838 3.0069 3.0247 3.041 3.0546 3.0887 3.1189 3.1391 3.1561 3.1692
NaN NaN NaN NaN NaN NaN NaN NaN 1.2543 1.3161 1.3888 1.4919 1.6475 1.8643 2.1306 2.1242 2.4085 2.4814 2.5576 2.6286 2.6986 2.7536 2.8092 2.8526 2.8879 2.9209 2.9442 2.9709 2.9948 3.0117 3.0241 3.0393 3.0685 3.1036 3.1239 3.1401 3.1547
NaN NaN NaN NaN NaN NaN NaN NaN 1.3372 1.3949 1.4788 1.5947 1.7492 1.9204 2.0845 2.1069 2.3617 2.4431 2.5227 2.5958 2.6659 2.7238 2.7814 2.8275 2.8675 2.9017 2.9287 2.9549 2.9772 2.9964 3.0081 3.0248 3.054 3.0886 3.108 3.1253 3.138
NaN NaN NaN NaN NaN NaN NaN NaN 1.4242 1.4817 1.5716 1.6915 1.8209 1.945 2.0558 2.1068 2.3267 2.4043 2.4844 2.5608 2.631 2.6918 2.7522 2.8019 2.8469 2.8821 2.9109 2.9405 2.9646 2.9854 3.0007 3.0221 3.0446 3.0774 3.0939 3.1095 3.1211
NaN NaN NaN NaN NaN NaN NaN NaN 1.4717 1.5446 1.6393 1.748 1.8503 1.947 2.0421 2.119 2.3038 2.382 2.4561 2.5268 2.5952 2.6549 2.7144 2.7636 2.807 2.8606 2.8827 2.8281 2.9482 2.9644 2.9786 3.0054 3.033 3.0599 3.0773 3.0915 3.1021
NaN NaN NaN NaN NaN NaN NaN NaN 1.5081 1.6038 1.6924 1.7837 1.866 1.9478 2.0387 2.1299 2.2847 2.3597 2.4333 2.5017 2.566 2.634 2.694 2.7508 2.8095 2.8804 2.9332 2.8795 2.9463 2.955 2.9683 2.9974 3.0194 3.0478 3.0684 3.0638 3.0909
NaN NaN NaN NaN NaN NaN NaN NaN NaN 1.6792 1.7529 1.8232 1.8861 1.9573 2.045 2.1451 2.2769 2.3415 2.4123 2.477 2.5424 2.612 2.6755 2.7347 2.7956 2.8611 2.8974 2.8473 2.9287 2.9424 2.9554 2.9848 3.0067 3.0333 3.0566 3.0459 3.0771
NaN NaN NaN NaN NaN NaN NaN NaN NaN 1.7306 1.8007 1.8419 1.8866 1.9597 2.0516 2.157 2.2757 2.338 2.3981 2.4587 2.5291 2.5994 2.6611 2.722 2.7809 2.8396 2.8682 2.829 2.9102 2.928 2.9457 2.9737 2.995 3.0219 3.0431 3.0426 3.0633
NaN NaN NaN NaN NaN NaN NaN NaN NaN NaN 1.8023 1.8358 1.8797 1.9696 2.0646 2.17 2.2768 2.3329 2.3881 2.4509 2.517 2.5843 2.6453 2.7021 2.762 2.8153 2.8402 2.8141 2.8913 2.9119 2.9357 2.9624 2.9855 3.0099 3.0271 3.0266 3.0463
NaN NaN NaN NaN NaN NaN NaN NaN NaN NaN NaN 1.8424 1.8921 1.9868 2.0825 2.183 2.2737 2.3224 2.3789 2.4411 2.5064 2.5701 2.6311 2.6872 2.7439 2.7946 2.8181 2.8045 2.8741 2.8973 2.9241 2.9508 2.973 2.9976 3.009 3.0101 3.0287
NaN NaN NaN NaN NaN NaN NaN NaN NaN NaN NaN 1.8422 1.9123 1.9956 2.0829 2.1752 2.2573 2.3029 2.3559 2.4257 2.4947 2.5553 2.6155 2.6702 2.725 2.7731 2.7983 2.7924 2.856 2.881 2.9129 2.9385 2.9588 2.9799 2.9907 2.9954 3.0108
NaN NaN NaN NaN NaN NaN NaN NaN NaN NaN NaN NaN 1.8694 1.971 2.0519 2.1491 2.2349 2.2849 2.3403 2.4095 2.4798 2.5394 2.5991 2.6518 2.7072 2.7539 2.7802 2.784 2.8391 2.8661 2.8997 2.9261 2.9475 2.9653 2.9754 2.98 2.9909
NaN NaN NaN NaN NaN NaN NaN NaN NaN NaN NaN NaN NaN 1.9511 2.0239 2.1435 2.2357 2.2775 2.3302 2.3992 2.4668 2.5267 2.5856 2.6377 2.6892 2.737 2.7617 2.7734 2.8242 2.8495 2.8877 2.9129 2.9342 2.95 2.9592 2.9649 2.9711
NaN NaN NaN NaN NaN NaN NaN NaN NaN NaN NaN NaN NaN NaN 1.975 2.0953 2.2268 2.2499 2.3072 2.3835 2.433 2.5059 2.5641 2.6184 2.674 2.7178 2.7467 2.7653 2.8077 2.8359 2.8755 2.9013 2.9216 2.9351 2.9438 2.9478 2.9552
NaN NaN NaN NaN NaN NaN NaN NaN NaN NaN NaN NaN NaN NaN NaN 2.022 2.127 2.2251 2.2844 2.3636 2.4127 2.4878 2.5453 2.5992 2.6528 2.6995 2.7279 2.7579 2.7801 2.8152 2.8618 2.8899 2.9095 2.9211 2.9303 2.9349 2.9374
NaN NaN NaN NaN NaN NaN NaN NaN NaN NaN NaN NaN NaN NaN NaN NaN NaN 2.1374 2.2691 2.3447 2.3703 2.4602 2.5155 2.5648 2.62 2.6808 2.7138 2.7527 2.7756 2.8102 2.8497 2.8784 2.8968 2.9066 2.9172 2.9199 2.9212
NaN NaN NaN NaN NaN NaN NaN NaN NaN NaN NaN NaN NaN NaN NaN NaN NaN NaN 2.1121 2.217 2.3274 2.4329 2.4954 2.537 2.5809 2.6583 2.7008 2.7236 2.7599 2.7969 2.8376 2.8679 2.8863 2.8942 2.9028 2.9054 2.9051
NaN NaN NaN NaN NaN NaN NaN NaN NaN NaN NaN NaN NaN NaN NaN NaN NaN NaN NaN NaN 2.1319 2.2696 2.4392 2.4918 2.5159 2.6256 2.6774 2.6853 2.7399 2.7789 2.8297 2.859 2.8732 2.8804 2.8866 2.8893 2.8905
NaN NaN NaN NaN NaN NaN NaN NaN NaN NaN NaN NaN NaN NaN NaN NaN NaN NaN NaN NaN NaN NaN 2.0878 2.1737 2.3647 2.5848 2.6398 2.6311 2.7132 2.7429 2.7795 2.8409 2.855 2.8607 2.865 2.8672 2.8686
NaN NaN NaN NaN NaN NaN NaN NaN NaN NaN NaN NaN NaN NaN NaN NaN NaN NaN NaN NaN NaN NaN NaN NaN 2.0448 2.3184 2.5418 2.5481 2.6385 2.6864 2.6923 2.7842 2.8166 2.8098 2.8285 2.8395 2.8249
NaN NaN NaN NaN NaN NaN NaN NaN NaN NaN NaN NaN NaN NaN NaN NaN NaN NaN NaN NaN NaN NaN NaN NaN NaN NaN 2.2073 2.3045 2.5206 2.652 2.5947 2.6903 2.7329 2.7033 2.7632 2.7715 2.7762
NaN NaN NaN NaN NaN NaN NaN NaN NaN NaN NaN NaN NaN NaN NaN NaN NaN NaN NaN NaN NaN NaN NaN NaN NaN NaN NaN NaN 2.0372 2.156 2.2896 2.4006 2.5872 2.5335 2.5176 2.3207 1.3989
NaN NaN NaN NaN NaN NaN NaN NaN NaN NaN NaN NaN NaN NaN NaN NaN NaN NaN NaN NaN NaN NaN NaN NaN NaN NaN NaN NaN NaN NaN 1.7551 2.1362 2.3266 2.151 1.1728 NaN NaN
NaN NaN NaN NaN NaN NaN NaN NaN NaN NaN NaN NaN NaN NaN NaN NaN NaN NaN NaN NaN NaN NaN NaN NaN NaN NaN NaN NaN NaN NaN NaN NaN 1.8144 0.86873 NaN NaN NaN
NaN NaN NaN NaN NaN NaN NaN NaN NaN NaN NaN NaN NaN NaN NaN NaN NaN NaN NaN NaN NaN NaN NaN NaN NaN NaN NaN NaN NaN NaN NaN NaN NaN NaN NaN NaN NaN
NaN NaN NaN NaN NaN NaN NaN NaN NaN NaN NaN NaN NaN NaN NaN NaN NaN NaN NaN NaN NaN NaN NaN NaN NaN NaN NaN NaN NaN NaN NaN NaN NaN NaN NaN NaN NaN
NaN NaN NaN NaN NaN NaN NaN NaN NaN NaN NaN NaN NaN NaN NaN NaN NaN NaN NaN NaN NaN NaN NaN NaN NaN NaN NaN NaN NaN NaN NaN NaN NaN NaN NaN NaN NaN
