NaN NaN NaN NaN NaN NaN NaN NaN NaN NaN 1.3442 1.4252 1.3913 1.4319 1.4289 1.371 1.3365 1.3323 1.3443 1.3631 1.3815 1.3895 1.3987 1.4096 1.4121 1.4212 1.4249 1.4342 1.4402 1.4443 1.4499 1.4551 1.466 1.4785 1.4901 1.4962 1.5005
NaN NaN NaN NaN NaN NaN NaN NaN NaN NaN NaN NaN NaN NaN 1.4277 1.3552 1.3164 1.3199 1.3375 1.3556 1.373 1.3834 1.3946 1.4047 1.4076 1.4162 1.4204 1.4287 1.4347 1.438 1.4439 1.4476 1.4589 1.4734 1.4834 1.4893 1.4934
NaN NaN NaN NaN NaN NaN NaN NaN 0.38563 0.35509 0.33573 0.3104 0.27799 0.24859 1.4381 1.3284 1.3074 1.3153 1.3342 1.3514 1.3673 1.3784 1.3895 1.3971 1.4031 1.41 1.4144 1.4222 1.4284 1.4314 1.4358 1.439 1.4514 1.4664 1.4752 1.4812 1.4844
NaN NaN NaN NaN NaN NaN NaN NaN 0.69574 0.73797 0.78481 0.85001 0.94196 1.0959 1.3707 1.2559 1.2878 1.3076 1.3278 1.3438 1.3604 1.3705 1.3819 1.3893 1.3958 1.4029 1.4081 1.4152 1.4213 1.4252 1.4284 1.4322 1.4455 1.4581 1.4655 1.4711 1.4748
NaN NaN NaN NaN NaN NaN NaN NaN 0.87981 0.91148 0.94621 0.99494 1.0676 1.1651 1.2738 1.2015 1.2666 1.2942 1.3161 1.334 1.35 1.3612 1.3721 1.3799 1.3864 1.3934 1.3986 1.4052 1.4115 1.4151 1.4171 1.4223 1.434 1.449 1.4568 1.4619 1.4663
NaN NaN NaN NaN NaN NaN NaN NaN 0.8928 0.91907 0.95887 1.0127 1.0824 1.154 1.2129 1.178 1.246 1.277 1.3018 1.3216 1.338 1.3497 1.3605 1.3686 1.376 1.3828 1.389 1.3953 1.4009 1.406 1.4082 1.4142 1.4258 1.4402 1.4477 1.4533 1.4567
NaN NaN NaN NaN NaN NaN NaN NaN 0.91953 0.94456 0.98625 1.0405 1.0958 1.1434 1.1789 1.1686 1.2304 1.2583 1.2847 1.3074 1.3249 1.338 1.3501 1.3594 1.3683 1.3752 1.3818 1.3896 1.3959 1.4014 1.4054 1.413 1.4211 1.4341 1.4405 1.4455 1.4487
NaN NaN NaN NaN NaN NaN NaN NaN 0.92512 0.95897 1.0022 1.05 1.0915 1.1273 1.1585 1.1671 1.2198 1.247 1.2695 1.2891 1.3056 1.3176 1.3284 1.3364 1.344 1.3601 1.3644 1.3358 1.3856 1.3927 1.3961 1.4059 1.4165 1.4266 1.4334 1.438 1.4408
NaN NaN NaN NaN NaN NaN NaN NaN 0.92453 0.97698 1.0161 1.0551 1.0876 1.118 1.1491 1.168 1.2127 1.2395 1.2633 1.2837 1.3004 1.3186 1.3324 1.3464 1.3634 1.3874 1.4031 1.3697 1.3849 1.3895 1.3934 1.4041 1.4122 1.423 1.4313 1.4271 1.4368
NaN NaN NaN NaN NaN NaN NaN NaN NaN 1.0106 1.0401 1.068 1.0918 1.1179 1.1478 1.1725 1.2099 1.232 1.2552 1.2751 1.2933 1.3124 1.3281 1.3421 1.358 1.3764 1.3837 1.3559 1.3794 1.3855 1.3897 1.4008 1.4093 1.4194 1.4288 1.4217 1.432
NaN NaN NaN NaN NaN NaN NaN NaN NaN 1.0316 1.0609 1.071 1.0867 1.1144 1.1475 1.177 1.2121 1.2335 1.2525 1.2718 1.2926 1.3119 1.3268 1.341 1.3548 1.3694 1.3743 1.3533 1.3763 1.3831 1.3893 1.3995 1.4079 1.4181 1.4258 1.4236 1.4284
NaN NaN NaN NaN NaN NaN NaN NaN NaN NaN 1.0582 1.0623 1.0789 1.1165 1.1517 1.1825 1.2143 1.2335 1.2519 1.2721 1.2905 1.3083 1.323 1.3352 1.3494 1.3619 1.3662 1.3516 1.3732 1.3802 1.3885 1.3975 1.4061 1.4147 1.4202 1.4183 1.4229
NaN NaN NaN NaN NaN NaN NaN NaN NaN NaN NaN 1.0673 1.0841 1.1231 1.1585 1.1873 1.2134 1.2302 1.2501 1.2704 1.289 1.3052 1.3201 1.3321 1.3448 1.3567 1.3608 1.3516 1.3704 1.3776 1.3861 1.3944 1.402 1.4105 1.4134 1.4122 1.4164
NaN NaN NaN NaN NaN NaN NaN NaN NaN NaN NaN 1.0712 1.0909 1.1218 1.1522 1.1786 1.2032 1.22 1.24 1.265 1.2855 1.3005 1.315 1.3268 1.3389 1.3502 1.3553 1.3491 1.3661 1.3735 1.3831 1.3905 1.3968 1.4036 1.4063 1.4064 1.4093
NaN NaN NaN NaN NaN NaN NaN NaN NaN NaN NaN NaN 1.0746 1.1159 1.1291 1.1615 1.1912 1.2123 1.2346 1.2588 1.2797 1.2945 1.309 1.3204 1.3333 1.3444 1.3501 1.3476 1.3617 1.3694 1.379 1.3864 1.3927 1.3977 1.3997 1.3993 1.4002
NaN NaN NaN NaN NaN NaN NaN NaN NaN NaN NaN NaN NaN 1.1364 1.1448 1.1604 1.1944 1.2119 1.2322 1.2556 1.2749 1.29 1.3041 1.3154 1.3267 1.3387 1.3435 1.344 1.3572 1.3637 1.3747 1.3811 1.3868 1.3906 1.392 1.3918 1.3906
NaN NaN NaN NaN NaN NaN NaN NaN NaN NaN NaN NaN NaN NaN 1.1524 1.177 1.1876 1.196 1.2187 1.2451 1.2585 1.2799 1.2944 1.3073 1.3211 1.3315 1.3382 1.3412 1.3515 1.359 1.3701 1.3764 1.3812 1.3838 1.3849 1.3837 1.3832
NaN NaN NaN NaN NaN NaN NaN NaN NaN NaN NaN NaN NaN NaN NaN 1.1806 1.1867 1.181 1.2043 1.2344 1.2502 1.2713 1.2854 1.2982 1.3113 1.3234 1.3298 1.3376 1.3397 1.3499 1.3644 1.3718 1.376 1.3776 1.3786 1.3774 1.3748
NaN NaN NaN NaN NaN NaN NaN NaN NaN NaN NaN NaN NaN NaN NaN NaN NaN 1.1916 1.2021 1.2196 1.2269 1.2554 1.2694 1.2814 1.2971 1.3167 1.3257 1.3364 1.3395 1.3481 1.3589 1.3665 1.37 1.3707 1.372 1.37 1.367
NaN NaN NaN NaN NaN NaN NaN NaN NaN NaN NaN NaN NaN NaN NaN NaN NaN NaN 1.1993 1.225 1.2115 1.241 1.2589 1.268 1.2793 1.3064 1.3192 1.3215 1.3316 1.3421 1.3534 1.3615 1.3649 1.3645 1.3648 1.3627 1.3594
NaN NaN NaN NaN NaN NaN NaN NaN NaN NaN NaN NaN NaN NaN NaN NaN NaN NaN NaN NaN 1.203 1.2536 1.2543 1.2458 1.2497 1.2906 1.3074 1.3034 1.3218 1.3343 1.35 1.3572 1.3584 1.3576 1.3567 1.3549 1.3528
NaN NaN NaN NaN NaN NaN NaN NaN NaN NaN NaN NaN NaN NaN NaN NaN NaN NaN NaN NaN NaN NaN 1.2625 1.2596 1.2407 1.2721 1.2884 1.2779 1.3074 1.3162 1.3258 1.3481 1.3497 1.3477 1.3459 1.3444 1.343
NaN NaN NaN NaN NaN NaN NaN NaN NaN NaN NaN NaN NaN NaN NaN NaN NaN NaN NaN NaN NaN NaN NaN NaN 1.2396 1.2538 1.2443 1.233 1.2672 1.2859 1.2844 1.3201 1.3313 1.3231 1.3276 1.3312 1.3232
NaN NaN NaN NaN NaN NaN NaN NaN NaN NaN NaN NaN NaN NaN NaN NaN NaN NaN NaN NaN NaN NaN NaN NaN NaN NaN 1.2341 1.2405 1.2503 1.2703 1.2441 1.2704 1.2884 1.2724 1.2962 1.3011 1.3022
NaN NaN NaN NaN NaN NaN NaN NaN NaN NaN NaN NaN NaN NaN NaN NaN NaN NaN NaN NaN NaN NaN NaN NaN NaN NaN NaN NaN 1.2268 1.2844 1.2413 1.2461 1.2257 1.1673 1.1356 1.0065 0.42512
NaN NaN NaN NaN NaN NaN NaN NaN NaN NaN NaN NaN NaN NaN NaN NaN NaN NaN NaN NaN NaN NaN NaN NaN NaN NaN NaN NaN NaN NaN 1.2282 1.18 1.099 0.93179 0.354 NaN NaN
NaN NaN NaN NaN NaN NaN NaN NaN NaN NaN NaN NaN NaN NaN NaN NaN NaN NaN NaN NaN NaN NaN NaN NaN NaN NaN NaN NaN NaN NaN NaN NaN 0.85373 0.26573 NaN NaN NaN
NaN NaN NaN NaN NaN NaN NaN NaN NaN NaN NaN NaN NaN NaN NaN NaN NaN NaN NaN NaN NaN NaN NaN NaN NaN NaN NaN NaN NaN NaN NaN NaN NaN NaN NaN NaN NaN
NaN NaN NaN NaN NaN NaN NaN NaN NaN NaN NaN NaN NaN NaN NaN NaN NaN NaN NaN NaN NaN NaN NaN NaN NaN NaN NaN NaN NaN NaN NaN NaN NaN NaN NaN NaN NaN
NaN NaN NaN NaN NaN NaN NaN NaN NaN NaN NaN NaN NaN NaN NaN NaN NaN NaN NaN NaN NaN NaN NaN NaN NaN NaN NaN NaN NaN NaN NaN NaN NaN NaN NaN NaN NaN
