NaN NaN NaN NaN NaN NaN NaN NaN NaN NaN 1.3795 1.4715 1.4406 1.4867 1.4842 1.4233 1.3858 1.3801 1.3921 1.4119 1.4316 1.4401 1.4501 1.4617 1.4646 1.4749 1.4791 1.4893 1.496 1.5009 1.5073 1.5133 1.525 1.5381 1.5503 1.5567 1.5614
NaN NaN NaN NaN NaN NaN NaN NaN NaN NaN NaN NaN NaN NaN 1.4731 1.4032 1.3638 1.366 1.3841 1.4036 1.4224 1.4336 1.4458 1.4568 1.4603 1.4699 1.4747 1.4838 1.4905 1.4947 1.5013 1.5056 1.5177 1.5328 1.5433 1.5497 1.554
NaN NaN NaN NaN NaN NaN NaN NaN 0.38238 0.3517 0.33206 0.30654 0.27407 0.24466 1.4832 1.3716 1.3526 1.3598 1.3798 1.3986 1.4161 1.4282 1.4407 1.4493 1.4559 1.464 1.4689 1.4776 1.4845 1.4882 1.4933 1.4969 1.5101 1.5258 1.535 1.5414 1.545
NaN NaN NaN NaN NaN NaN NaN NaN 0.6982 0.74171 0.79058 0.85891 0.95598 1.1192 1.4143 1.2951 1.3315 1.3512 1.3728 1.3904 1.4088 1.42 1.433 1.4415 1.4489 1.4571 1.463 1.4709 1.4776 1.4822 1.486 1.4903 1.5044 1.5175 1.5253 1.5313 1.5353
NaN NaN NaN NaN NaN NaN NaN NaN 0.88969 0.92304 0.96002 1.0121 1.09 1.1951 1.3146 1.2383 1.3093 1.3372 1.3607 1.3802 1.398 1.4106 1.4232 1.4322 1.4399 1.448 1.4539 1.4612 1.4682 1.4724 1.4748 1.4804 1.4928 1.5083 1.5165 1.522 1.5267
NaN NaN NaN NaN NaN NaN NaN NaN 0.9066 0.93461 0.97683 1.0341 1.1086 1.1861 1.2509 1.2136 1.2879 1.3196 1.346 1.3675 1.3858 1.399 1.4116 1.421 1.4297 1.4376 1.4445 1.4515 1.4577 1.4633 1.466 1.4723 1.4846 1.4996 1.5074 1.5133 1.517
NaN NaN NaN NaN NaN NaN NaN NaN 0.93604 0.96279 1.007 1.0647 1.1239 1.1756 1.2147 1.2038 1.2715 1.3004 1.3284 1.3529 1.3723 1.387 1.4009 1.4116 1.4218 1.4298 1.4372 1.4458 1.4526 1.4586 1.4631 1.4712 1.4799 1.4935 1.5001 1.5054 1.5087
NaN NaN NaN NaN NaN NaN NaN NaN 0.94363 0.97937 1.0252 1.076 1.1205 1.1593 1.193 1.2024 1.2604 1.2887 1.313 1.3345 1.3532 1.3667 1.3794 1.3888 1.3977 1.4147 1.4189 1.3918 1.4429 1.4497 1.4536 1.464 1.4751 1.4857 1.4927 1.4975 1.5004
NaN NaN NaN NaN NaN NaN NaN NaN 0.94501 0.99899 1.0405 1.082 1.1168 1.1494 1.1827 1.2033 1.2524 1.28 1.3056 1.3278 1.3469 1.3667 1.382 1.3974 1.4158 1.4411 1.4576 1.4256 1.4424 1.4465 1.4507 1.462 1.4706 1.4819 1.4902 1.4861 1.4962
NaN NaN NaN NaN NaN NaN NaN NaN NaN 1.034 1.0655 1.0954 1.1208 1.1488 1.1808 1.2079 1.2492 1.2717 1.2964 1.318 1.3389 1.36 1.3774 1.393 1.4105 1.4304 1.4381 1.4111 1.4366 1.4423 1.4467 1.4583 1.4673 1.4778 1.4873 1.4802 1.4911
NaN NaN NaN NaN NaN NaN NaN NaN NaN 1.0565 1.0874 1.0986 1.1154 1.1449 1.1801 1.2123 1.2509 1.2727 1.2926 1.3134 1.3372 1.3589 1.3755 1.3915 1.407 1.423 1.4281 1.4075 1.4329 1.4394 1.4459 1.4567 1.4654 1.476 1.4839 1.4818 1.487
NaN NaN NaN NaN NaN NaN NaN NaN NaN NaN 1.0849 1.0896 1.107 1.1467 1.184 1.2178 1.2526 1.2721 1.2914 1.3132 1.3344 1.3548 1.3713 1.3852 1.4012 1.4149 1.4192 1.4052 1.4291 1.4361 1.4447 1.4544 1.4634 1.4724 1.478 1.476 1.4811
NaN NaN NaN NaN NaN NaN NaN NaN NaN NaN NaN 1.0941 1.1119 1.1532 1.1907 1.2226 1.2513 1.2683 1.2891 1.311 1.332 1.351 1.3678 1.3817 1.396 1.4091 1.4131 1.4046 1.4257 1.433 1.442 1.451 1.4591 1.468 1.4708 1.4696 1.4742
NaN NaN NaN NaN NaN NaN NaN NaN NaN NaN NaN 1.0981 1.1189 1.1521 1.1847 1.2139 1.2408 1.2576 1.2786 1.3051 1.3279 1.3456 1.3623 1.3759 1.3897 1.402 1.4071 1.4016 1.4209 1.4285 1.4388 1.4468 1.4536 1.4608 1.4634 1.4636 1.4667
NaN NaN NaN NaN NaN NaN NaN NaN NaN NaN NaN NaN 1.1039 1.1472 1.1614 1.1964 1.2282 1.2494 1.2726 1.2983 1.3214 1.339 1.3558 1.369 1.3836 1.3957 1.4014 1.3999 1.416 1.424 1.4344 1.4426 1.4494 1.4546 1.4566 1.4563 1.4574
NaN NaN NaN NaN NaN NaN NaN NaN NaN NaN NaN NaN NaN 1.1679 1.1771 1.1946 1.2308 1.2486 1.2698 1.2949 1.3162 1.3338 1.3504 1.3635 1.3765 1.3895 1.3945 1.396 1.4111 1.418 1.4299 1.4371 1.4434 1.4475 1.4488 1.4487 1.4476
NaN NaN NaN NaN NaN NaN NaN NaN NaN NaN NaN NaN NaN NaN 1.1851 1.2118 1.2238 1.2323 1.256 1.2844 1.2994 1.3232 1.3401 1.355 1.3705 1.382 1.3889 1.393 1.405 1.4131 1.4252 1.4323 1.4376 1.4405 1.4415 1.4403 1.44
NaN NaN NaN NaN NaN NaN NaN NaN NaN NaN NaN NaN NaN NaN NaN 1.2155 1.2228 1.2169 1.2415 1.2736 1.2905 1.3142 1.3307 1.3454 1.3604 1.3736 1.3803 1.3892 1.3927 1.4037 1.4193 1.4275 1.4323 1.4341 1.4351 1.434 1.4314
NaN NaN NaN NaN NaN NaN NaN NaN NaN NaN NaN NaN NaN NaN NaN NaN NaN 1.228 1.2395 1.2588 1.2668 1.2978 1.3141 1.328 1.3455 1.3664 1.3758 1.3879 1.3923 1.4019 1.4137 1.4221 1.4262 1.4271 1.4285 1.4264 1.4234
NaN NaN NaN NaN NaN NaN NaN NaN NaN NaN NaN NaN NaN NaN NaN NaN NaN NaN 1.2376 1.2655 1.2511 1.2832 1.3033 1.3141 1.327 1.3556 1.3691 1.3728 1.3843 1.3957 1.4081 1.417 1.421 1.4209 1.4211 1.4191 1.4156
NaN NaN NaN NaN NaN NaN NaN NaN NaN NaN NaN NaN NaN NaN NaN NaN NaN NaN NaN NaN 1.243 1.2974 1.2989 1.2918 1.2962 1.3393 1.357 1.3543 1.3742 1.3876 1.4046 1.4127 1.4144 1.4139 1.4129 1.4111 1.4088
NaN NaN NaN NaN NaN NaN NaN NaN NaN NaN NaN NaN NaN NaN NaN NaN NaN NaN NaN NaN NaN NaN 1.3073 1.3061 1.2861 1.3208 1.338 1.3281 1.3595 1.3691 1.3798 1.4034 1.4055 1.4037 1.4019 1.4002 1.3987
NaN NaN NaN NaN NaN NaN NaN NaN NaN NaN NaN NaN NaN NaN NaN NaN NaN NaN NaN NaN NaN NaN NaN NaN 1.2838 1.3025 1.2941 1.283 1.319 1.3384 1.3374 1.3747 1.3864 1.3785 1.3832 1.3865 1.378
NaN NaN NaN NaN NaN NaN NaN NaN NaN NaN NaN NaN NaN NaN NaN NaN NaN NaN NaN NaN NaN NaN NaN NaN NaN NaN 1.2804 1.2913 1.3026 1.3227 1.2974 1.3246 1.3426 1.3264 1.3505 1.3548 1.3558
NaN NaN NaN NaN NaN NaN NaN NaN NaN NaN NaN NaN NaN NaN NaN NaN NaN NaN NaN NaN NaN NaN NaN NaN NaN NaN NaN NaN 1.2739 1.3383 1.2959 1.3019 1.2806 1.2207 1.1892 1.0582 0.47197
NaN NaN NaN NaN NaN NaN NaN NaN NaN NaN NaN NaN NaN NaN NaN NaN NaN NaN NaN NaN NaN NaN NaN NaN NaN NaN NaN NaN NaN NaN 1.2695 1.2353 1.1536 0.98258 0.39484 NaN NaN
NaN NaN NaN NaN NaN NaN NaN NaN NaN NaN NaN NaN NaN NaN NaN NaN NaN NaN NaN NaN NaN NaN NaN NaN NaN NaN NaN NaN NaN NaN NaN NaN 0.89768 0.29695 NaN NaN NaN
NaN NaN NaN NaN NaN NaN NaN NaN NaN NaN NaN NaN NaN NaN NaN NaN NaN NaN NaN NaN NaN NaN NaN NaN NaN NaN NaN NaN NaN NaN NaN NaN NaN NaN NaN NaN NaN
NaN NaN NaN NaN NaN NaN NaN NaN NaN NaN NaN NaN NaN NaN NaN NaN NaN NaN NaN NaN NaN NaN NaN NaN NaN NaN NaN NaN NaN NaN NaN NaN NaN NaN NaN NaN NaN
NaN NaN NaN NaN NaN NaN NaN NaN NaN NaN NaN NaN NaN NaN NaN NaN NaN NaN NaN NaN NaN NaN NaN NaN NaN NaN NaN NaN NaN NaN NaN NaN NaN NaN NaN NaN NaN
