NaN NaN NaN NaN NaN NaN NaN NaN NaN NaN 1.8388 2.1033 2.1793 2.3869 2.4793 2.6266 2.7701 2.7773 2.8266 2.8948 2.966 3.0002 3.037 3.0747 3.087 3.1203 3.1358 3.1686 3.194 3.2178 3.2452 3.2686 3.3037 3.3378 3.371 3.3904 3.4069
NaN NaN NaN NaN NaN NaN NaN NaN NaN NaN NaN NaN NaN NaN 2.1618 2.3334 2.6507 2.6833 2.7568 2.837 2.9153 2.9632 3.012 3.0555 3.0743 3.109 3.1266 3.1581 3.1839 3.206 3.2333 3.2513 3.2858 3.3235 3.3527 3.3723 3.3885
NaN NaN NaN NaN NaN NaN NaN NaN 0.3857 0.34615 0.31563 0.27872 0.23394 0.18856 2.1518 2.2073 2.5663 2.6141 2.6982 2.7845 2.8674 2.9266 2.9844 3.0293 3.0611 3.0952 3.1157 3.1477 3.1748 3.1951 3.2183 3.2334 3.2696 3.3083 3.334 3.3542 3.369
NaN NaN NaN NaN NaN NaN NaN NaN 0.82439 0.89184 0.97406 1.0938 1.2721 1.578 2.1568 2.1611 2.4935 2.5602 2.6499 2.7353 2.8232 2.8865 2.9522 3.0019 3.0411 3.0785 3.1041 3.136 3.1633 3.185 3.2051 3.2214 3.2592 3.2922 3.3148 3.3343 3.35
NaN NaN NaN NaN NaN NaN NaN NaN 1.1597 1.2229 1.2993 1.4091 1.5763 1.8122 2.1077 2.1074 2.432 2.5125 2.6039 2.6911 2.7781 2.848 2.918 2.9732 3.0181 3.0588 3.0877 3.1199 3.1484 3.1691 3.1849 3.2028 3.2351 3.2731 3.2957 3.3145 3.3318
NaN NaN NaN NaN NaN NaN NaN NaN 1.254 1.3137 1.4017 1.5249 1.6904 1.8771 2.059 2.0868 2.3773 2.4665 2.5602 2.6486 2.7354 2.8088 2.8816 2.9406 2.9914 3.0343 3.0677 3.0997 3.1268 3.15 3.1648 3.1842 3.2166 3.2544 3.2761 3.2961 3.3115
NaN NaN NaN NaN NaN NaN NaN NaN 1.3458 1.4053 1.5002 1.6278 1.7673 1.9035 2.0263 2.085 2.3361 2.422 2.5148 2.6055 2.6914 2.7678 2.8437 2.9069 2.9635 3.0079 3.0438 3.0797 3.109 3.1342 3.153 3.1776 3.2032 3.2395 3.2582 3.2765 3.2906
NaN NaN NaN NaN NaN NaN NaN NaN 1.3977 1.4734 1.5734 1.6894 1.8002 1.9059 2.0098 2.0966 2.308 2.3949 2.4817 2.5661 2.6498 2.725 2.8004 2.8637 2.9192 2.9833 3.0119 2.9568 3.089 3.1073 3.1251 3.156 3.1871 3.2175 3.2372 3.2541 3.2672
NaN NaN NaN NaN NaN NaN NaN NaN 1.4409 1.5363 1.6302 1.728 1.8168 1.9056 2.0044 2.1071 2.2844 2.3679 2.453 2.5338 2.6117 2.6942 2.7687 2.8386 2.9089 2.991 3.0535 3.0031 3.0839 3.094 3.1102 3.1434 3.1686 3.2007 3.2241 3.2212 3.2523
NaN NaN NaN NaN NaN NaN NaN NaN NaN 1.6144 1.6918 1.7676 1.8357 1.9129 2.0087 2.1219 2.2738 2.3463 2.428 2.5039 2.5819 2.6655 2.743 2.8158 2.8895 2.9674 3.0134 2.965 3.0607 3.0769 3.0927 3.1261 3.1509 3.1812 3.2076 3.1983 3.2347
NaN NaN NaN NaN NaN NaN NaN NaN NaN 1.6724 1.7444 1.7865 1.8351 1.9142 2.0143 2.1333 2.2695 2.3395 2.4095 2.4802 2.5625 2.6465 2.722 2.7968 2.8689 2.9403 2.9776 2.9395 3.0352 3.0567 3.0777 3.1098 3.134 3.1646 3.1891 3.1908 3.2165
NaN NaN NaN NaN NaN NaN NaN NaN NaN NaN 1.75 1.7813 1.8274 1.923 2.0265 2.1457 2.2683 2.3316 2.3955 2.4682 2.5459 2.6265 2.7009 2.7713 2.8446 2.9101 2.9429 2.9182 3.0093 3.0345 3.0625 3.0935 3.12 3.1483 3.1689 3.1705 3.1949
NaN NaN NaN NaN NaN NaN NaN NaN NaN NaN NaN 1.7863 1.8378 1.9395 2.0441 2.1586 2.2636 2.3186 2.3833 2.455 2.5314 2.6078 2.682 2.7513 2.8211 2.8835 2.9145 2.9032 2.9856 3.014 3.046 3.0775 3.1034 3.132 3.1468 3.1501 3.1733
NaN NaN NaN NaN NaN NaN NaN NaN NaN NaN NaN 1.7921 1.8597 1.9501 2.0469 2.1524 2.247 2.298 2.3578 2.4367 2.5168 2.5895 2.6625 2.7301 2.7975 2.8568 2.8894 2.8863 2.9617 2.9923 3.0304 3.061 3.0853 3.1103 3.1244 3.1317 3.1515
NaN NaN NaN NaN NaN NaN NaN NaN NaN NaN NaN NaN 1.8344 1.9396 2.0193 2.1276 2.2238 2.278 2.3396 2.4181 2.4996 2.5706 2.6427 2.7076 2.7754 2.8329 2.8664 2.8738 2.9396 2.9726 3.0128 3.0446 3.0703 3.0922 3.1057 3.1132 3.1283
NaN NaN NaN NaN NaN NaN NaN NaN NaN NaN NaN NaN NaN 1.9262 1.9976 2.1205 2.2224 2.2678 2.3269 2.4057 2.4843 2.5553 2.6264 2.6904 2.7537 2.812 2.8438 2.8599 2.9204 2.9517 2.9971 3.0277 3.0537 3.0737 3.0865 3.0953 3.1055
NaN NaN NaN NaN NaN NaN NaN NaN NaN NaN NaN NaN NaN NaN 1.956 2.0794 2.2146 2.2393 2.3021 2.3901 2.4487 2.5327 2.6023 2.6681 2.7352 2.789 2.8252 2.8488 2.8998 2.9342 2.9814 3.0128 3.038 3.0557 3.068 3.0753 3.0867
NaN NaN NaN NaN NaN NaN NaN NaN NaN NaN NaN NaN NaN NaN NaN 2.0118 2.1188 2.2157 2.2802 2.3694 2.4254 2.5129 2.5814 2.6466 2.7113 2.7677 2.8034 2.8395 2.8682 2.91 2.9644 2.9982 3.0229 3.0386 3.0517 3.0598 3.066
NaN NaN NaN NaN NaN NaN NaN NaN NaN NaN NaN NaN NaN NaN NaN NaN NaN 2.1313 2.2668 2.3507 2.3811 2.4848 2.5503 2.6096 2.6748 2.7454 2.7853 2.8315 2.8604 2.9025 2.9496 2.984 3.0074 3.0214 3.0361 3.0423 3.0472
NaN NaN NaN NaN NaN NaN NaN NaN NaN NaN NaN NaN NaN NaN NaN NaN NaN NaN 2.1129 2.2229 2.3365 2.4564 2.5287 2.5794 2.6319 2.72 2.7701 2.7995 2.8424 2.8865 2.9347 2.9711 2.9945 3.0064 3.0193 3.0254 3.0284
NaN NaN NaN NaN NaN NaN NaN NaN NaN NaN NaN NaN NaN NaN NaN NaN NaN NaN NaN NaN 2.1366 2.2835 2.4667 2.5315 2.5619 2.6844 2.7442 2.7577 2.8199 2.8653 2.9244 2.9599 2.979 2.9904 3.0007 3.0069 3.0113
NaN NaN NaN NaN NaN NaN NaN NaN NaN NaN NaN NaN NaN NaN NaN NaN NaN NaN NaN NaN NaN NaN 2.0967 2.1917 2.3925 2.6387 2.7037 2.699 2.7914 2.8265 2.8703 2.9396 2.9582 2.9683 2.9768 2.9823 2.9864
NaN NaN NaN NaN NaN NaN NaN NaN NaN NaN NaN NaN NaN NaN NaN NaN NaN NaN NaN NaN NaN NaN NaN NaN 2.0495 2.3462 2.5977 2.6132 2.7141 2.7676 2.7772 2.8791 2.9165 2.9136 2.9376 2.952 2.9387
NaN NaN NaN NaN NaN NaN NaN NaN NaN NaN NaN NaN NaN NaN NaN NaN NaN NaN NaN NaN NaN NaN NaN NaN NaN NaN 2.221 2.3342 2.5716 2.7268 2.6669 2.7819 2.8292 2.8007 2.8684 2.8781 2.8852
NaN NaN NaN NaN NaN NaN NaN NaN NaN NaN NaN NaN NaN NaN NaN NaN NaN NaN NaN NaN NaN NaN NaN NaN NaN NaN NaN NaN 2.0481 2.1829 2.3251 2.4472 2.6663 2.6359 2.6395 2.4613 1.5896
NaN NaN NaN NaN NaN NaN NaN NaN NaN NaN NaN NaN NaN NaN NaN NaN NaN NaN NaN NaN NaN NaN NaN NaN NaN NaN NaN NaN NaN NaN 1.7537 2.1633 2.3959 2.2727 1.332 NaN NaN
NaN NaN NaN NaN NaN NaN NaN NaN NaN NaN NaN NaN NaN NaN NaN NaN NaN NaN NaN NaN NaN NaN NaN NaN NaN NaN NaN NaN NaN NaN NaN NaN 1.8644 0.98236 NaN NaN NaN
NaN NaN NaN NaN NaN NaN NaN NaN NaN NaN NaN NaN NaN NaN NaN NaN NaN NaN NaN NaN NaN NaN NaN NaN NaN NaN NaN NaN NaN NaN NaN NaN NaN NaN NaN NaN NaN
NaN NaN NaN NaN NaN NaN NaN NaN NaN NaN NaN NaN NaN NaN NaN NaN NaN NaN NaN NaN NaN NaN NaN NaN NaN NaN NaN NaN NaN NaN NaN NaN NaN NaN NaN NaN NaN
NaN NaN NaN NaN NaN NaN NaN NaN NaN NaN NaN NaN NaN NaN NaN NaN NaN NaN NaN NaN NaN NaN NaN NaN NaN NaN NaN NaN NaN NaN NaN NaN NaN NaN NaN NaN NaN
