NaN NaN NaN NaN NaN NaN NaN NaN NaN NaN 1.4355 1.5356 1.5057 1.5561 1.554 1.4895 1.4494 1.4429 1.4555 1.4766 1.4979 1.5071 1.518 1.5306 1.5338 1.545 1.5496 1.5606 1.568 1.5734 1.5805 1.587 1.5994 1.6134 1.6265 1.6334 1.6384
NaN NaN NaN NaN NaN NaN NaN NaN NaN NaN NaN NaN NaN NaN 1.5377 1.4664 1.4253 1.4273 1.4467 1.4677 1.4881 1.5001 1.5134 1.5254 1.5293 1.5399 1.5451 1.555 1.5624 1.5671 1.5743 1.579 1.5918 1.6079 1.6192 1.626 1.6308
NaN NaN NaN NaN NaN NaN NaN NaN 0.39276 0.36106 0.34068 0.31425 0.28065 0.25011 1.5478 1.4314 1.4125 1.4202 1.4416 1.4621 1.4812 1.4945 1.5081 1.5176 1.525 1.5338 1.5392 1.5487 1.5563 1.5604 1.5661 1.57 1.5841 1.6007 1.6107 1.6175 1.6214
NaN NaN NaN NaN NaN NaN NaN NaN 0.72132 0.76666 0.81756 0.88895 0.99098 1.1632 1.4762 1.3504 1.39 1.4108 1.4341 1.4534 1.4734 1.4858 1.5001 1.5096 1.5178 1.5268 1.5333 1.5419 1.5493 1.5544 1.5586 1.5633 1.5783 1.5922 1.6007 1.6072 1.6116
NaN NaN NaN NaN NaN NaN NaN NaN 0.92118 0.95613 0.99495 1.0498 1.1322 1.244 1.3718 1.2905 1.3666 1.3961 1.4214 1.4426 1.4621 1.476 1.49 1.5001 1.5086 1.5176 1.5241 1.5322 1.5397 1.5444 1.5471 1.5531 1.5663 1.5828 1.5916 1.5976 1.6027
NaN NaN NaN NaN NaN NaN NaN NaN 0.93968 0.96914 1.0136 1.074 1.1529 1.2354 1.3047 1.2646 1.3441 1.3777 1.406 1.4294 1.4494 1.464 1.478 1.4885 1.4981 1.5069 1.5145 1.5222 1.529 1.535 1.538 1.5448 1.5579 1.5738 1.5822 1.5887 1.5927
NaN NaN NaN NaN NaN NaN NaN NaN 0.97084 0.99897 1.0456 1.1066 1.1694 1.2246 1.2663 1.2543 1.3268 1.3576 1.3876 1.4141 1.4352 1.4514 1.4667 1.4786 1.49 1.4989 1.5069 1.5162 1.5237 1.5302 1.5351 1.5437 1.553 1.5675 1.5746 1.5804 1.5841
NaN NaN NaN NaN NaN NaN NaN NaN 0.97917 1.0168 1.0652 1.1189 1.1662 1.2075 1.2433 1.253 1.3151 1.3454 1.3717 1.3951 1.4154 1.4304 1.4445 1.4552 1.4651 1.4834 1.4881 1.4598 1.5137 1.5209 1.5251 1.5362 1.5481 1.5594 1.5669 1.5721 1.5753
NaN NaN NaN NaN NaN NaN NaN NaN 0.9813 1.0377 1.0816 1.1254 1.1624 1.1971 1.2323 1.254 1.3067 1.3361 1.3637 1.3877 1.4083 1.4298 1.4466 1.4633 1.4832 1.5103 1.5281 1.4948 1.5132 1.5175 1.522 1.5341 1.5432 1.5553 1.5642 1.56 1.5708
NaN NaN NaN NaN NaN NaN NaN NaN NaN 1.0744 1.1078 1.1395 1.1665 1.1961 1.23 1.2588 1.3032 1.3274 1.3539 1.3772 1.3998 1.4226 1.4416 1.4586 1.4777 1.4993 1.5079 1.4795 1.5071 1.513 1.5177 1.5301 1.5397 1.5509 1.561 1.5537 1.5653
NaN NaN NaN NaN NaN NaN NaN NaN NaN 1.0982 1.1308 1.1428 1.1606 1.1918 1.2291 1.2634 1.3048 1.3282 1.3497 1.372 1.3977 1.4213 1.4394 1.4568 1.4739 1.4914 1.4971 1.4755 1.5029 1.5098 1.5167 1.5282 1.5375 1.5489 1.5573 1.5552 1.561
NaN NaN NaN NaN NaN NaN NaN NaN NaN NaN 1.1283 1.1334 1.1517 1.1936 1.2331 1.2691 1.3065 1.3274 1.348 1.3713 1.3945 1.4167 1.4348 1.4501 1.4676 1.4827 1.4874 1.4727 1.4987 1.5061 1.5152 1.5256 1.5352 1.545 1.551 1.549 1.5546
NaN NaN NaN NaN NaN NaN NaN NaN NaN NaN NaN 1.1378 1.1566 1.2003 1.2401 1.2742 1.3051 1.3232 1.3455 1.3689 1.3917 1.4125 1.4309 1.4462 1.462 1.4763 1.4808 1.472 1.4949 1.5027 1.5123 1.522 1.5307 1.5403 1.5434 1.5422 1.5473
NaN NaN NaN NaN NaN NaN NaN NaN NaN NaN NaN 1.1421 1.1641 1.1993 1.2339 1.2652 1.294 1.312 1.3343 1.3626 1.3872 1.4066 1.4249 1.4399 1.4551 1.4686 1.4743 1.4687 1.4896 1.4978 1.5089 1.5176 1.5249 1.5326 1.5356 1.5358 1.5394
NaN NaN NaN NaN NaN NaN NaN NaN NaN NaN NaN NaN 1.1491 1.1949 1.2098 1.2469 1.2808 1.3032 1.328 1.3555 1.3803 1.3995 1.418 1.4325 1.4485 1.4619 1.4682 1.4667 1.4843 1.493 1.5042 1.513 1.5204 1.5262 1.5284 1.5282 1.5296
NaN NaN NaN NaN NaN NaN NaN NaN NaN NaN NaN NaN NaN 1.2162 1.2262 1.2449 1.2833 1.3022 1.3249 1.3518 1.3746 1.394 1.4121 1.4267 1.441 1.4552 1.4608 1.4626 1.479 1.4866 1.4995 1.5073 1.5142 1.5187 1.5202 1.5202 1.5193
NaN NaN NaN NaN NaN NaN NaN NaN NaN NaN NaN NaN NaN NaN 1.2346 1.263 1.2762 1.2852 1.3105 1.3409 1.357 1.3828 1.4013 1.4176 1.4346 1.4472 1.4548 1.4594 1.4725 1.4814 1.4945 1.5023 1.5081 1.5114 1.5126 1.5115 1.5113
NaN NaN NaN NaN NaN NaN NaN NaN NaN NaN NaN NaN NaN NaN NaN 1.2671 1.2754 1.2693 1.2954 1.3296 1.3476 1.3733 1.3914 1.4076 1.4239 1.4383 1.4457 1.4555 1.4596 1.4715 1.4883 1.4973 1.5026 1.5047 1.5059 1.5049 1.5023
NaN NaN NaN NaN NaN NaN NaN NaN NaN NaN NaN NaN NaN NaN NaN NaN NaN 1.2812 1.2937 1.3144 1.323 1.3562 1.3741 1.3893 1.4082 1.4306 1.4408 1.454 1.4591 1.4696 1.4825 1.4916 1.4962 1.4973 1.499 1.497 1.494
NaN NaN NaN NaN NaN NaN NaN NaN NaN NaN NaN NaN NaN NaN NaN NaN NaN NaN 1.2923 1.3222 1.3069 1.341 1.3628 1.3747 1.3887 1.4193 1.4339 1.4383 1.4507 1.4631 1.4766 1.4863 1.4908 1.4909 1.4913 1.4893 1.4858
NaN NaN NaN NaN NaN NaN NaN NaN NaN NaN NaN NaN NaN NaN NaN NaN NaN NaN NaN NaN 1.2988 1.3568 1.3585 1.3514 1.3563 1.4022 1.4213 1.4188 1.4402 1.4546 1.4729 1.4818 1.484 1.4836 1.4828 1.4809 1.4787
NaN NaN NaN NaN NaN NaN NaN NaN NaN NaN NaN NaN NaN NaN NaN NaN NaN NaN NaN NaN NaN NaN 1.3672 1.3666 1.346 1.383 1.4014 1.3913 1.4248 1.4352 1.4469 1.4721 1.4746 1.473 1.4712 1.4695 1.4679
NaN NaN NaN NaN NaN NaN NaN NaN NaN NaN NaN NaN NaN NaN NaN NaN NaN NaN NaN NaN NaN NaN NaN NaN 1.3427 1.3644 1.3562 1.3444 1.3827 1.4033 1.4024 1.4419 1.4545 1.4465 1.4515 1.4551 1.4461
NaN NaN NaN NaN NaN NaN NaN NaN NaN NaN NaN NaN NaN NaN NaN NaN NaN NaN NaN NaN NaN NaN NaN NaN NaN NaN 1.3406 1.3533 1.3657 1.3874 1.3608 1.3897 1.4088 1.3917 1.4172 1.4216 1.4227
NaN NaN NaN NaN NaN NaN NaN NaN NaN NaN NaN NaN NaN NaN NaN NaN NaN NaN NaN NaN NaN NaN NaN NaN NaN NaN NaN NaN 1.3337 1.403 1.3602 1.367 1.3451 1.2827 1.251 1.1156 0.5086
NaN NaN NaN NaN NaN NaN NaN NaN NaN NaN NaN NaN NaN NaN NaN NaN NaN NaN NaN NaN NaN NaN NaN NaN NaN NaN NaN NaN NaN NaN 1.3185 1.2983 1.2141 1.0364 0.4257 NaN NaN
NaN NaN NaN NaN NaN NaN NaN NaN NaN NaN NaN NaN NaN NaN NaN NaN NaN NaN NaN NaN NaN NaN NaN NaN NaN NaN NaN NaN NaN NaN NaN NaN 0.94588 0.31997 NaN NaN NaN
NaN NaN NaN NaN NaN NaN NaN NaN NaN NaN NaN NaN NaN NaN NaN NaN NaN NaN NaN NaN NaN NaN NaN NaN NaN NaN NaN NaN NaN NaN NaN NaN NaN NaN NaN NaN NaN
NaN NaN NaN NaN NaN NaN NaN NaN NaN NaN NaN NaN NaN NaN NaN NaN NaN NaN NaN NaN NaN NaN NaN NaN NaN NaN NaN NaN NaN NaN NaN NaN NaN NaN NaN NaN NaN
NaN NaN NaN NaN NaN NaN NaN NaN NaN NaN NaN NaN NaN NaN NaN NaN NaN NaN NaN NaN NaN NaN NaN NaN NaN NaN NaN NaN NaN NaN NaN NaN NaN NaN NaN NaN NaN
