NaN NaN NaN NaN NaN NaN NaN NaN NaN NaN 1.3223 1.4021 1.3695 1.4094 1.4066 1.3502 1.3163 1.3121 1.3237 1.3419 1.3597 1.3675 1.3764 1.3869 1.3892 1.3983 1.4018 1.4109 1.4167 1.4207 1.4262 1.4315 1.4421 1.4542 1.4655 1.4713 1.4755
NaN NaN NaN NaN NaN NaN NaN NaN NaN NaN NaN NaN NaN NaN 1.4047 1.3348 1.297 1.2999 1.317 1.3346 1.3514 1.3615 1.3723 1.382 1.3849 1.3933 1.3974 1.4054 1.4112 1.4146 1.4203 1.424 1.4351 1.4491 1.4588 1.4645 1.4684
NaN NaN NaN NaN NaN NaN NaN NaN 0.37859 0.3486 0.32957 0.30471 0.27294 0.24422 1.415 1.3084 1.2882 1.2954 1.3136 1.3304 1.3458 1.3565 1.3673 1.3746 1.3804 1.3872 1.3915 1.399 1.4051 1.408 1.4124 1.4155 1.4277 1.4423 1.4507 1.4564 1.4595
NaN NaN NaN NaN NaN NaN NaN NaN 0.68285 0.72444 0.77081 0.83532 0.9261 1.0779 1.3489 1.2373 1.2689 1.2878 1.3074 1.3228 1.3389 1.3487 1.3598 1.3669 1.3732 1.3802 1.3853 1.3921 1.398 1.4019 1.405 1.4089 1.4219 1.434 1.4411 1.4465 1.45
NaN NaN NaN NaN NaN NaN NaN NaN 0.86451 0.89583 0.93028 0.97854 1.0504 1.1465 1.2539 1.1838 1.2481 1.2746 1.2958 1.3131 1.3287 1.3395 1.3501 1.3576 1.364 1.3708 1.3759 1.3823 1.3884 1.3919 1.3939 1.399 1.4105 1.425 1.4324 1.4374 1.4415
NaN NaN NaN NaN NaN NaN NaN NaN 0.87795 0.90398 0.94334 0.99651 1.0653 1.1359 1.1942 1.1608 1.2279 1.2577 1.2817 1.3009 1.3169 1.3282 1.3388 1.3466 1.3538 1.3604 1.3665 1.3726 1.378 1.3829 1.3852 1.391 1.4024 1.4163 1.4235 1.4288 1.432
NaN NaN NaN NaN NaN NaN NaN NaN 0.90463 0.92946 0.97061 1.0241 1.0786 1.1256 1.1608 1.1514 1.2124 1.2393 1.2649 1.287 1.3041 1.3168 1.3285 1.3375 1.3462 1.353 1.3594 1.3669 1.373 1.3784 1.3824 1.3898 1.3977 1.4103 1.4164 1.4212 1.4241
NaN NaN NaN NaN NaN NaN NaN NaN 0.91051 0.94391 0.98652 1.0335 1.0745 1.1098 1.1407 1.1498 1.2019 1.2281 1.2499 1.2689 1.2852 1.2968 1.3073 1.315 1.3224 1.3378 1.3416 1.3149 1.3632 1.3698 1.3732 1.3828 1.3931 1.4029 1.4094 1.4138 1.4164
NaN NaN NaN NaN NaN NaN NaN NaN 0.91016 0.96175 1.0003 1.0386 1.0707 1.1007 1.1314 1.1506 1.1947 1.2201 1.2433 1.2632 1.28 1.2977 1.3111 1.3247 1.3413 1.3645 1.3795 1.348 1.3625 1.3667 1.3706 1.381 1.3889 1.3993 1.4072 1.4031 1.4124
NaN NaN NaN NaN NaN NaN NaN NaN NaN 0.99479 1.0239 1.0515 1.0749 1.1006 1.1301 1.1549 1.1918 1.2128 1.2352 1.2546 1.2728 1.2916 1.3069 1.3206 1.3361 1.3538 1.3606 1.3343 1.3571 1.3628 1.3669 1.3777 1.386 1.3957 1.4047 1.3978 1.4077
NaN NaN NaN NaN NaN NaN NaN NaN NaN 1.0155 1.0444 1.0545 1.0699 1.0972 1.1298 1.1593 1.1938 1.2142 1.2325 1.2513 1.272 1.2912 1.3057 1.3195 1.333 1.347 1.3514 1.3315 1.354 1.3605 1.3665 1.3764 1.3845 1.3944 1.4017 1.3996 1.4042
NaN NaN NaN NaN NaN NaN NaN NaN NaN NaN 1.0418 1.0459 1.0622 1.0993 1.1339 1.1646 1.1958 1.2141 1.2318 1.2516 1.2699 1.2876 1.302 1.3138 1.3277 1.3397 1.3435 1.3298 1.351 1.3577 1.3656 1.3745 1.3828 1.3911 1.3962 1.3943 1.3988
NaN NaN NaN NaN NaN NaN NaN NaN NaN NaN NaN 1.0508 1.0673 1.1057 1.1405 1.1693 1.1948 1.2108 1.23 1.2498 1.2681 1.2844 1.299 1.3108 1.3232 1.3346 1.3382 1.3297 1.3482 1.3551 1.3632 1.3714 1.3787 1.387 1.3896 1.3883 1.3924
NaN NaN NaN NaN NaN NaN NaN NaN NaN NaN NaN 1.0546 1.0739 1.1045 1.1344 1.1607 1.1847 1.2007 1.2201 1.2445 1.2645 1.2796 1.294 1.3056 1.3174 1.3282 1.3329 1.3271 1.344 1.351 1.3604 1.3675 1.3736 1.3802 1.3826 1.3827 1.3853
NaN NaN NaN NaN NaN NaN NaN NaN NaN NaN NaN NaN 1.0579 1.0985 1.1117 1.1439 1.173 1.1931 1.2147 1.2384 1.2588 1.2736 1.2881 1.2993 1.3119 1.3226 1.3278 1.3257 1.3396 1.3469 1.3563 1.3635 1.3696 1.3743 1.3761 1.3757 1.3764
NaN NaN NaN NaN NaN NaN NaN NaN NaN NaN NaN NaN NaN 1.1187 1.127 1.1426 1.176 1.1927 1.2123 1.2352 1.2541 1.2691 1.2832 1.2943 1.3054 1.3169 1.3213 1.3221 1.3351 1.3413 1.352 1.3583 1.3638 1.3674 1.3686 1.3683 1.367
NaN NaN NaN NaN NaN NaN NaN NaN NaN NaN NaN NaN NaN NaN 1.1345 1.1588 1.1691 1.177 1.1991 1.2249 1.238 1.2592 1.2736 1.2864 1.2999 1.3099 1.3162 1.3193 1.3295 1.3368 1.3475 1.3537 1.3583 1.3608 1.3616 1.3603 1.3597
NaN NaN NaN NaN NaN NaN NaN NaN NaN NaN NaN NaN NaN NaN NaN 1.162 1.168 1.1621 1.1849 1.2144 1.2298 1.2506 1.2648 1.2774 1.2903 1.302 1.308 1.3157 1.318 1.3279 1.342 1.3491 1.3532 1.3546 1.3555 1.3542 1.3515
NaN NaN NaN NaN NaN NaN NaN NaN NaN NaN NaN NaN NaN NaN NaN NaN NaN 1.1724 1.1826 1.1998 1.207 1.2349 1.249 1.2609 1.2764 1.2954 1.3039 1.3145 1.3177 1.3261 1.3366 1.3439 1.3473 1.3478 1.349 1.3469 1.3438
NaN NaN NaN NaN NaN NaN NaN NaN NaN NaN NaN NaN NaN NaN NaN NaN NaN NaN 1.1798 1.2049 1.1917 1.2208 1.2386 1.2477 1.2589 1.2853 1.2976 1.3 1.31 1.3202 1.3312 1.339 1.3423 1.3418 1.3419 1.3398 1.3364
NaN NaN NaN NaN NaN NaN NaN NaN NaN NaN NaN NaN NaN NaN NaN NaN NaN NaN NaN NaN 1.1833 1.2329 1.2338 1.226 1.2299 1.2697 1.2859 1.2824 1.3004 1.3125 1.3278 1.3348 1.3359 1.3351 1.334 1.3321 1.33
NaN NaN NaN NaN NaN NaN NaN NaN NaN NaN NaN NaN NaN NaN NaN NaN NaN NaN NaN NaN NaN NaN 1.2417 1.2391 1.2206 1.2517 1.2674 1.2575 1.2862 1.2948 1.3042 1.3258 1.3274 1.3254 1.3235 1.3218 1.3204
NaN NaN NaN NaN NaN NaN NaN NaN NaN NaN NaN NaN NaN NaN NaN NaN NaN NaN NaN NaN NaN NaN NaN NaN 1.2192 1.2333 1.2243 1.2136 1.247 1.2652 1.2639 1.2985 1.3092 1.3013 1.3056 1.3089 1.301
NaN NaN NaN NaN NaN NaN NaN NaN NaN NaN NaN NaN NaN NaN NaN NaN NaN NaN NaN NaN NaN NaN NaN NaN NaN NaN 1.2138 1.221 1.2307 1.2494 1.2247 1.25 1.2673 1.2519 1.2748 1.2793 1.2802
NaN NaN NaN NaN NaN NaN NaN NaN NaN NaN NaN NaN NaN NaN NaN NaN NaN NaN NaN NaN NaN NaN NaN NaN NaN NaN NaN NaN 1.2067 1.2634 1.2218 1.2264 1.2058 1.1486 1.1167 0.98938 0.41893
NaN NaN NaN NaN NaN NaN NaN NaN NaN NaN NaN NaN NaN NaN NaN NaN NaN NaN NaN NaN NaN NaN NaN NaN NaN NaN NaN NaN NaN NaN 1.21 1.1613 1.0815 0.91685 0.34959 NaN NaN
NaN NaN NaN NaN NaN NaN NaN NaN NaN NaN NaN NaN NaN NaN NaN NaN NaN NaN NaN NaN NaN NaN NaN NaN NaN NaN NaN NaN NaN NaN NaN NaN 0.83962 0.26296 NaN NaN NaN
NaN NaN NaN NaN NaN NaN NaN NaN NaN NaN NaN NaN NaN NaN NaN NaN NaN NaN NaN NaN NaN NaN NaN NaN NaN NaN NaN NaN NaN NaN NaN NaN NaN NaN NaN NaN NaN
NaN NaN NaN NaN NaN NaN NaN NaN NaN NaN NaN NaN NaN NaN NaN NaN NaN NaN NaN NaN NaN NaN NaN NaN NaN NaN NaN NaN NaN NaN NaN NaN NaN NaN NaN NaN NaN
NaN NaN NaN NaN NaN NaN NaN NaN NaN NaN NaN NaN NaN NaN NaN NaN NaN NaN NaN NaN NaN NaN NaN NaN NaN NaN NaN NaN NaN NaN NaN NaN NaN NaN NaN NaN NaN
