NaN NaN NaN NaN NaN NaN NaN NaN NaN NaN 1.4755 1.5766 1.5466 1.598 1.596 1.5307 1.4906 1.4842 1.4972 1.5188 1.5406 1.5501 1.5612 1.5742 1.5775 1.5888 1.5934 1.6047 1.6122 1.6177 1.6248 1.6313 1.644 1.6582 1.6716 1.6787 1.6838
NaN NaN NaN NaN NaN NaN NaN NaN NaN NaN NaN NaN NaN NaN 1.5807 1.5074 1.4659 1.4686 1.4884 1.5098 1.5307 1.5432 1.5567 1.5691 1.573 1.5836 1.5889 1.5991 1.6066 1.6113 1.6187 1.6233 1.6364 1.6528 1.6644 1.6713 1.6762
NaN NaN NaN NaN NaN NaN NaN NaN 0.40794 0.37513 0.35406 0.32672 0.29194 0.2603 1.5913 1.4724 1.4534 1.4616 1.4835 1.5043 1.5239 1.5375 1.5513 1.5611 1.5686 1.5775 1.583 1.5927 1.6005 1.6046 1.6103 1.6142 1.6286 1.6456 1.6558 1.6628 1.6668
NaN NaN NaN NaN NaN NaN NaN NaN 0.74467 0.79143 0.84425 0.91817 1.023 1.1992 1.5183 1.3901 1.4306 1.4522 1.476 1.4955 1.516 1.5288 1.5433 1.553 1.5614 1.5705 1.577 1.5858 1.5934 1.5985 1.6028 1.6074 1.6227 1.637 1.6456 1.6523 1.6567
NaN NaN NaN NaN NaN NaN NaN NaN 0.95078 0.98681 1.027 1.0835 1.1679 1.2819 1.4118 1.3291 1.4068 1.4372 1.4629 1.4845 1.5045 1.5188 1.5329 1.5433 1.552 1.561 1.5676 1.5759 1.5836 1.5883 1.5911 1.5971 1.6105 1.6275 1.6365 1.6426 1.6478
NaN NaN NaN NaN NaN NaN NaN NaN 0.97031 1.0006 1.0463 1.1084 1.189 1.273 1.3436 1.3028 1.3837 1.4183 1.4472 1.471 1.4915 1.5064 1.5207 1.5315 1.5413 1.5501 1.5579 1.5658 1.5727 1.5789 1.5818 1.5887 1.602 1.6183 1.6269 1.6335 1.6377
NaN NaN NaN NaN NaN NaN NaN NaN 1.0027 1.0317 1.0795 1.1419 1.206 1.2622 1.3048 1.2925 1.3661 1.3977 1.4284 1.4554 1.477 1.4936 1.5093 1.5214 1.5331 1.542 1.5503 1.5598 1.5674 1.5741 1.579 1.5877 1.5971 1.612 1.6193 1.6252 1.629
NaN NaN NaN NaN NaN NaN NaN NaN 1.0116 1.0501 1.0996 1.1545 1.2028 1.245 1.2816 1.2913 1.3543 1.3853 1.412 1.4358 1.4566 1.472 1.4864 1.4973 1.5075 1.5266 1.5319 1.5006 1.5571 1.5647 1.5689 1.5801 1.5922 1.6038 1.6115 1.6169 1.6202
NaN NaN NaN NaN NaN NaN NaN NaN 1.0136 1.0716 1.1165 1.1613 1.1991 1.2346 1.2706 1.2925 1.3459 1.376 1.4041 1.4285 1.4496 1.4718 1.489 1.5062 1.5266 1.5546 1.5734 1.5373 1.5567 1.5614 1.5659 1.5782 1.5875 1.5998 1.6091 1.6046 1.6158
NaN NaN NaN NaN NaN NaN NaN NaN NaN 1.1095 1.1436 1.176 1.2036 1.234 1.2687 1.2977 1.3426 1.3673 1.3943 1.418 1.441 1.4646 1.4841 1.5016 1.5211 1.5433 1.5527 1.5221 1.5505 1.557 1.5617 1.5744 1.584 1.5955 1.6061 1.5983 1.6104
NaN NaN NaN NaN NaN NaN NaN NaN NaN 1.134 1.1674 1.1797 1.198 1.23 1.2681 1.3027 1.3446 1.3685 1.3906 1.4132 1.4392 1.4634 1.4821 1.5 1.5173 1.5355 1.5418 1.5185 1.5465 1.5539 1.5609 1.5726 1.582 1.5937 1.6025 1.6001 1.6061
NaN NaN NaN NaN NaN NaN NaN NaN NaN NaN 1.1649 1.1701 1.1891 1.2321 1.2725 1.3088 1.3467 1.3681 1.3895 1.4131 1.4363 1.4589 1.4775 1.4932 1.5111 1.5268 1.5322 1.5161 1.5424 1.5503 1.5597 1.5702 1.58 1.5899 1.5962 1.594 1.5998
NaN NaN NaN NaN NaN NaN NaN NaN NaN NaN NaN 1.1749 1.1944 1.2392 1.2798 1.3142 1.3454 1.3643 1.3871 1.411 1.4338 1.4549 1.4738 1.4894 1.5056 1.5205 1.5256 1.5156 1.5388 1.547 1.5569 1.5667 1.5754 1.5853 1.5886 1.5872 1.5925
NaN NaN NaN NaN NaN NaN NaN NaN NaN NaN NaN 1.1794 1.2021 1.2382 1.2735 1.3051 1.3343 1.3529 1.3759 1.4047 1.4295 1.4491 1.4678 1.4832 1.4987 1.5128 1.5191 1.5125 1.5337 1.5422 1.5536 1.5624 1.5697 1.5776 1.5807 1.5809 1.5846
NaN NaN NaN NaN NaN NaN NaN NaN NaN NaN NaN NaN 1.1862 1.2331 1.2486 1.2864 1.321 1.3442 1.3697 1.3979 1.4228 1.4421 1.4609 1.4758 1.4922 1.5061 1.513 1.5108 1.5284 1.5374 1.5489 1.5578 1.5653 1.5711 1.5735 1.5732 1.5747
NaN NaN NaN NaN NaN NaN NaN NaN NaN NaN NaN NaN NaN 1.2553 1.2654 1.2845 1.3239 1.3435 1.3668 1.3943 1.4175 1.4367 1.4552 1.47 1.4846 1.4994 1.5055 1.5068 1.5232 1.531 1.5442 1.5521 1.559 1.5636 1.5653 1.5652 1.5643
NaN NaN NaN NaN NaN NaN NaN NaN NaN NaN NaN NaN NaN NaN 1.2741 1.303 1.3166 1.3261 1.3522 1.3832 1.3995 1.4255 1.4442 1.4608 1.4782 1.4913 1.4995 1.5037 1.5167 1.5258 1.5392 1.5471 1.553 1.5562 1.5576 1.5564 1.5562
NaN NaN NaN NaN NaN NaN NaN NaN NaN NaN NaN NaN NaN NaN NaN 1.3073 1.3156 1.3097 1.3366 1.3716 1.3902 1.416 1.4342 1.4506 1.4674 1.4823 1.4903 1.4999 1.5036 1.5158 1.533 1.5421 1.5474 1.5495 1.5508 1.5498 1.5471
NaN NaN NaN NaN NaN NaN NaN NaN NaN NaN NaN NaN NaN NaN NaN NaN NaN 1.3217 1.3346 1.356 1.3648 1.3985 1.4165 1.4319 1.4512 1.4746 1.4853 1.4985 1.5033 1.5139 1.5271 1.5364 1.5409 1.542 1.5438 1.5417 1.5386
NaN NaN NaN NaN NaN NaN NaN NaN NaN NaN NaN NaN NaN NaN NaN NaN NaN NaN 1.3328 1.3633 1.348 1.383 1.405 1.4169 1.4311 1.463 1.4783 1.4823 1.4947 1.5073 1.5212 1.5311 1.5356 1.5355 1.536 1.5339 1.5304
NaN NaN NaN NaN NaN NaN NaN NaN NaN NaN NaN NaN NaN NaN NaN NaN NaN NaN NaN NaN 1.3393 1.3985 1.4004 1.3926 1.3976 1.4454 1.4653 1.4622 1.484 1.4987 1.5175 1.5265 1.5286 1.5281 1.5273 1.5255 1.5232
NaN NaN NaN NaN NaN NaN NaN NaN NaN NaN NaN NaN NaN NaN NaN NaN NaN NaN NaN NaN NaN NaN 1.4081 1.4077 1.3867 1.425 1.4445 1.4337 1.4682 1.4788 1.4907 1.5166 1.5191 1.5173 1.5156 1.5139 1.5123
NaN NaN NaN NaN NaN NaN NaN NaN NaN NaN NaN NaN NaN NaN NaN NaN NaN NaN NaN NaN NaN NaN NaN NaN 1.383 1.405 1.3972 1.385 1.4243 1.4457 1.4446 1.4856 1.4986 1.49 1.4954 1.4993 1.4901
NaN NaN NaN NaN NaN NaN NaN NaN NaN NaN NaN NaN NaN NaN NaN NaN NaN NaN NaN NaN NaN NaN NaN NaN NaN NaN 1.3815 1.3934 1.4061 1.4295 1.4009 1.4312 1.4513 1.4335 1.4603 1.4652 1.4663
NaN NaN NaN NaN NaN NaN NaN NaN NaN NaN NaN NaN NaN NaN NaN NaN NaN NaN NaN NaN NaN NaN NaN NaN NaN NaN NaN NaN 1.3727 1.4426 1.3995 1.4063 1.3845 1.3201 1.2875 1.1477 0.52054
NaN NaN NaN NaN NaN NaN NaN NaN NaN NaN NaN NaN NaN NaN NaN NaN NaN NaN NaN NaN NaN NaN NaN NaN NaN NaN NaN NaN NaN NaN 1.3481 1.3347 1.2479 1.0648 0.43482 NaN NaN
NaN NaN NaN NaN NaN NaN NaN NaN NaN NaN NaN NaN NaN NaN NaN NaN NaN NaN NaN NaN NaN NaN NaN NaN NaN NaN NaN NaN NaN NaN NaN NaN 0.97183 0.32627 NaN NaN NaN
NaN NaN NaN NaN NaN NaN NaN NaN NaN NaN NaN NaN NaN NaN NaN NaN NaN NaN NaN NaN NaN NaN NaN NaN NaN NaN NaN NaN NaN NaN NaN NaN NaN NaN NaN NaN NaN
NaN NaN NaN NaN NaN NaN NaN NaN NaN NaN NaN NaN NaN NaN NaN NaN NaN NaN NaN NaN NaN NaN NaN NaN NaN NaN NaN NaN NaN NaN NaN NaN NaN NaN NaN NaN NaN
NaN NaN NaN NaN NaN NaN NaN NaN NaN NaN NaN NaN NaN NaN NaN NaN NaN NaN NaN NaN NaN NaN NaN NaN NaN NaN NaN NaN NaN NaN NaN NaN NaN NaN NaN NaN NaN
