NaN NaN NaN NaN NaN NaN NaN NaN NaN NaN 1.4265 1.5245 1.4925 1.5416 1.5393 1.4757 1.4377 1.4318 1.4443 1.465 1.486 1.4951 1.5058 1.5183 1.5214 1.5322 1.5366 1.5475 1.5548 1.56 1.5668 1.573 1.5851 1.5988 1.6116 1.6184 1.6233
NaN NaN NaN NaN NaN NaN NaN NaN NaN NaN NaN NaN NaN NaN 1.5248 1.4534 1.4139 1.4168 1.436 1.4565 1.4766 1.4886 1.5016 1.5136 1.5173 1.5275 1.5326 1.5423 1.5496 1.554 1.5611 1.5655 1.578 1.5938 1.6049 1.6116 1.6162
NaN NaN NaN NaN NaN NaN NaN NaN 0.39274 0.36115 0.34083 0.31449 0.28103 0.2506 1.5355 1.4198 1.402 1.4102 1.4313 1.4513 1.4702 1.4833 1.4967 1.5061 1.5133 1.5218 1.5271 1.5364 1.5439 1.5479 1.5533 1.5569 1.5707 1.5871 1.5968 1.6035 1.6074
NaN NaN NaN NaN NaN NaN NaN NaN 0.71693 0.76215 0.81351 0.88529 0.98677 1.157 1.4649 1.341 1.3803 1.4013 1.4242 1.4429 1.4627 1.4751 1.4891 1.4984 1.5065 1.5152 1.5215 1.53 1.5373 1.5422 1.5463 1.5506 1.5653 1.579 1.5873 1.5937 1.598
NaN NaN NaN NaN NaN NaN NaN NaN 0.91653 0.9515 0.99067 1.0456 1.1272 1.2372 1.3627 1.2826 1.3576 1.387 1.4118 1.4325 1.4518 1.4656 1.4793 1.4893 1.4977 1.5063 1.5126 1.5206 1.5281 1.5326 1.5352 1.5409 1.5538 1.5701 1.5787 1.5846 1.5896
NaN NaN NaN NaN NaN NaN NaN NaN 0.93634 0.96581 1.0102 1.0703 1.1481 1.2291 1.2973 1.2577 1.3356 1.369 1.3968 1.4197 1.4394 1.4538 1.4676 1.4781 1.4875 1.496 1.5035 1.5111 1.5178 1.5238 1.5266 1.533 1.5458 1.5615 1.5698 1.5761 1.5801
NaN NaN NaN NaN NaN NaN NaN NaN 0.96826 0.99647 1.0427 1.103 1.1648 1.2191 1.2603 1.2481 1.3189 1.3493 1.3788 1.4048 1.4256 1.4417 1.4568 1.4686 1.4798 1.4885 1.4964 1.5056 1.5129 1.5194 1.524 1.5323 1.5413 1.5556 1.5626 1.5683 1.572
NaN NaN NaN NaN NaN NaN NaN NaN 0.97738 1.0147 1.0625 1.1155 1.1621 1.2029 1.2383 1.2471 1.3077 1.3376 1.3633 1.3861 1.4061 1.4211 1.435 1.4456 1.4555 1.474 1.4795 1.4481 1.503 1.5106 1.5145 1.5253 1.5368 1.548 1.5554 1.5606 1.5638
NaN NaN NaN NaN NaN NaN NaN NaN 0.97973 1.0357 1.0791 1.1223 1.1588 1.1931 1.2279 1.2485 1.2998 1.3288 1.3557 1.3791 1.3995 1.4209 1.4376 1.4543 1.4739 1.5011 1.5194 1.4837 1.5027 1.5075 1.5119 1.5236 1.5325 1.5443 1.5533 1.549 1.5597
NaN NaN NaN NaN NaN NaN NaN NaN NaN 1.0723 1.1054 1.1367 1.1634 1.1929 1.2263 1.2538 1.2969 1.3206 1.3465 1.3692 1.3913 1.4141 1.433 1.45 1.4688 1.4904 1.4997 1.4694 1.497 1.5034 1.508 1.5201 1.5293 1.5404 1.5507 1.5431 1.5548
NaN NaN NaN NaN NaN NaN NaN NaN NaN 1.0962 1.1283 1.1405 1.1583 1.1892 1.2259 1.2587 1.299 1.322 1.3432 1.3653 1.3899 1.4132 1.4312 1.4485 1.4653 1.4829 1.4894 1.4662 1.4933 1.5007 1.5074 1.5186 1.5276 1.5388 1.5474 1.545 1.5509
NaN NaN NaN NaN NaN NaN NaN NaN NaN NaN 1.1261 1.1314 1.15 1.1915 1.2303 1.2648 1.3011 1.3219 1.3424 1.3651 1.3872 1.4091 1.427 1.4422 1.4595 1.4747 1.4803 1.4642 1.4895 1.4974 1.5064 1.5165 1.5258 1.5354 1.5415 1.5394 1.545
NaN NaN NaN NaN NaN NaN NaN NaN NaN NaN NaN 1.1362 1.1552 1.1985 1.2375 1.2702 1.3001 1.3184 1.3404 1.3632 1.3851 1.4053 1.4236 1.4387 1.4543 1.4689 1.4742 1.464 1.4862 1.4944 1.5039 1.5133 1.5217 1.5312 1.5345 1.5331 1.5382
NaN NaN NaN NaN NaN NaN NaN NaN NaN NaN NaN 1.1406 1.1626 1.1976 1.2316 1.2617 1.2897 1.3077 1.3298 1.3574 1.3811 1.3999 1.418 1.4329 1.4479 1.4616 1.4681 1.4612 1.4815 1.4899 1.5009 1.5093 1.5164 1.524 1.527 1.5272 1.5308
NaN NaN NaN NaN NaN NaN NaN NaN NaN NaN NaN NaN 1.1473 1.1924 1.2075 1.2439 1.2771 1.2996 1.324 1.351 1.3748 1.3933 1.4115 1.4259 1.4418 1.4553 1.4623 1.4598 1.4766 1.4854 1.4966 1.5051 1.5123 1.5179 1.5203 1.52 1.5214
NaN NaN NaN NaN NaN NaN NaN NaN NaN NaN NaN NaN NaN 1.214 1.2236 1.2421 1.2801 1.299 1.3215 1.3478 1.37 1.3884 1.4062 1.4205 1.4347 1.4491 1.4552 1.4561 1.4718 1.4794 1.4922 1.4998 1.5064 1.5108 1.5125 1.5125 1.5116
NaN NaN NaN NaN NaN NaN NaN NaN NaN NaN NaN NaN NaN NaN 1.232 1.2597 1.273 1.2824 1.3076 1.3373 1.3529 1.3778 1.3958 1.4118 1.4287 1.4414 1.4496 1.4533 1.4657 1.4746 1.4875 1.4951 1.5008 1.5039 1.5053 1.5042 1.504
NaN NaN NaN NaN NaN NaN NaN NaN NaN NaN NaN NaN NaN NaN NaN 1.264 1.272 1.2666 1.2926 1.3263 1.3442 1.3688 1.3863 1.4022 1.4184 1.433 1.4409 1.4499 1.4532 1.4651 1.4817 1.4905 1.4955 1.4976 1.499 1.498 1.4955
NaN NaN NaN NaN NaN NaN NaN NaN NaN NaN NaN NaN NaN NaN NaN NaN NaN 1.278 1.2906 1.3113 1.3199 1.3522 1.3695 1.3842 1.4029 1.4256 1.4362 1.4488 1.4531 1.4634 1.4762 1.4851 1.4895 1.4906 1.4924 1.4904 1.4875
NaN NaN NaN NaN NaN NaN NaN NaN NaN NaN NaN NaN NaN NaN NaN NaN NaN NaN 1.2887 1.318 1.3036 1.3373 1.3584 1.3698 1.3837 1.4147 1.4297 1.4332 1.445 1.4572 1.4706 1.4802 1.4845 1.4845 1.4851 1.4831 1.4797
NaN NaN NaN NaN NaN NaN NaN NaN NaN NaN NaN NaN NaN NaN NaN NaN NaN NaN NaN NaN 1.2949 1.3518 1.3538 1.3463 1.3515 1.3979 1.4173 1.4139 1.4348 1.4491 1.4673 1.476 1.478 1.4775 1.4768 1.4751 1.4729
NaN NaN NaN NaN NaN NaN NaN NaN NaN NaN NaN NaN NaN NaN NaN NaN NaN NaN NaN NaN NaN NaN 1.3619 1.3611 1.3408 1.3779 1.3971 1.3865 1.4198 1.4301 1.4416 1.4666 1.469 1.4673 1.4657 1.4641 1.4627
NaN NaN NaN NaN NaN NaN NaN NaN NaN NaN NaN NaN NaN NaN NaN NaN NaN NaN NaN NaN NaN NaN NaN NaN 1.3378 1.3581 1.3513 1.3394 1.3774 1.3981 1.3971 1.4369 1.4495 1.4411 1.4464 1.4503 1.4415
NaN NaN NaN NaN NaN NaN NaN NaN NaN NaN NaN NaN NaN NaN NaN NaN NaN NaN NaN NaN NaN NaN NaN NaN NaN NaN 1.3358 1.347 1.3594 1.3829 1.3545 1.3842 1.404 1.3867 1.4129 1.4178 1.4188
NaN NaN NaN NaN NaN NaN NaN NaN NaN NaN NaN NaN NaN NaN NaN NaN NaN NaN NaN NaN NaN NaN NaN NaN NaN NaN NaN NaN 1.3284 1.397 1.3527 1.3593 1.3388 1.2767 1.2454 1.1104 0.50491
NaN NaN NaN NaN NaN NaN NaN NaN NaN NaN NaN NaN NaN NaN NaN NaN NaN NaN NaN NaN NaN NaN NaN NaN NaN NaN NaN NaN NaN NaN 1.3153 1.2895 1.206 1.0294 0.42166 NaN NaN
NaN NaN NaN NaN NaN NaN NaN NaN NaN NaN NaN NaN NaN NaN NaN NaN NaN NaN NaN NaN NaN NaN NaN NaN NaN NaN NaN NaN NaN NaN NaN NaN 0.93863 0.31637 NaN NaN NaN
NaN NaN NaN NaN NaN NaN NaN NaN NaN NaN NaN NaN NaN NaN NaN NaN NaN NaN NaN NaN NaN NaN NaN NaN NaN NaN NaN NaN NaN NaN NaN NaN NaN NaN NaN NaN NaN
NaN NaN NaN NaN NaN NaN NaN NaN NaN NaN NaN NaN NaN NaN NaN NaN NaN NaN NaN NaN NaN NaN NaN NaN NaN NaN NaN NaN NaN NaN NaN NaN NaN NaN NaN NaN NaN
NaN NaN NaN NaN NaN NaN NaN NaN NaN NaN NaN NaN NaN NaN NaN NaN NaN NaN NaN NaN NaN NaN NaN NaN NaN NaN NaN NaN NaN NaN NaN NaN NaN NaN NaN NaN NaN
