NaN NaN NaN NaN NaN NaN NaN NaN NaN NaN 1.6084 1.7715 1.7726 1.8619 1.8695 1.8054 1.7529 1.7419 1.7585 1.7887 1.821 1.8352 1.8522 1.8709 1.8765 1.8937 1.9012 1.9179 1.93 1.9404 1.9527 1.9634 1.9812 1.9997 2.0175 2.0273 2.0351
NaN NaN NaN NaN NaN NaN NaN NaN NaN NaN NaN NaN NaN NaN 1.7766 1.7434 1.7111 1.7109 1.7383 1.771 1.8038 1.8232 1.8447 1.8642 1.8717 1.8887 1.8971 1.9126 1.9248 1.9341 1.9465 1.9544 1.9724 1.9933 2.0088 2.0185 2.026
NaN NaN NaN NaN NaN NaN NaN NaN 0.37844 0.34561 0.3233 0.29521 0.26028 0.22775 1.7836 1.6775 1.6824 1.691 1.7232 1.757 1.7897 1.8126 1.8364 1.8543 1.8674 1.8827 1.8919 1.9072 1.9198 1.9282 1.9383 1.9448 1.9641 1.9857 1.9993 2.0092 2.0157
NaN NaN NaN NaN NaN NaN NaN NaN 0.73654 0.78921 0.85126 0.93991 1.0695 1.2914 1.7094 1.5737 1.649 1.673 1.7086 1.7415 1.776 1.7993 1.8254 1.8442 1.8597 1.8758 1.8868 1.9014 1.9137 1.923 1.9313 1.9386 1.9589 1.9772 1.9889 1.9983 2.0054
NaN NaN NaN NaN NaN NaN NaN NaN 0.97556 1.0196 1.0708 1.1439 1.2545 1.4081 1.5933 1.4992 1.6175 1.6524 1.6905 1.7255 1.7596 1.7856 1.8124 1.833 1.8501 1.8668 1.8786 1.8926 1.9052 1.9138 1.9197 1.9283 1.9459 1.9672 1.9791 1.988 1.996
NaN NaN NaN NaN NaN NaN NaN NaN 1.0156 1.0542 1.112 1.1916 1.297 1.4115 1.5137 1.4665 1.5879 1.6291 1.6706 1.7077 1.7423 1.7698 1.7974 1.8191 1.8384 1.8554 1.869 1.8824 1.8939 1.904 1.9097 1.9192 1.9367 1.9576 1.9689 1.9784 1.9851
NaN NaN NaN NaN NaN NaN NaN NaN 1.0619 1.0992 1.1598 1.24 1.325 1.4034 1.4655 1.4544 1.565 1.6045 1.6474 1.6877 1.723 1.7526 1.7819 1.8056 1.8276 1.8449 1.8593 1.8748 1.8872 1.898 1.906 1.9182 1.9312 1.9506 1.9601 1.9687 1.9747
NaN NaN NaN NaN NaN NaN NaN NaN 1.0811 1.1292 1.192 1.2631 1.3277 1.3861 1.437 1.4542 1.5496 1.5899 1.6292 1.666 1.7006 1.7293 1.7578 1.7807 1.8013 1.8296 1.839 1.8065 1.8772 1.8861 1.8932 1.9086 1.9248 1.9403 1.9502 1.9579 1.9633
NaN NaN NaN NaN NaN NaN NaN NaN 1.0938 1.1595 1.2171 1.2753 1.3257 1.3737 1.4222 1.456 1.537 1.5765 1.6163 1.6529 1.6861 1.7212 1.7512 1.7801 1.8114 1.8509 1.8788 1.8434 1.877 1.8813 1.8881 1.905 1.9176 1.934 1.9457 1.9416 1.9569
NaN NaN NaN NaN NaN NaN NaN NaN NaN 1.2052 1.25 1.2931 1.33 1.371 1.4178 1.462 1.5314 1.5648 1.6034 1.6383 1.6732 1.7097 1.7422 1.7723 1.8043 1.8391 1.856 1.8238 1.8679 1.8747 1.8814 1.8985 1.9113 1.9265 1.9398 1.9319 1.9492
NaN NaN NaN NaN NaN NaN NaN NaN NaN 1.2378 1.2797 1.2981 1.3228 1.3653 1.4157 1.467 1.5307 1.5634 1.5955 1.6287 1.6672 1.7044 1.736 1.7671 1.7973 1.8275 1.8398 1.815 1.8593 1.8681 1.8776 1.8936 1.906 1.9214 1.933 1.9315 1.9419
NaN NaN NaN NaN NaN NaN NaN NaN NaN NaN 1.2788 1.2876 1.3117 1.3664 1.4195 1.4733 1.5311 1.5606 1.5904 1.6251 1.661 1.6966 1.7279 1.7564 1.7873 1.8142 1.8245 1.808 1.8503 1.8605 1.8734 1.8884 1.9016 1.9153 1.9241 1.9225 1.9324
NaN NaN NaN NaN NaN NaN NaN NaN NaN NaN NaN 1.29 1.3156 1.3735 1.4274 1.4795 1.5284 1.554 1.5851 1.6197 1.6554 1.6891 1.7207 1.7489 1.7778 1.8033 1.813 1.8041 1.8421 1.8536 1.868 1.8826 1.8949 1.9086 1.9137 1.9131 1.9223
NaN NaN NaN NaN NaN NaN NaN NaN NaN NaN NaN 1.296 1.3252 1.3742 1.4227 1.471 1.5159 1.5405 1.5702 1.6102 1.6485 1.6805 1.7117 1.7394 1.7673 1.7914 1.8025 1.798 1.8328 1.8453 1.8624 1.8761 1.887 1.8983 1.9031 1.9046 1.9118
NaN NaN NaN NaN NaN NaN NaN NaN NaN NaN NaN NaN 1.317 1.3759 1.3976 1.4509 1.4999 1.5286 1.5605 1.5999 1.6391 1.6708 1.702 1.7287 1.7573 1.7808 1.7927 1.7939 1.8239 1.8375 1.8554 1.8694 1.8808 1.8899 1.8941 1.8952 1.8996
NaN NaN NaN NaN NaN NaN NaN NaN NaN NaN NaN NaN NaN 1.3992 1.415 1.4461 1.5006 1.5245 1.5545 1.5936 1.6309 1.663 1.6939 1.7205 1.7467 1.7711 1.7821 1.7879 1.8157 1.8283 1.8487 1.8619 1.873 1.8807 1.8842 1.8858 1.8872
NaN NaN NaN NaN NaN NaN NaN NaN NaN NaN NaN NaN NaN NaN 1.4261 1.4682 1.4925 1.5037 1.5379 1.5819 1.6086 1.6493 1.6802 1.7085 1.7377 1.7598 1.7735 1.7833 1.8062 1.8207 1.8419 1.8552 1.8655 1.8717 1.8748 1.8752 1.8774
NaN NaN NaN NaN NaN NaN NaN NaN NaN NaN NaN NaN NaN NaN NaN 1.4746 1.4916 1.4862 1.5212 1.5688 1.5957 1.6373 1.6679 1.6961 1.7243 1.7484 1.762 1.7784 1.7895 1.8081 1.8339 1.8487 1.8584 1.8633 1.8667 1.8673 1.8664
NaN NaN NaN NaN NaN NaN NaN NaN NaN NaN NaN NaN NaN NaN NaN NaN NaN 1.501 1.5213 1.5537 1.5668 1.6181 1.6478 1.6739 1.7039 1.7374 1.7541 1.7758 1.7876 1.8055 1.8266 1.8417 1.8507 1.8544 1.8586 1.858 1.8564
NaN NaN NaN NaN NaN NaN NaN NaN NaN NaN NaN NaN NaN NaN NaN NaN NaN NaN 1.5233 1.5676 1.5489 1.5999 1.6345 1.6561 1.6794 1.7232 1.7457 1.7572 1.7775 1.7973 1.8192 1.8353 1.8443 1.8467 1.8495 1.8489 1.8464
NaN NaN NaN NaN NaN NaN NaN NaN NaN NaN NaN NaN NaN NaN NaN NaN NaN NaN NaN NaN 1.5396 1.6222 1.633 1.6291 1.6387 1.7021 1.7306 1.7331 1.7647 1.7864 1.8145 1.8298 1.836 1.8381 1.8393 1.8388 1.8374
NaN NaN NaN NaN NaN NaN NaN NaN NaN NaN NaN NaN NaN NaN NaN NaN NaN NaN NaN NaN NaN NaN 1.6201 1.6382 1.6259 1.6797 1.7071 1.699 1.7468 1.763 1.7826 1.8182 1.8245 1.8254 1.8255 1.8248 1.8238
NaN NaN NaN NaN NaN NaN NaN NaN NaN NaN NaN NaN NaN NaN NaN NaN NaN NaN NaN NaN NaN NaN NaN NaN 1.5948 1.6584 1.6597 1.6468 1.6986 1.7261 1.7277 1.7817 1.7998 1.7931 1.8019 1.8069 1.7962
NaN NaN NaN NaN NaN NaN NaN NaN NaN NaN NaN NaN NaN NaN NaN NaN NaN NaN NaN NaN NaN NaN NaN NaN NaN NaN 1.6171 1.6538 1.6796 1.712 1.6815 1.7215 1.7455 1.7255 1.7596 1.7639 1.7659
NaN NaN NaN NaN NaN NaN NaN NaN NaN NaN NaN NaN NaN NaN NaN NaN NaN NaN NaN NaN NaN NaN NaN NaN NaN NaN NaN NaN 1.591 1.6879 1.6812 1.6998 1.6805 1.6096 1.5853 1.4422 0.79339
NaN NaN NaN NaN NaN NaN NaN NaN NaN NaN NaN NaN NaN NaN NaN NaN NaN NaN NaN NaN NaN NaN NaN NaN NaN NaN NaN NaN NaN NaN 1.504 1.6196 1.5417 1.3448 0.66699 NaN NaN
NaN NaN NaN NaN NaN NaN NaN NaN NaN NaN NaN NaN NaN NaN NaN NaN NaN NaN NaN NaN NaN NaN NaN NaN NaN NaN NaN NaN NaN NaN NaN NaN 1.2072 0.49993 NaN NaN NaN
NaN NaN NaN NaN NaN NaN NaN NaN NaN NaN NaN NaN NaN NaN NaN NaN NaN NaN NaN NaN NaN NaN NaN NaN NaN NaN NaN NaN NaN NaN NaN NaN NaN NaN NaN NaN NaN
NaN NaN NaN NaN NaN NaN NaN NaN NaN NaN NaN NaN NaN NaN NaN NaN NaN NaN NaN NaN NaN NaN NaN NaN NaN NaN NaN NaN NaN NaN NaN NaN NaN NaN NaN NaN NaN
NaN NaN NaN NaN NaN NaN NaN NaN NaN NaN NaN NaN NaN NaN NaN NaN NaN NaN NaN NaN NaN NaN NaN NaN NaN NaN NaN NaN NaN NaN NaN NaN NaN NaN NaN NaN NaN
