NaN NaN NaN NaN NaN NaN NaN NaN NaN NaN 1.6262 1.8007 1.8087 1.9063 1.9167 1.8582 1.8048 1.7936 1.8116 1.8438 1.8783 1.8937 1.9119 1.9317 1.9377 1.956 1.964 1.9817 1.9947 2.0061 2.0196 2.0311 2.0501 2.0695 2.0882 2.0985 2.1068
NaN NaN NaN NaN NaN NaN NaN NaN NaN NaN NaN NaN NaN NaN 1.8058 1.7856 1.7587 1.7586 1.7881 1.8235 1.8591 1.8801 1.9034 1.9244 1.9326 1.9508 1.9598 1.9764 1.9895 1.9998 2.0132 2.0218 2.0408 2.0626 2.0789 2.0892 2.0972
NaN NaN NaN NaN NaN NaN NaN NaN 0.37021 0.33755 0.3151 0.28701 0.25223 0.21968 1.8118 1.7129 1.7262 1.7353 1.77 1.807 1.8429 1.868 1.894 1.9137 1.928 1.9447 1.9546 1.9709 1.9845 1.9938 2.0048 2.0119 2.0322 2.0547 2.069 2.0795 2.0866
NaN NaN NaN NaN NaN NaN NaN NaN 0.73075 0.78444 0.84823 0.93961 1.0737 1.3036 1.7386 1.6057 1.6901 1.7149 1.7534 1.7895 1.8273 1.8531 1.8818 1.9028 1.9199 1.9374 1.9494 1.9651 1.9785 1.9886 1.9977 2.0056 2.027 2.046 2.0583 2.0684 2.0759
NaN NaN NaN NaN NaN NaN NaN NaN 0.97549 1.021 1.0744 1.1506 1.2661 1.4269 1.6221 1.5289 1.6567 1.6927 1.7337 1.7718 1.8092 1.8381 1.8679 1.8908 1.9097 1.9281 1.9411 1.9563 1.9699 1.9793 1.986 1.9951 2.0135 2.0357 2.0481 2.0577 2.0662
NaN NaN NaN NaN NaN NaN NaN NaN 1.0198 1.0601 1.1201 1.203 1.3129 1.4331 1.5413 1.4951 1.6254 1.6682 1.7125 1.7527 1.7906 1.8211 1.8518 1.876 1.8975 1.9162 1.9312 1.9458 1.9583 1.9692 1.9755 1.9856 2.004 2.0257 2.0375 2.0478 2.0549
NaN NaN NaN NaN NaN NaN NaN NaN 1.069 1.1079 1.1709 1.2544 1.3433 1.4258 1.4918 1.4825 1.6013 1.6425 1.6881 1.7314 1.7699 1.8025 1.835 1.8614 1.8858 1.9049 1.9208 1.9375 1.951 1.9628 1.9714 1.9844 1.9982 2.0185 2.0284 2.0375 2.044
NaN NaN NaN NaN NaN NaN NaN NaN 1.0904 1.1402 1.2055 1.2796 1.3474 1.4089 1.4627 1.4825 1.585 1.6273 1.6692 1.709 1.7467 1.7785 1.8102 1.836 1.859 1.8895 1.8999 1.8669 1.9408 1.9501 1.9578 1.9742 1.9912 2.0076 2.0179 2.0261 2.0319
NaN NaN NaN NaN NaN NaN NaN NaN 1.1053 1.1723 1.2323 1.2931 1.3458 1.3963 1.4474 1.4844 1.5714 1.6128 1.6553 1.6945 1.7305 1.7686 1.8015 1.8331 1.8669 1.909 1.939 1.9037 1.9405 1.9448 1.9522 1.97 1.9833 2.0006 2.0128 2.0088 2.025
NaN NaN NaN NaN NaN NaN NaN NaN NaN 1.2195 1.2663 1.3116 1.3503 1.3933 1.4427 1.4906 1.5652 1.6005 1.6416 1.679 1.7164 1.7559 1.7914 1.8244 1.8592 1.8968 1.9154 1.8831 1.9306 1.9376 1.9448 1.9628 1.9762 1.9923 2.0061 1.9982 2.0167
NaN NaN NaN NaN NaN NaN NaN NaN NaN 1.2538 1.2973 1.3169 1.3429 1.3874 1.4404 1.4956 1.564 1.5985 1.6329 1.6683 1.7094 1.7496 1.7841 1.8182 1.8513 1.8842 1.898 1.873 1.9208 1.9301 1.9401 1.9571 1.9701 1.9864 1.9986 1.9973 2.0087
NaN NaN NaN NaN NaN NaN NaN NaN NaN NaN 1.2968 1.3064 1.3316 1.3885 1.4442 1.5019 1.564 1.5953 1.6271 1.664 1.7024 1.7409 1.7751 1.8065 1.8404 1.8698 1.8815 1.865 1.9106 1.9215 1.9352 1.9512 1.9651 1.9796 1.989 1.9876 1.9984
NaN NaN NaN NaN NaN NaN NaN NaN NaN NaN NaN 1.3083 1.3352 1.3956 1.4523 1.5083 1.5609 1.5882 1.6212 1.658 1.6962 1.7326 1.767 1.7981 1.8299 1.8578 1.8688 1.8602 1.9012 1.9136 1.929 1.9447 1.9578 1.9723 1.9779 1.9775 1.9876
NaN NaN NaN NaN NaN NaN NaN NaN NaN NaN NaN 1.3147 1.3453 1.3968 1.4481 1.5 1.5483 1.5742 1.6056 1.6478 1.6887 1.7234 1.7574 1.7879 1.8185 1.8449 1.8573 1.8532 1.891 1.9044 1.9228 1.9376 1.9493 1.9614 1.9667 1.9684 1.9764
NaN NaN NaN NaN NaN NaN NaN NaN NaN NaN NaN NaN 1.3387 1.3999 1.4232 1.4797 1.5318 1.5618 1.5954 1.6371 1.6788 1.713 1.747 1.7764 1.8077 1.8335 1.8466 1.8485 1.8811 1.8959 1.9151 1.9303 1.9426 1.9524 1.9571 1.9586 1.9637
NaN NaN NaN NaN NaN NaN NaN NaN NaN NaN NaN NaN NaN 1.4234 1.4405 1.4744 1.532 1.5571 1.5888 1.6303 1.6702 1.7048 1.7383 1.7675 1.7963 1.823 1.8352 1.842 1.8722 1.8859 1.908 1.9222 1.9343 1.9427 1.9467 1.9488 1.9508
NaN NaN NaN NaN NaN NaN NaN NaN NaN NaN NaN NaN NaN NaN 1.4521 1.4969 1.5237 1.5354 1.5716 1.6185 1.6472 1.6906 1.724 1.755 1.7867 1.8109 1.826 1.837 1.862 1.8777 1.9006 1.9151 1.9264 1.9333 1.9369 1.9377 1.9406
NaN NaN NaN NaN NaN NaN NaN NaN NaN NaN NaN NaN NaN NaN NaN 1.5037 1.5227 1.5177 1.5546 1.6044 1.6337 1.6783 1.7113 1.7421 1.7727 1.799 1.8139 1.8318 1.8444 1.8645 1.892 1.9081 1.9189 1.9244 1.9284 1.9295 1.9291
NaN NaN NaN NaN NaN NaN NaN NaN NaN NaN NaN NaN NaN NaN NaN NaN NaN 1.5328 1.555 1.589 1.6038 1.6587 1.6907 1.7191 1.7514 1.7872 1.8054 1.8288 1.842 1.8615 1.8843 1.9007 1.9107 1.9151 1.9199 1.9197 1.9186
NaN NaN NaN NaN NaN NaN NaN NaN NaN NaN NaN NaN NaN NaN NaN NaN NaN NaN 1.5571 1.6039 1.5854 1.64 1.677 1.7007 1.7259 1.7724 1.7965 1.8096 1.8315 1.8529 1.8765 1.894 1.9039 1.907 1.9105 1.9102 1.9081
NaN NaN NaN NaN NaN NaN NaN NaN NaN NaN NaN NaN NaN NaN NaN NaN NaN NaN NaN NaN 1.5753 1.6625 1.6761 1.6731 1.6838 1.7505 1.7808 1.7846 1.8182 1.8414 1.8715 1.8881 1.8953 1.898 1.8999 1.8997 1.8987
NaN NaN NaN NaN NaN NaN NaN NaN NaN NaN NaN NaN NaN NaN NaN NaN NaN NaN NaN NaN NaN NaN 1.6547 1.6773 1.6703 1.7274 1.7566 1.7492 1.7998 1.8172 1.8384 1.8761 1.8833 1.8849 1.8856 1.8852 1.8845
NaN NaN NaN NaN NaN NaN NaN NaN NaN NaN NaN NaN NaN NaN NaN NaN NaN NaN NaN NaN NaN NaN NaN NaN 1.6296 1.7044 1.7092 1.6963 1.7506 1.7794 1.7817 1.8384 1.8577 1.8515 1.8612 1.8667 1.8557
NaN NaN NaN NaN NaN NaN NaN NaN NaN NaN NaN NaN NaN NaN NaN NaN NaN NaN NaN NaN NaN NaN NaN NaN NaN NaN 1.6588 1.7011 1.7311 1.7658 1.7348 1.7771 1.8019 1.7816 1.8175 1.8218 1.824
NaN NaN NaN NaN NaN NaN NaN NaN NaN NaN NaN NaN NaN NaN NaN NaN NaN NaN NaN NaN NaN NaN NaN NaN NaN NaN NaN NaN 1.6261 1.7263 1.7314 1.754 1.737 1.6653 1.6431 1.5001 0.84848
NaN NaN NaN NaN NaN NaN NaN NaN NaN NaN NaN NaN NaN NaN NaN NaN NaN NaN NaN NaN NaN NaN NaN NaN NaN NaN NaN NaN NaN NaN 1.5267 1.669 1.5977 1.3992 0.71368 NaN NaN
NaN NaN NaN NaN NaN NaN NaN NaN NaN NaN NaN NaN NaN NaN NaN NaN NaN NaN NaN NaN NaN NaN NaN NaN NaN NaN NaN NaN NaN NaN NaN NaN 1.2516 0.53471 NaN NaN NaN
NaN NaN NaN NaN NaN NaN NaN NaN NaN NaN NaN NaN NaN NaN NaN NaN NaN NaN NaN NaN NaN NaN NaN NaN NaN NaN NaN NaN NaN NaN NaN NaN NaN NaN NaN NaN NaN
NaN NaN NaN NaN NaN NaN NaN NaN NaN NaN NaN NaN NaN NaN NaN NaN NaN NaN NaN NaN NaN NaN NaN NaN NaN NaN NaN NaN NaN NaN NaN NaN NaN NaN NaN NaN NaN
NaN NaN NaN NaN NaN NaN NaN NaN NaN NaN NaN NaN NaN NaN NaN NaN NaN NaN NaN NaN NaN NaN NaN NaN NaN NaN NaN NaN NaN NaN NaN NaN NaN NaN NaN NaN NaN
