NaN NaN NaN NaN NaN NaN NaN NaN NaN NaN 1.5239 1.7767 1.7941 1.9129 1.9249 1.864 1.8111 1.8037 1.8299 1.8705 1.914 1.9345 1.9572 1.9804 1.9877 2.0087 2.0183 2.039 2.0549 2.0701 2.0876 2.1026 2.1249 2.1465 2.1675 2.1797 2.19
NaN NaN NaN NaN NaN NaN NaN NaN NaN NaN NaN NaN NaN NaN 1.7179 1.7563 1.7457 1.7482 1.7882 1.8355 1.8829 1.9118 1.9419 1.9687 1.9801 2.0019 2.0128 2.0326 2.0487 2.0627 2.0801 2.0916 2.1136 2.1374 2.1557 2.168 2.1782
NaN NaN NaN NaN NaN NaN NaN NaN 0.27027 0.24394 0.22465 0.20111 0.17237 0.14384 1.7265 1.6546 1.6945 1.7066 1.7529 1.8037 1.8537 1.8895 1.9251 1.9527 1.9723 1.9936 2.0063 2.0262 2.0432 2.056 2.0707 2.0803 2.1033 2.1277 2.1438 2.1564 2.1656
NaN NaN NaN NaN NaN NaN NaN NaN 0.58613 0.63774 0.70173 0.79471 0.93428 1.1767 1.6514 1.5324 1.6471 1.6729 1.7233 1.7736 1.8267 1.8649 1.9053 1.9359 1.9601 1.9834 1.9993 2.0192 2.0362 2.0498 2.0625 2.0729 2.0968 2.1175 2.1315 2.1437 2.1534
NaN NaN NaN NaN NaN NaN NaN NaN 0.81822 0.86524 0.92272 1.0056 1.1318 1.3112 1.5379 1.4482 1.6055 1.642 1.6943 1.7461 1.7987 1.8411 1.8842 1.9182 1.946 1.9714 1.9893 2.0093 2.027 2.0399 2.0499 2.0612 2.0816 2.1054 2.1194 2.1311 2.1419
NaN NaN NaN NaN NaN NaN NaN NaN 0.87734 0.92058 0.98441 1.0737 1.1932 1.3282 1.4552 1.4091 1.5676 1.6117 1.6662 1.7192 1.7719 1.8167 1.8616 1.898 1.9295 1.9562 1.977 1.9968 2.0136 2.028 2.0373 2.0495 2.0699 2.0935 2.1069 2.1194 2.1289
NaN NaN NaN NaN NaN NaN NaN NaN 0.93254 0.97466 1.0418 1.1315 1.2291 1.3236 1.4013 1.3938 1.5384 1.5821 1.6367 1.6915 1.744 1.7908 1.8379 1.877 1.9122 1.9399 1.9621 1.9844 2.0026 2.0183 2.03 2.0455 2.0616 2.0842 2.0956 2.107 2.1157
NaN NaN NaN NaN NaN NaN NaN NaN 0.96123 1.0135 1.0829 1.1628 1.2379 1.308 1.369 1.3924 1.5176 1.5637 1.6149 1.6661 1.7174 1.7637 1.8105 1.8498 1.8843 1.924 1.9409 1.9072 1.9905 2.0014 2.0125 2.0319 2.0514 2.0704 2.0824 2.0928 2.1008
NaN NaN NaN NaN NaN NaN NaN NaN 0.98503 1.0494 1.1136 1.1796 1.2379 1.2944 1.3507 1.3933 1.4999 1.5454 1.596 1.6451 1.6929 1.744 1.7904 1.834 1.878 1.9292 1.968 1.9371 1.9878 1.9933 2.0033 2.0242 2.0398 2.0598 2.0741 2.0719 2.0914
NaN NaN NaN NaN NaN NaN NaN NaN NaN 1.0961 1.1474 1.1976 1.2406 1.2887 1.343 1.3985 1.4908 1.5308 1.5795 1.6256 1.6736 1.7256 1.774 1.8196 1.8658 1.9145 1.9427 1.9129 1.9733 1.9827 1.9924 2.0133 2.0288 2.0475 2.0637 2.0575 2.0804
NaN NaN NaN NaN NaN NaN NaN NaN NaN 1.133 1.1789 1.203 1.2325 1.2816 1.339 1.4025 1.4861 1.5255 1.5672 1.6102 1.661 1.7132 1.7604 1.8075 1.8528 1.8975 1.9201 1.8966 1.9573 1.9702 1.9831 2.0031 2.0182 2.0372 2.0521 2.0529 2.0689
NaN NaN NaN NaN NaN NaN NaN NaN NaN NaN 1.1804 1.1935 1.2207 1.281 1.3411 1.4077 1.4836 1.5198 1.558 1.6022 1.6501 1.7002 1.7469 1.7912 1.8374 1.8783 1.8982 1.8831 1.941 1.9562 1.9736 1.993 2.0095 2.027 2.0395 2.0402 2.0554
NaN NaN NaN NaN NaN NaN NaN NaN NaN NaN NaN 1.1918 1.2215 1.2864 1.3481 1.4139 1.4792 1.5109 1.5498 1.5934 1.6405 1.6881 1.7346 1.7783 1.8224 1.8614 1.8803 1.8735 1.9259 1.9433 1.9633 1.983 1.9991 2.0168 2.0255 2.0273 2.0417
NaN NaN NaN NaN NaN NaN NaN NaN NaN NaN NaN 1.1983 1.2314 1.2892 1.3467 1.4082 1.4674 1.4971 1.5331 1.5814 1.6308 1.6762 1.722 1.7646 1.8072 1.8444 1.8644 1.8627 1.9107 1.9296 1.9535 1.9726 1.9877 2.0031 2.0115 2.0157 2.028
NaN NaN NaN NaN NaN NaN NaN NaN NaN NaN NaN NaN 1.2347 1.2989 1.3266 1.3908 1.4513 1.4837 1.5212 1.5693 1.6196 1.6638 1.7091 1.7502 1.7931 1.8291 1.8498 1.8548 1.8967 1.9172 1.9424 1.9623 1.9783 1.9917 1.9997 2.0041 2.0134
NaN NaN NaN NaN NaN NaN NaN NaN NaN NaN NaN NaN NaN 1.3199 1.3409 1.3833 1.4491 1.4766 1.5128 1.5612 1.6096 1.6538 1.6985 1.739 1.7791 1.8157 1.8353 1.8458 1.8844 1.9039 1.9324 1.9516 1.9678 1.9801 1.9876 1.9928 1.9989
NaN NaN NaN NaN NaN NaN NaN NaN NaN NaN NaN NaN NaN NaN 1.3538 1.4055 1.441 1.4547 1.4957 1.5509 1.5867 1.6391 1.6829 1.7245 1.7671 1.8009 1.8234 1.8387 1.8712 1.8928 1.9225 1.9421 1.9579 1.9687 1.976 1.9802 1.9871
NaN NaN NaN NaN NaN NaN NaN NaN NaN NaN NaN NaN NaN NaN NaN 1.4152 1.4405 1.438 1.4786 1.5364 1.5714 1.6263 1.6692 1.7106 1.7516 1.7872 1.8094 1.8325 1.851 1.8773 1.9116 1.9329 1.9483 1.9579 1.9657 1.9704 1.974
NaN NaN NaN NaN NaN NaN NaN NaN NaN NaN NaN NaN NaN NaN NaN NaN NaN 1.4527 1.4804 1.5227 1.5405 1.6077 1.649 1.6867 1.7282 1.7728 1.7978 1.8272 1.846 1.8725 1.9022 1.9238 1.9384 1.947 1.9559 1.9594 1.9621
NaN NaN NaN NaN NaN NaN NaN NaN NaN NaN NaN NaN NaN NaN NaN NaN NaN NaN 1.4871 1.5416 1.5215 1.5889 1.6347 1.6673 1.7008 1.7564 1.7878 1.8069 1.8344 1.8623 1.8927 1.9156 1.9302 1.9375 1.9452 1.9487 1.9503
NaN NaN NaN NaN NaN NaN NaN NaN NaN NaN NaN NaN NaN NaN NaN NaN NaN NaN NaN NaN 1.5134 1.6133 1.635 1.6393 1.6562 1.7333 1.7709 1.7801 1.82 1.8487 1.886 1.9084 1.9203 1.9273 1.9335 1.9371 1.9395
NaN NaN NaN NaN NaN NaN NaN NaN NaN NaN NaN NaN NaN NaN NaN NaN NaN NaN NaN NaN NaN NaN 1.6123 1.6488 1.6395 1.7078 1.7451 1.7427 1.8016 1.8237 1.8515 1.8954 1.907 1.9133 1.9184 1.9215 1.9238
NaN NaN NaN NaN NaN NaN NaN NaN NaN NaN NaN NaN NaN NaN NaN NaN NaN NaN NaN NaN NaN NaN NaN NaN 1.5899 1.6856 1.7038 1.6935 1.7535 1.7861 1.7923 1.8567 1.8802 1.8784 1.8934 1.9021 1.8933
NaN NaN NaN NaN NaN NaN NaN NaN NaN NaN NaN NaN NaN NaN NaN NaN NaN NaN NaN NaN NaN NaN NaN NaN NaN NaN 1.6247 1.6924 1.7321 1.7781 1.7462 1.7971 1.8245 1.8065 1.8491 1.8546 1.8589
NaN NaN NaN NaN NaN NaN NaN NaN NaN NaN NaN NaN NaN NaN NaN NaN NaN NaN NaN NaN NaN NaN NaN NaN NaN NaN NaN NaN 1.6014 1.7349 1.7456 1.7764 1.7687 1.7055 1.7016 1.5851 1.0252
NaN NaN NaN NaN NaN NaN NaN NaN NaN NaN NaN NaN NaN NaN NaN NaN NaN NaN NaN NaN NaN NaN NaN NaN NaN NaN NaN NaN NaN NaN 1.519 1.6935 1.6475 1.4759 0.86407 NaN NaN
NaN NaN NaN NaN NaN NaN NaN NaN NaN NaN NaN NaN NaN NaN NaN NaN NaN NaN NaN NaN NaN NaN NaN NaN NaN NaN NaN NaN NaN NaN NaN NaN 1.2874 0.64676 NaN NaN NaN
NaN NaN NaN NaN NaN NaN NaN NaN NaN NaN NaN NaN NaN NaN NaN NaN NaN NaN NaN NaN NaN NaN NaN NaN NaN NaN NaN NaN NaN NaN NaN NaN NaN NaN NaN NaN NaN
NaN NaN NaN NaN NaN NaN NaN NaN NaN NaN NaN NaN NaN NaN NaN NaN NaN NaN NaN NaN NaN NaN NaN NaN NaN NaN NaN NaN NaN NaN NaN NaN NaN NaN NaN NaN NaN
NaN NaN NaN NaN NaN NaN NaN NaN NaN NaN NaN NaN NaN NaN NaN NaN NaN NaN NaN NaN NaN NaN NaN NaN NaN NaN NaN NaN NaN NaN NaN NaN NaN NaN NaN NaN NaN
