NaN NaN NaN NaN NaN NaN NaN NaN NaN NaN 1.5959 1.7835 1.7893 1.8892 1.8983 1.8364 1.7846 1.7743 1.7936 1.8271 1.8632 1.8795 1.8985 1.919 1.9251 1.9437 1.952 1.9702 1.9838 1.9958 2.0099 2.0219 2.0413 2.0609 2.0799 2.0905 2.0992
NaN NaN NaN NaN NaN NaN NaN NaN NaN NaN NaN NaN NaN NaN 1.7716 1.7587 1.7345 1.7356 1.767 1.8044 1.8422 1.8647 1.8892 1.9114 1.9202 1.9388 1.948 1.9652 1.9789 1.9898 2.0039 2.0128 2.0321 2.0541 2.0707 2.0814 2.0898
NaN NaN NaN NaN NaN NaN NaN NaN 0.34435 0.31343 0.29192 0.26523 0.23237 0.20146 1.7782 1.6809 1.6988 1.709 1.7458 1.7852 1.8238 1.851 1.8788 1.9002 1.9155 1.9329 1.9432 1.9602 1.9744 1.9843 1.9959 2.0033 2.0238 2.0465 2.0611 2.0719 2.0794
NaN NaN NaN NaN NaN NaN NaN NaN 0.69045 0.74339 0.80739 0.89914 1.0337 1.2644 1.7035 1.5717 1.6614 1.6866 1.7272 1.7657 1.8065 1.8348 1.8658 1.8887 1.9072 1.9257 1.9383 1.9548 1.9688 1.9795 1.9893 1.9974 2.019 2.0382 2.0507 2.0612 2.0691
NaN NaN NaN NaN NaN NaN NaN NaN 0.93188 0.97757 1.0319 1.1093 1.2262 1.3892 1.5886 1.4949 1.6273 1.6633 1.7063 1.7468 1.7871 1.8186 1.851 1.8762 1.8969 1.9165 1.9304 1.9465 1.9609 1.9709 1.9781 1.9874 2.0059 2.0282 2.0409 2.0508 2.0597
NaN NaN NaN NaN NaN NaN NaN NaN 0.98055 1.0213 1.0818 1.1654 1.2761 1.3978 1.5085 1.4611 1.5955 1.6384 1.6843 1.7268 1.7675 1.8008 1.8343 1.8611 1.8845 1.9047 1.9207 1.9364 1.9497 1.9612 1.9679 1.9781 1.9966 2.0185 2.0306 2.0412 2.0488
NaN NaN NaN NaN NaN NaN NaN NaN 1.0315 1.0709 1.1342 1.2181 1.3076 1.3916 1.4592 1.4489 1.5712 1.6126 1.6596 1.7049 1.7461 1.7814 1.8168 1.8458 1.8723 1.893 1.91 1.9278 1.9422 1.9546 1.9637 1.9769 1.9908 2.0114 2.0216 2.0311 2.038
NaN NaN NaN NaN NaN NaN NaN NaN 1.0551 1.105 1.1704 1.2448 1.3132 1.3757 1.4302 1.4493 1.5547 1.5975 1.6409 1.6826 1.723 1.7576 1.7924 1.8209 1.8462 1.8788 1.8912 1.8556 1.932 1.9417 1.95 1.9666 1.9838 2.0005 2.0112 2.0198 2.026
NaN NaN NaN NaN NaN NaN NaN NaN 1.0723 1.1379 1.198 1.2591 1.3124 1.3635 1.4149 1.4514 1.541 1.5828 1.6264 1.6672 1.7055 1.7461 1.7816 1.8156 1.8512 1.8952 1.9273 1.8912 1.9314 1.9363 1.9441 1.9621 1.9756 1.9933 2.006 2.0023 2.0191
NaN NaN NaN NaN NaN NaN NaN NaN NaN 1.1846 1.2319 1.2776 1.3168 1.3604 1.41 1.4578 1.5347 1.5706 1.6127 1.6515 1.6909 1.7328 1.7708 1.8062 1.8431 1.883 1.9042 1.8709 1.9211 1.9289 1.9364 1.9547 1.9682 1.9847 1.9991 1.9913 2.0106
NaN NaN NaN NaN NaN NaN NaN NaN NaN 1.2194 1.2627 1.2833 1.3098 1.3548 1.4078 1.463 1.5333 1.5683 1.6037 1.6402 1.6831 1.7257 1.7626 1.7991 1.8346 1.87 1.8862 1.8602 1.9104 1.9207 1.9312 1.9485 1.9616 1.9782 1.9911 1.99 2.0024
NaN NaN NaN NaN NaN NaN NaN NaN NaN NaN 1.263 1.2734 1.2989 1.3558 1.4115 1.4695 1.5332 1.565 1.5976 1.6356 1.6758 1.7165 1.7531 1.787 1.8232 1.8551 1.8691 1.8517 1.8994 1.9114 1.9257 1.9421 1.9562 1.9712 1.9813 1.9802 1.9919
NaN NaN NaN NaN NaN NaN NaN NaN NaN NaN NaN 1.2748 1.3021 1.3628 1.4196 1.4761 1.5303 1.558 1.5917 1.6295 1.6692 1.7078 1.7446 1.7781 1.8122 1.8426 1.8558 1.8464 1.8893 1.9029 1.9191 1.9353 1.9488 1.9638 1.9702 1.97 1.981
NaN NaN NaN NaN NaN NaN NaN NaN NaN NaN NaN 1.2812 1.3121 1.3645 1.4163 1.4688 1.5184 1.5447 1.5765 1.6194 1.6618 1.6985 1.7348 1.7676 1.8005 1.8293 1.8437 1.8392 1.8785 1.8932 1.9126 1.9279 1.9401 1.9528 1.9588 1.9609 1.9698
NaN NaN NaN NaN NaN NaN NaN NaN NaN NaN NaN NaN 1.3076 1.3685 1.3926 1.4497 1.5026 1.5325 1.5663 1.6088 1.652 1.6882 1.7244 1.756 1.7894 1.8175 1.8326 1.8343 1.8682 1.8842 1.9046 1.9205 1.9333 1.9438 1.9492 1.9512 1.9572
NaN NaN NaN NaN NaN NaN NaN NaN NaN NaN NaN NaN NaN 1.3914 1.4089 1.444 1.5025 1.5276 1.5597 1.6022 1.6436 1.68 1.7157 1.747 1.778 1.8068 1.821 1.8278 1.859 1.874 1.8972 1.9123 1.925 1.9341 1.9389 1.9416 1.9445
NaN NaN NaN NaN NaN NaN NaN NaN NaN NaN NaN NaN NaN NaN 1.4209 1.466 1.4944 1.5068 1.5428 1.5911 1.621 1.6662 1.7016 1.7345 1.7683 1.7946 1.8116 1.8227 1.8487 1.8656 1.8897 1.9051 1.9171 1.9247 1.9292 1.9307 1.9344
NaN NaN NaN NaN NaN NaN NaN NaN NaN NaN NaN NaN NaN NaN NaN 1.4738 1.4936 1.4899 1.5268 1.5773 1.6076 1.6541 1.6891 1.7219 1.7544 1.7827 1.7995 1.8179 1.831 1.8523 1.8811 1.898 1.9095 1.9159 1.9207 1.9225 1.923
NaN NaN NaN NaN NaN NaN NaN NaN NaN NaN NaN NaN NaN NaN NaN NaN NaN 1.5044 1.5275 1.5628 1.5786 1.6352 1.6691 1.6991 1.7331 1.7708 1.7906 1.8147 1.8284 1.8493 1.8734 1.8907 1.9014 1.9066 1.9123 1.913 1.9126
NaN NaN NaN NaN NaN NaN NaN NaN NaN NaN NaN NaN NaN NaN NaN NaN NaN NaN 1.5308 1.5784 1.5605 1.6168 1.6555 1.6807 1.7075 1.756 1.782 1.7955 1.8181 1.8407 1.8656 1.884 1.8948 1.8987 1.9031 1.9036 1.9023
NaN NaN NaN NaN NaN NaN NaN NaN NaN NaN NaN NaN NaN NaN NaN NaN NaN NaN NaN NaN 1.5508 1.6394 1.654 1.6528 1.665 1.7343 1.7664 1.7705 1.8049 1.8291 1.8606 1.8783 1.8862 1.8898 1.8926 1.8933 1.893
NaN NaN NaN NaN NaN NaN NaN NaN NaN NaN NaN NaN NaN NaN NaN NaN NaN NaN NaN NaN NaN NaN 1.6351 1.6588 1.6499 1.7103 1.7418 1.7351 1.7871 1.8053 1.8277 1.8664 1.8745 1.8769 1.8786 1.879 1.879
NaN NaN NaN NaN NaN NaN NaN NaN NaN NaN NaN NaN NaN NaN NaN NaN NaN NaN NaN NaN NaN NaN NaN NaN 1.6106 1.687 1.6958 1.6832 1.7383 1.7678 1.7708 1.8291 1.8493 1.8437 1.8546 1.8609 1.8505
NaN NaN NaN NaN NaN NaN NaN NaN NaN NaN NaN NaN NaN NaN NaN NaN NaN NaN NaN NaN NaN NaN NaN NaN NaN NaN 1.6404 1.6863 1.7179 1.7562 1.7237 1.7683 1.794 1.774 1.8117 1.8165 1.819
NaN NaN NaN NaN NaN NaN NaN NaN NaN NaN NaN NaN NaN NaN NaN NaN NaN NaN NaN NaN NaN NaN NaN NaN NaN NaN NaN NaN 1.6116 1.7188 1.7211 1.7447 1.7306 1.6613 1.6436 1.5076 0.88187
NaN NaN NaN NaN NaN NaN NaN NaN NaN NaN NaN NaN NaN NaN NaN NaN NaN NaN NaN NaN NaN NaN NaN NaN NaN NaN NaN NaN NaN NaN 1.52 1.6607 1.595 1.4043 0.7416 NaN NaN
NaN NaN NaN NaN NaN NaN NaN NaN NaN NaN NaN NaN NaN NaN NaN NaN NaN NaN NaN NaN NaN NaN NaN NaN NaN NaN NaN NaN NaN NaN NaN NaN 1.2488 0.55504 NaN NaN NaN
NaN NaN NaN NaN NaN NaN NaN NaN NaN NaN NaN NaN NaN NaN NaN NaN NaN NaN NaN NaN NaN NaN NaN NaN NaN NaN NaN NaN NaN NaN NaN NaN NaN NaN NaN NaN NaN
NaN NaN NaN NaN NaN NaN NaN NaN NaN NaN NaN NaN NaN NaN NaN NaN NaN NaN NaN NaN NaN NaN NaN NaN NaN NaN NaN NaN NaN NaN NaN NaN NaN NaN NaN NaN NaN
NaN NaN NaN NaN NaN NaN NaN NaN NaN NaN NaN NaN NaN NaN NaN NaN NaN NaN NaN NaN NaN NaN NaN NaN NaN NaN NaN NaN NaN NaN NaN NaN NaN NaN NaN NaN NaN
