NaN NaN NaN NaN NaN NaN NaN NaN NaN NaN 1.8121 2.0495 2.1104 2.2908 2.3554 2.436 2.4766 2.478 2.5184 2.5763 2.6369 2.6657 2.6971 2.7294 2.7397 2.7686 2.7819 2.8103 2.8323 2.8528 2.8765 2.8968 2.9273 2.957 2.9859 3.0027 3.0168
NaN NaN NaN NaN NaN NaN NaN NaN NaN NaN NaN NaN NaN NaN 2.0954 2.2051 2.3792 2.3998 2.4609 2.5287 2.595 2.6354 2.6769 2.714 2.7297 2.7596 2.7746 2.8019 2.8241 2.8431 2.8668 2.8823 2.9123 2.9452 2.9705 2.9874 3.0013
NaN NaN NaN NaN NaN NaN NaN NaN 0.3737 0.33701 0.30974 0.27656 0.2362 0.19649 2.0847 2.0844 2.3073 2.3424 2.4128 2.4856 2.5557 2.6056 2.6546 2.6926 2.7195 2.7487 2.7661 2.7936 2.8169 2.8343 2.8543 2.8673 2.8988 2.9326 2.9549 2.9722 2.9848
NaN NaN NaN NaN NaN NaN NaN NaN 0.79194 0.8571 0.9367 1.0516 1.2211 1.5101 2.0539 1.9983 2.2442 2.2974 2.3729 2.445 2.5194 2.5726 2.6282 2.6702 2.7034 2.7352 2.7569 2.7843 2.8077 2.8262 2.8435 2.8575 2.8905 2.9192 2.9386 2.9554 2.9688
NaN NaN NaN NaN NaN NaN NaN NaN 1.1017 1.1607 1.232 1.3338 1.4878 1.703 1.9683 1.9272 2.1906 2.257 2.3344 2.4082 2.4818 2.5407 2.6 2.6466 2.6845 2.7192 2.7436 2.7711 2.7954 2.8131 2.8265 2.8419 2.8701 2.9032 2.9227 2.9387 2.9535
NaN NaN NaN NaN NaN NaN NaN NaN 1.1809 1.2354 1.316 1.4281 1.5774 1.7437 1.9012 1.8987 2.1429 2.2176 2.2973 2.3724 2.446 2.508 2.5697 2.6195 2.6625 2.6988 2.7272 2.7544 2.7774 2.7973 2.8098 2.8266 2.8547 2.8875 2.9062 2.9234 2.9364
NaN NaN NaN NaN NaN NaN NaN NaN 1.2588 1.3124 1.3982 1.5127 1.6367 1.7557 1.8591 1.8927 2.1069 2.1791 2.2584 2.3358 2.4088 2.4735 2.5379 2.5914 2.6395 2.6771 2.7075 2.7381 2.763 2.7845 2.8005 2.8218 2.8439 2.8753 2.8912 2.9069 2.9188
NaN NaN NaN NaN NaN NaN NaN NaN 1.301 1.3689 1.4586 1.5617 1.6588 1.75 1.837 1.9009 2.0825 2.156 2.23 2.3019 2.3731 2.4368 2.5007 2.5543 2.6012 2.656 2.6797 2.6311 2.7465 2.7621 2.7772 2.8038 2.8307 2.8569 2.8737 2.888 2.899
NaN NaN NaN NaN NaN NaN NaN NaN 1.3357 1.4216 1.5052 1.5914 1.6685 1.7446 1.8276 1.9091 2.0619 2.1329 2.2056 2.2746 2.3409 2.4114 2.4748 2.5345 2.5948 2.6654 2.7189 2.6739 2.7431 2.7513 2.7651 2.7938 2.8154 2.8431 2.863 2.8599 2.8866
NaN NaN NaN NaN NaN NaN NaN NaN NaN 1.4898 1.557 1.6232 1.6817 1.7478 1.8288 1.9216 2.0527 2.1144 2.1843 2.2491 2.3157 2.3872 2.4535 2.5157 2.5788 2.6456 2.6844 2.6413 2.7238 2.7373 2.7507 2.7795 2.8009 2.8269 2.8494 2.8407 2.872
NaN NaN NaN NaN NaN NaN NaN NaN NaN 1.5429 1.6045 1.6374 1.6786 1.7467 1.8319 1.9314 2.0492 2.109 2.1688 2.2292 2.2998 2.3717 2.4361 2.5001 2.5618 2.6228 2.6539 2.6201 2.7027 2.7208 2.7386 2.7663 2.7871 2.8133 2.8342 2.8351 2.8568
NaN NaN NaN NaN NaN NaN NaN NaN NaN NaN 1.6103 1.6304 1.6696 1.7529 1.8415 1.9422 2.0484 2.1026 2.1574 2.2196 2.286 2.3549 2.4186 2.4787 2.5414 2.5972 2.6246 2.6026 2.6812 2.7024 2.7264 2.753 2.7758 2.7999 2.8173 2.8181 2.8387
NaN NaN NaN NaN NaN NaN NaN NaN NaN NaN NaN 1.6348 1.6775 1.7664 1.8564 1.9536 2.0444 2.0917 2.1472 2.2086 2.274 2.3393 2.4027 2.4619 2.5216 2.5748 2.6007 2.5904 2.6614 2.6855 2.7128 2.7398 2.762 2.7864 2.7986 2.8009 2.8205
NaN NaN NaN NaN NaN NaN NaN NaN NaN NaN NaN 1.6465 1.6962 1.7744 1.8577 1.9476 2.0297 2.0736 2.1251 2.193 2.2617 2.3238 2.3862 2.444 2.5016 2.5522 2.5796 2.5764 2.6414 2.6674 2.7 2.7261 2.7468 2.7681 2.7796 2.7854 2.802
NaN NaN NaN NaN NaN NaN NaN NaN NaN NaN NaN NaN 1.6929 1.7816 1.8318 1.9251 2.009 2.0562 2.1096 2.1771 2.2469 2.3076 2.3694 2.4249 2.483 2.532 2.5602 2.5662 2.6229 2.651 2.6854 2.7125 2.7344 2.7528 2.7639 2.7698 2.7822
NaN NaN NaN NaN NaN NaN NaN NaN NaN NaN NaN NaN NaN 1.7954 1.84 1.9186 2.0081 2.0477 2.0989 2.1668 2.234 2.2947 2.3555 2.4103 2.4644 2.5142 2.541 2.5546 2.6067 2.6333 2.6722 2.6983 2.7205 2.7372 2.7475 2.7545 2.7627
NaN NaN NaN NaN NaN NaN NaN NaN NaN NaN NaN NaN NaN NaN 1.8324 1.9225 2.001 2.0209 2.0763 2.1529 2.2027 2.275 2.3347 2.3911 2.4487 2.4946 2.5253 2.5455 2.5893 2.6187 2.6591 2.6859 2.7072 2.7219 2.7319 2.7375 2.7467
NaN NaN NaN NaN NaN NaN NaN NaN NaN NaN NaN NaN NaN NaN NaN 1.8953 1.9628 2.0003 2.0562 2.134 2.1826 2.2579 2.3165 2.3724 2.428 2.4763 2.5066 2.5376 2.5621 2.5979 2.6447 2.6736 2.6945 2.7075 2.7181 2.7244 2.729
NaN NaN NaN NaN NaN NaN NaN NaN NaN NaN NaN NaN NaN NaN NaN NaN NaN 1.9791 2.0568 2.1169 2.1405 2.2323 2.289 2.34 2.3963 2.4572 2.4914 2.5311 2.5559 2.5918 2.6322 2.6617 2.6814 2.6928 2.7049 2.7095 2.7129
NaN NaN NaN NaN NaN NaN NaN NaN NaN NaN NaN NaN NaN NaN NaN NaN NaN NaN 1.9854 2.0707 2.1144 2.2071 2.2699 2.3136 2.3589 2.4353 2.4783 2.5033 2.5404 2.5783 2.6197 2.6508 2.6705 2.6802 2.6905 2.695 2.6969
NaN NaN NaN NaN NaN NaN NaN NaN NaN NaN NaN NaN NaN NaN NaN NaN NaN NaN NaN NaN 2.0097 2.1368 2.2523 2.2746 2.2977 2.404 2.4556 2.4668 2.521 2.5602 2.611 2.6414 2.6573 2.6665 2.6746 2.6792 2.6823
NaN NaN NaN NaN NaN NaN NaN NaN NaN NaN NaN NaN NaN NaN NaN NaN NaN NaN NaN NaN NaN NaN 2.0032 2.0747 2.2133 2.3679 2.4202 2.4155 2.496 2.5261 2.5637 2.6238 2.6394 2.6474 2.654 2.658 2.6609
NaN NaN NaN NaN NaN NaN NaN NaN NaN NaN NaN NaN NaN NaN NaN NaN NaN NaN NaN NaN NaN NaN NaN NaN 1.9662 2.1984 2.3529 2.3459 2.4292 2.4741 2.4819 2.5707 2.6029 2.5995 2.6197 2.6316 2.6193
NaN NaN NaN NaN NaN NaN NaN NaN NaN NaN NaN NaN NaN NaN NaN NaN NaN NaN NaN NaN NaN NaN NaN NaN NaN NaN 2.1032 2.1945 2.362 2.4579 2.4098 2.487 2.5258 2.5001 2.5587 2.5668 2.5724
NaN NaN NaN NaN NaN NaN NaN NaN NaN NaN NaN NaN NaN NaN NaN NaN NaN NaN NaN NaN NaN NaN NaN NaN NaN NaN NaN NaN 1.9636 2.0829 2.2008 2.2924 2.4233 2.3553 2.3492 2.1835 1.3901
NaN NaN NaN NaN NaN NaN NaN NaN NaN NaN NaN NaN NaN NaN NaN NaN NaN NaN NaN NaN NaN NaN NaN NaN NaN NaN NaN NaN NaN NaN 1.7156 2.0702 2.2146 2.027 1.1675 NaN NaN
NaN NaN NaN NaN NaN NaN NaN NaN NaN NaN NaN NaN NaN NaN NaN NaN NaN NaN NaN NaN NaN NaN NaN NaN NaN NaN NaN NaN NaN NaN NaN NaN 1.7322 0.86757 NaN NaN NaN
NaN NaN NaN NaN NaN NaN NaN NaN NaN NaN NaN NaN NaN NaN NaN NaN NaN NaN NaN NaN NaN NaN NaN NaN NaN NaN NaN NaN NaN NaN NaN NaN NaN NaN NaN NaN NaN
NaN NaN NaN NaN NaN NaN NaN NaN NaN NaN NaN NaN NaN NaN NaN NaN NaN NaN NaN NaN NaN NaN NaN NaN NaN NaN NaN NaN NaN NaN NaN NaN NaN NaN NaN NaN NaN
NaN NaN NaN NaN NaN NaN NaN NaN NaN NaN NaN NaN NaN NaN NaN NaN NaN NaN NaN NaN NaN NaN NaN NaN NaN NaN NaN NaN NaN NaN NaN NaN NaN NaN NaN NaN NaN
