NaN NaN NaN NaN NaN NaN NaN NaN NaN NaN 1.4371 1.5242 1.4915 1.5355 1.5326 1.4716 1.4344 1.4296 1.4423 1.4621 1.4815 1.4899 1.4997 1.5111 1.5137 1.5236 1.5275 1.5374 1.5438 1.5482 1.5543 1.56 1.5716 1.5848 1.5971 1.6034 1.608
NaN NaN NaN NaN NaN NaN NaN NaN NaN NaN NaN NaN NaN NaN 1.5297 1.4546 1.4133 1.4162 1.4348 1.454 1.4723 1.4833 1.4952 1.5058 1.5089 1.5181 1.5226 1.5314 1.5378 1.5415 1.5478 1.5519 1.5639 1.5792 1.5897 1.596 1.6002
NaN NaN NaN NaN NaN NaN NaN NaN 0.41181 0.37917 0.35846 0.33141 0.29685 0.26565 1.5405 1.4254 1.4035 1.4112 1.431 1.4493 1.4661 1.4778 1.4896 1.4976 1.5039 1.5114 1.5161 1.5244 1.531 1.5343 1.539 1.5425 1.5558 1.5716 1.5808 1.587 1.5904
NaN NaN NaN NaN NaN NaN NaN NaN 0.74262 0.7879 0.83849 0.90888 1.0079 1.1733 1.469 1.3477 1.3823 1.4027 1.424 1.441 1.4586 1.4692 1.4814 1.4891 1.4961 1.5038 1.5093 1.5168 1.5233 1.5275 1.531 1.5351 1.5493 1.5625 1.5703 1.5761 1.5799
NaN NaN NaN NaN NaN NaN NaN NaN 0.94065 0.97479 1.0124 1.0651 1.1434 1.2482 1.3656 1.2893 1.3596 1.3882 1.4114 1.4302 1.4473 1.4591 1.4707 1.479 1.486 1.4935 1.499 1.506 1.5127 1.5166 1.5187 1.5243 1.5368 1.5525 1.5607 1.566 1.5706
NaN NaN NaN NaN NaN NaN NaN NaN 0.95552 0.98389 1.0268 1.0848 1.1597 1.2368 1.3003 1.264 1.3374 1.3697 1.3959 1.4169 1.4344 1.4467 1.4583 1.4669 1.4748 1.4821 1.4887 1.4954 1.5013 1.5067 1.5091 1.5155 1.5279 1.543 1.5508 1.5566 1.5601
NaN NaN NaN NaN NaN NaN NaN NaN 0.98465 1.0117 1.0565 1.1148 1.1742 1.2254 1.2638 1.2537 1.3204 1.3496 1.3775 1.4016 1.4203 1.4342 1.4471 1.4569 1.4665 1.4739 1.4809 1.4891 1.4958 1.5016 1.506 1.5141 1.5227 1.5364 1.543 1.5482 1.5514
NaN NaN NaN NaN NaN NaN NaN NaN 0.99108 1.0274 1.0738 1.125 1.1696 1.2082 1.2418 1.2518 1.3088 1.3372 1.3611 1.382 1.3997 1.4124 1.4239 1.4324 1.4405 1.4573 1.4613 1.4326 1.485 1.4922 1.4959 1.5064 1.5176 1.5282 1.5353 1.54 1.5428
NaN NaN NaN NaN NaN NaN NaN NaN 0.99068 1.0468 1.0888 1.1305 1.1655 1.1981 1.2315 1.2526 1.3008 1.3285 1.3538 1.3756 1.394 1.4133 1.428 1.4428 1.4609 1.4862 1.5025 1.4685 1.4843 1.4887 1.4929 1.5043 1.5129 1.5242 1.5327 1.5282 1.5384
NaN NaN NaN NaN NaN NaN NaN NaN NaN 1.0827 1.1144 1.1444 1.1698 1.1979 1.23 1.2573 1.2976 1.3203 1.3448 1.3657 1.3859 1.4066 1.4233 1.4383 1.4552 1.4745 1.4818 1.4535 1.4784 1.4844 1.4888 1.5006 1.5096 1.5202 1.5299 1.5224 1.5332
NaN NaN NaN NaN NaN NaN NaN NaN NaN 1.1053 1.1367 1.1476 1.1644 1.194 1.2296 1.2619 1.2997 1.3217 1.3417 1.3622 1.3849 1.406 1.4218 1.437 1.4517 1.467 1.4717 1.4503 1.4749 1.4818 1.4883 1.4991 1.5079 1.5186 1.5266 1.5242 1.5292
NaN NaN NaN NaN NaN NaN NaN NaN NaN NaN 1.1338 1.1381 1.1559 1.1962 1.234 1.2676 1.3018 1.3215 1.3409 1.3624 1.3825 1.402 1.4177 1.4308 1.4459 1.459 1.463 1.4483 1.4715 1.4786 1.4873 1.4969 1.5059 1.5149 1.5205 1.5184 1.5232
NaN NaN NaN NaN NaN NaN NaN NaN NaN NaN NaN 1.1434 1.1613 1.2032 1.2411 1.2727 1.3006 1.3179 1.3389 1.3605 1.3806 1.3985 1.4145 1.4274 1.4409 1.4533 1.4572 1.4481 1.4683 1.4757 1.4846 1.4935 1.5015 1.5104 1.5132 1.5118 1.5162
NaN NaN NaN NaN NaN NaN NaN NaN NaN NaN NaN 1.1474 1.1685 1.2017 1.2344 1.2633 1.2896 1.3068 1.328 1.3545 1.3766 1.3931 1.4089 1.4217 1.4346 1.4463 1.4513 1.4452 1.4637 1.4712 1.4814 1.4892 1.4958 1.5029 1.5055 1.5055 1.5084
NaN NaN NaN NaN NaN NaN NaN NaN NaN NaN NaN NaN 1.1511 1.1953 1.2096 1.2449 1.2766 1.2985 1.322 1.3478 1.3702 1.3866 1.4024 1.4147 1.4285 1.4401 1.4456 1.4435 1.4588 1.4667 1.4769 1.4847 1.4914 1.4965 1.4983 1.4978 1.4986
NaN NaN NaN NaN NaN NaN NaN NaN NaN NaN NaN NaN NaN 1.2172 1.2263 1.2434 1.2798 1.2979 1.3194 1.3443 1.365 1.3815 1.397 1.4092 1.4213 1.4338 1.4386 1.4395 1.4538 1.4605 1.4722 1.479 1.485 1.4889 1.4901 1.4898 1.4883
NaN NaN NaN NaN NaN NaN NaN NaN NaN NaN NaN NaN NaN NaN 1.2344 1.261 1.2723 1.2808 1.3049 1.3331 1.3475 1.3706 1.3864 1.4005 1.4153 1.4261 1.4328 1.4364 1.4476 1.4555 1.4672 1.4739 1.4789 1.4816 1.4824 1.481 1.4803
NaN NaN NaN NaN NaN NaN NaN NaN NaN NaN NaN NaN NaN NaN NaN 1.2645 1.2711 1.2646 1.2894 1.3216 1.3384 1.3612 1.3767 1.3906 1.4047 1.4174 1.4239 1.4323 1.4349 1.4457 1.461 1.4689 1.4732 1.4748 1.4756 1.4742 1.4713
NaN NaN NaN NaN NaN NaN NaN NaN NaN NaN NaN NaN NaN NaN NaN NaN NaN 1.2758 1.2869 1.3057 1.3134 1.344 1.3594 1.3726 1.3894 1.4102 1.4193 1.431 1.4346 1.4437 1.4551 1.463 1.4667 1.4673 1.4686 1.4662 1.4629
NaN NaN NaN NaN NaN NaN NaN NaN NaN NaN NaN NaN NaN NaN NaN NaN NaN NaN 1.2839 1.3114 1.2968 1.3286 1.3481 1.3581 1.3704 1.399 1.4123 1.4151 1.4261 1.4372 1.4492 1.4576 1.4612 1.4607 1.4607 1.4584 1.4547
NaN NaN NaN NaN NaN NaN NaN NaN NaN NaN NaN NaN NaN NaN NaN NaN NaN NaN NaN NaN 1.2877 1.342 1.3429 1.3345 1.3387 1.382 1.3996 1.3958 1.4156 1.4288 1.4454 1.453 1.4542 1.4533 1.4521 1.45 1.4476
NaN NaN NaN NaN NaN NaN NaN NaN NaN NaN NaN NaN NaN NaN NaN NaN NaN NaN NaN NaN NaN NaN 1.351 1.3486 1.3285 1.3624 1.3794 1.3687 1.4001 1.4093 1.4196 1.4432 1.4448 1.4426 1.4406 1.4387 1.4371
NaN NaN NaN NaN NaN NaN NaN NaN NaN NaN NaN NaN NaN NaN NaN NaN NaN NaN NaN NaN NaN NaN NaN NaN 1.3264 1.3425 1.3326 1.3209 1.3574 1.377 1.3757 1.4133 1.425 1.4164 1.421 1.4245 1.4158
NaN NaN NaN NaN NaN NaN NaN NaN NaN NaN NaN NaN NaN NaN NaN NaN NaN NaN NaN NaN NaN NaN NaN NaN NaN NaN 1.3211 1.3292 1.3397 1.3598 1.3333 1.3606 1.3792 1.3624 1.3872 1.392 1.393
NaN NaN NaN NaN NaN NaN NaN NaN NaN NaN NaN NaN NaN NaN NaN NaN NaN NaN NaN NaN NaN NaN NaN NaN NaN NaN NaN NaN 1.3126 1.3738 1.3302 1.3352 1.3125 1.2501 1.2155 1.077 0.45699
NaN NaN NaN NaN NaN NaN NaN NaN NaN NaN NaN NaN NaN NaN NaN NaN NaN NaN NaN NaN NaN NaN NaN NaN NaN NaN NaN NaN NaN NaN 1.2989 1.2647 1.1776 0.99846 0.38125 NaN NaN
NaN NaN NaN NaN NaN NaN NaN NaN NaN NaN NaN NaN NaN NaN NaN NaN NaN NaN NaN NaN NaN NaN NaN NaN NaN NaN NaN NaN NaN NaN NaN NaN 0.9147 0.28658 NaN NaN NaN
NaN NaN NaN NaN NaN NaN NaN NaN NaN NaN NaN NaN NaN NaN NaN NaN NaN NaN NaN NaN NaN NaN NaN NaN NaN NaN NaN NaN NaN NaN NaN NaN NaN NaN NaN NaN NaN
NaN NaN NaN NaN NaN NaN NaN NaN NaN NaN NaN NaN NaN NaN NaN NaN NaN NaN NaN NaN NaN NaN NaN NaN NaN NaN NaN NaN NaN NaN NaN NaN NaN NaN NaN NaN NaN
NaN NaN NaN NaN NaN NaN NaN NaN NaN NaN NaN NaN NaN NaN NaN NaN NaN NaN NaN NaN NaN NaN NaN NaN NaN NaN NaN NaN NaN NaN NaN NaN NaN NaN NaN NaN NaN
