NaN NaN NaN NaN NaN NaN NaN NaN NaN NaN 1.3741 1.4679 1.4369 1.4837 1.4813 1.4193 1.3806 1.3747 1.3868 1.4069 1.4271 1.4357 1.446 1.4579 1.4609 1.4716 1.4758 1.4863 1.4932 1.4983 1.5049 1.5111 1.523 1.5363 1.5488 1.5554 1.5602
NaN NaN NaN NaN NaN NaN NaN NaN NaN NaN NaN NaN NaN NaN 1.4691 1.3987 1.3581 1.36 1.3784 1.3983 1.4176 1.4289 1.4414 1.4527 1.4563 1.4663 1.4712 1.4806 1.4875 1.4918 1.4987 1.5031 1.5154 1.5307 1.5415 1.548 1.5525
NaN NaN NaN NaN NaN NaN NaN NaN 0.38119 0.3506 0.33103 0.30557 0.2731 0.24354 1.479 1.3662 1.3463 1.3535 1.3737 1.393 1.411 1.4234 1.4361 1.4449 1.4518 1.4601 1.4652 1.4741 1.4812 1.4851 1.4904 1.4941 1.5076 1.5235 1.533 1.5395 1.5432
NaN NaN NaN NaN NaN NaN NaN NaN 0.69549 0.73864 0.78671 0.85415 0.95051 1.1134 1.4093 1.2883 1.3247 1.3445 1.3666 1.3846 1.4034 1.4149 1.4282 1.4369 1.4446 1.4531 1.4591 1.4672 1.4742 1.4789 1.4829 1.4873 1.5017 1.515 1.523 1.5291 1.5333
NaN NaN NaN NaN NaN NaN NaN NaN 0.88491 0.91776 0.95402 1.0054 1.0829 1.1882 1.3082 1.2306 1.3022 1.3303 1.3542 1.3741 1.3924 1.4053 1.4182 1.4275 1.4354 1.4437 1.4498 1.4574 1.4645 1.4688 1.4714 1.4772 1.4898 1.5056 1.5139 1.5196 1.5245
NaN NaN NaN NaN NaN NaN NaN NaN 0.90018 0.92765 0.96933 1.0263 1.1008 1.1785 1.2435 1.2053 1.2804 1.3124 1.3392 1.3613 1.38 1.3935 1.4064 1.4161 1.425 1.4331 1.4403 1.4475 1.4538 1.4595 1.4623 1.4688 1.4814 1.4965 1.5045 1.5106 1.5145
NaN NaN NaN NaN NaN NaN NaN NaN 0.92843 0.95459 0.99851 1.0562 1.1155 1.1674 1.2064 1.1951 1.2637 1.2929 1.3214 1.3464 1.3662 1.3813 1.3954 1.4064 1.4169 1.4252 1.4327 1.4414 1.4484 1.4546 1.4592 1.4675 1.4764 1.4902 1.4969 1.5024 1.5059
NaN NaN NaN NaN NaN NaN NaN NaN 0.93489 0.97032 1.016 1.0669 1.1116 1.1504 1.184 1.1935 1.2522 1.281 1.3058 1.3278 1.3469 1.3608 1.3737 1.3834 1.3925 1.4097 1.4139 1.3875 1.4385 1.4454 1.4494 1.46 1.4713 1.4821 1.4893 1.4942 1.4973
NaN NaN NaN NaN NaN NaN NaN NaN 0.93558 0.98947 1.031 1.0725 1.1073 1.1399 1.1732 1.1942 1.244 1.272 1.2981 1.3208 1.3402 1.3604 1.376 1.3916 1.4103 1.4359 1.4526 1.421 1.4379 1.4419 1.4462 1.4578 1.4665 1.478 1.4865 1.4824 1.4927
NaN NaN NaN NaN NaN NaN NaN NaN NaN 1.0243 1.0556 1.0856 1.1109 1.1388 1.1709 1.1985 1.2404 1.2634 1.2886 1.3106 1.3319 1.3534 1.371 1.3869 1.4048 1.4249 1.4327 1.406 1.4319 1.4374 1.4419 1.4537 1.4629 1.4736 1.4832 1.4762 1.4873
NaN NaN NaN NaN NaN NaN NaN NaN NaN 1.0465 1.0775 1.0883 1.1048 1.1343 1.1698 1.2027 1.2419 1.2641 1.2844 1.3056 1.3299 1.352 1.3689 1.3851 1.401 1.4172 1.4222 1.402 1.4278 1.4342 1.4408 1.4518 1.4607 1.4715 1.4795 1.4775 1.4829
NaN NaN NaN NaN NaN NaN NaN NaN NaN NaN 1.0745 1.0789 1.096 1.1358 1.1735 1.2079 1.2434 1.2631 1.2827 1.3051 1.3267 1.3475 1.3644 1.3786 1.3948 1.4088 1.4129 1.3993 1.4237 1.4306 1.4393 1.4491 1.4583 1.4676 1.4732 1.4714 1.4766
NaN NaN NaN NaN NaN NaN NaN NaN NaN NaN NaN 1.083 1.1005 1.142 1.1799 1.2125 1.2417 1.259 1.2801 1.3024 1.324 1.3434 1.3606 1.3747 1.3893 1.4026 1.4065 1.3984 1.4199 1.4272 1.4362 1.4455 1.4537 1.4628 1.4657 1.4646 1.4694
NaN NaN NaN NaN NaN NaN NaN NaN NaN NaN NaN 1.0869 1.1076 1.1407 1.1736 1.2035 1.2308 1.2479 1.2692 1.2961 1.3195 1.3376 1.3546 1.3686 1.3826 1.3951 1.4002 1.395 1.4148 1.4223 1.4328 1.441 1.448 1.4553 1.458 1.4582 1.4615
NaN NaN NaN NaN NaN NaN NaN NaN NaN NaN NaN NaN 1.0927 1.1364 1.1502 1.1856 1.2179 1.2393 1.2629 1.2891 1.3126 1.3306 1.3478 1.3613 1.3762 1.3885 1.3942 1.3929 1.4095 1.4175 1.4281 1.4364 1.4434 1.4488 1.4508 1.4506 1.4519
NaN NaN NaN NaN NaN NaN NaN NaN NaN NaN NaN NaN NaN 1.1569 1.1663 1.1837 1.2202 1.2382 1.2598 1.2853 1.3072 1.3252 1.3421 1.3555 1.3688 1.382 1.3869 1.3888 1.4042 1.4112 1.4233 1.4307 1.4371 1.4414 1.4427 1.4427 1.4417
NaN NaN NaN NaN NaN NaN NaN NaN NaN NaN NaN NaN NaN NaN 1.1741 1.2013 1.2133 1.2216 1.2456 1.2745 1.29 1.3143 1.3315 1.3467 1.3625 1.3741 1.381 1.3854 1.3978 1.406 1.4183 1.4256 1.4311 1.4341 1.4352 1.4341 1.4338
NaN NaN NaN NaN NaN NaN NaN NaN NaN NaN NaN NaN NaN NaN NaN 1.2049 1.2126 1.2061 1.2309 1.2635 1.2806 1.3049 1.3218 1.3368 1.352 1.3654 1.3721 1.3814 1.3852 1.3964 1.4122 1.4206 1.4255 1.4275 1.4286 1.4275 1.425
NaN NaN NaN NaN NaN NaN NaN NaN NaN NaN NaN NaN NaN NaN NaN NaN NaN 1.2178 1.2293 1.2486 1.2567 1.2883 1.3049 1.3191 1.3368 1.3579 1.3673 1.3798 1.3846 1.3944 1.4064 1.4149 1.4192 1.4202 1.4217 1.4197 1.4167
NaN NaN NaN NaN NaN NaN NaN NaN NaN NaN NaN NaN NaN NaN NaN NaN NaN NaN 1.228 1.2562 1.2412 1.2735 1.294 1.305 1.318 1.3469 1.3604 1.3645 1.3763 1.3879 1.4006 1.4096 1.4138 1.4137 1.4141 1.412 1.4087
NaN NaN NaN NaN NaN NaN NaN NaN NaN NaN NaN NaN NaN NaN NaN NaN NaN NaN NaN NaN 1.2337 1.2888 1.2899 1.2827 1.2869 1.3302 1.3481 1.3457 1.366 1.3796 1.3968 1.4051 1.407 1.4065 1.4056 1.4038 1.4016
NaN NaN NaN NaN NaN NaN NaN NaN NaN NaN NaN NaN NaN NaN NaN NaN NaN NaN NaN NaN NaN NaN 1.2994 1.298 1.2776 1.3119 1.329 1.3192 1.351 1.3607 1.3716 1.3955 1.3978 1.3961 1.3943 1.3926 1.3911
NaN NaN NaN NaN NaN NaN NaN NaN NaN NaN NaN NaN NaN NaN NaN NaN NaN NaN NaN NaN NaN NaN NaN NaN 1.2756 1.2945 1.2854 1.274 1.3105 1.3299 1.3289 1.3664 1.3783 1.3705 1.3752 1.3785 1.37
NaN NaN NaN NaN NaN NaN NaN NaN NaN NaN NaN NaN NaN NaN NaN NaN NaN NaN NaN NaN NaN NaN NaN NaN NaN NaN 1.2721 1.2832 1.2944 1.3141 1.2892 1.3162 1.3341 1.3178 1.342 1.3462 1.3475
NaN NaN NaN NaN NaN NaN NaN NaN NaN NaN NaN NaN NaN NaN NaN NaN NaN NaN NaN NaN NaN NaN NaN NaN NaN NaN NaN NaN 1.2665 1.3316 1.2889 1.2951 1.2736 1.2137 1.1832 1.0539 0.47216
NaN NaN NaN NaN NaN NaN NaN NaN NaN NaN NaN NaN NaN NaN NaN NaN NaN NaN NaN NaN NaN NaN NaN NaN NaN NaN NaN NaN NaN NaN 1.266 1.2303 1.149 0.97929 0.39454 NaN NaN
NaN NaN NaN NaN NaN NaN NaN NaN NaN NaN NaN NaN NaN NaN NaN NaN NaN NaN NaN NaN NaN NaN NaN NaN NaN NaN NaN NaN NaN NaN NaN NaN 0.89588 0.29627 NaN NaN NaN
NaN NaN NaN NaN NaN NaN NaN NaN NaN NaN NaN NaN NaN NaN NaN NaN NaN NaN NaN NaN NaN NaN NaN NaN NaN NaN NaN NaN NaN NaN NaN NaN NaN NaN NaN NaN NaN
NaN NaN NaN NaN NaN NaN NaN NaN NaN NaN NaN NaN NaN NaN NaN NaN NaN NaN NaN NaN NaN NaN NaN NaN NaN NaN NaN NaN NaN NaN NaN NaN NaN NaN NaN NaN NaN
NaN NaN NaN NaN NaN NaN NaN NaN NaN NaN NaN NaN NaN NaN NaN NaN NaN NaN NaN NaN NaN NaN NaN NaN NaN NaN NaN NaN NaN NaN NaN NaN NaN NaN NaN NaN NaN
