NaN NaN NaN NaN NaN NaN NaN NaN NaN NaN 1.8756 2.1056 2.1774 2.3722 2.4616 2.5994 2.721 2.7178 2.7557 2.8133 2.8738 2.9018 2.9333 2.9667 2.9771 3.007 3.0205 3.0498 3.0718 3.0915 3.1144 3.134 3.1651 3.1963 3.2267 3.244 3.2581
NaN NaN NaN NaN NaN NaN NaN NaN NaN NaN NaN NaN NaN NaN 2.1979 2.3366 2.6273 2.6496 2.7081 2.7735 2.8377 2.8764 2.917 2.9537 2.9686 2.9988 3.0141 3.0418 3.0641 3.0821 3.105 3.1198 3.1507 3.1857 3.2123 3.2297 3.2435
NaN NaN NaN NaN NaN NaN NaN NaN 0.46167 0.41643 0.38205 0.34002 0.28887 0.23842 2.1832 2.232 2.5652 2.6022 2.6699 2.7391 2.8054 2.8522 2.8989 2.9348 2.9605 2.9891 3.0063 3.0339 3.0571 3.0736 3.0927 3.105 3.1377 3.1739 3.1974 3.2152 3.2275
NaN NaN NaN NaN NaN NaN NaN NaN 0.93345 1.0012 1.0815 1.1976 1.3684 1.6598 2.2018 2.2104 2.5059 2.5641 2.6373 2.7052 2.7753 2.8244 2.8766 2.9155 2.9465 2.9772 2.9983 3.0253 3.0484 3.0661 3.0823 3.0958 3.1303 3.1611 3.1816 3.1987 3.2119
NaN NaN NaN NaN NaN NaN NaN NaN 1.2774 1.3403 1.4138 1.5175 1.6746 1.8939 2.1646 2.1662 2.4538 2.527 2.6029 2.6733 2.7426 2.797 2.8518 2.8946 2.9296 2.9623 2.9855 3.0122 3.036 3.0528 3.065 3.0803 3.11 3.1456 3.1663 3.1826 3.1974
NaN NaN NaN NaN NaN NaN NaN NaN 1.3632 1.4224 1.5074 1.6247 1.7815 1.9556 2.1232 2.1504 2.4066 2.4884 2.568 2.6407 2.7102 2.7675 2.8242 2.8697 2.9092 2.943 2.9699 2.996 3.0182 3.0374 3.0489 3.0657 3.0954 3.1305 3.1503 3.1678 3.1805
NaN NaN NaN NaN NaN NaN NaN NaN 1.4532 1.5122 1.6035 1.7253 1.8569 1.9833 2.0966 2.1505 2.3712 2.4492 2.5294 2.6058 2.6755 2.7357 2.7953 2.8443 2.8888 2.9236 2.9521 2.9817 3.0057 3.0264 3.0417 3.0632 3.086 3.1193 3.1361 3.152 3.1636
NaN NaN NaN NaN NaN NaN NaN NaN 1.5024 1.5769 1.6732 1.7838 1.888 1.9865 2.0836 2.1627 2.3481 2.4266 2.5008 2.5713 2.6394 2.6983 2.757 2.8054 2.8481 2.9017 2.9237 2.8678 2.989 3.0055 3.0196 3.0466 3.0745 3.1018 3.1195 3.1339 3.1445
NaN NaN NaN NaN NaN NaN NaN NaN 1.5394 1.6377 1.7278 1.8209 1.9047 1.9881 2.0806 2.1736 2.3287 2.4042 2.478 2.5464 2.6105 2.6782 2.7376 2.7939 2.8524 2.9235 2.9764 2.9208 2.9871 2.9961 3.0094 3.0388 3.061 3.0898 3.1107 3.106 3.1333
NaN NaN NaN NaN NaN NaN NaN NaN NaN 1.7135 1.7901 1.8617 1.9258 1.9982 2.0872 2.1887 2.3208 2.3857 2.4567 2.5215 2.5869 2.6563 2.7193 2.778 2.8387 2.904 2.94 2.8884 2.9697 2.9836 2.9966 3.0262 3.0485 3.0754 3.0991 3.0882 3.1195
NaN NaN NaN NaN NaN NaN NaN NaN NaN 1.7626 1.8361 1.8809 1.9264 2.0007 2.094 2.2008 2.3198 2.3822 2.4425 2.5033 2.5738 2.644 2.7053 2.7657 2.8241 2.8826 2.9107 2.8704 2.9515 2.9694 2.9871 3.0154 3.037 3.0643 3.0858 3.0852 3.1058
NaN NaN NaN NaN NaN NaN NaN NaN NaN NaN 1.8357 1.8744 1.9194 2.0108 2.1072 2.2138 2.3208 2.3771 2.4325 2.4956 2.5618 2.629 2.6896 2.7458 2.8054 2.8583 2.8827 2.8558 2.9329 2.9536 2.9775 3.0043 3.0277 3.0525 3.0697 3.0691 3.0887
NaN NaN NaN NaN NaN NaN NaN NaN NaN NaN NaN 1.8801 1.9323 2.0284 2.1254 2.2267 2.3175 2.3663 2.4232 2.4858 2.5512 2.6149 2.6756 2.7311 2.7873 2.8376 2.8607 2.8466 2.9159 2.9391 2.9661 2.9929 3.0152 3.0401 3.0516 3.0526 3.0711
NaN NaN NaN NaN NaN NaN NaN NaN NaN NaN NaN 1.8749 1.952 2.037 2.1252 2.2182 2.3005 2.3463 2.3997 2.4701 2.5394 2.6 2.6599 2.7141 2.7684 2.8161 2.8411 2.8346 2.898 2.923 2.955 2.9806 3.0011 3.0223 3.0332 3.0378 3.0531
NaN NaN NaN NaN NaN NaN NaN NaN NaN NaN NaN NaN 1.8973 2.003 2.093 2.1911 2.2774 2.3279 2.3839 2.4536 2.5243 2.5838 2.6433 2.6955 2.7506 2.797 2.823 2.8263 2.8813 2.9083 2.9419 2.9683 2.9898 3.0077 3.0177 3.0222 3.033
NaN NaN NaN NaN NaN NaN NaN NaN NaN NaN NaN NaN NaN 1.9745 2.0544 2.1854 2.2784 2.3205 2.3737 2.443 2.511 2.571 2.6297 2.6814 2.7325 2.78 2.8044 2.8158 2.8665 2.8917 2.9299 2.955 2.9764 2.9923 3.0014 3.0069 3.0129
NaN NaN NaN NaN NaN NaN NaN NaN NaN NaN NaN NaN NaN NaN 1.9962 2.1238 2.2684 2.2922 2.35 2.4267 2.4764 2.5496 2.6079 2.6619 2.7172 2.7607 2.7894 2.8077 2.85 2.8782 2.9177 2.9434 2.9637 2.9772 2.9858 2.9896 2.9968
NaN NaN NaN NaN NaN NaN NaN NaN NaN NaN NaN NaN NaN NaN NaN 2.041 2.154 2.2663 2.3267 2.408 2.4561 2.5312 2.5886 2.6423 2.6957 2.7422 2.7704 2.8004 2.8222 2.8572 2.904 2.9321 2.9517 2.9631 2.9722 2.9766 2.9788
NaN NaN NaN NaN NaN NaN NaN NaN NaN NaN NaN NaN NaN NaN NaN NaN NaN 2.1625 2.3062 2.3878 2.4129 2.5029 2.5582 2.6073 2.6625 2.7235 2.7563 2.7953 2.8179 2.8523 2.8918 2.9205 2.9388 2.9485 2.959 2.9614 2.9624
NaN NaN NaN NaN NaN NaN NaN NaN NaN NaN NaN NaN NaN NaN NaN NaN NaN NaN 2.1311 2.2412 2.3649 2.4753 2.5378 2.5791 2.6228 2.7007 2.7433 2.7657 2.802 2.839 2.8797 2.91 2.9283 2.9359 2.9444 2.9467 2.9461
NaN NaN NaN NaN NaN NaN NaN NaN NaN NaN NaN NaN NaN NaN NaN NaN NaN NaN NaN NaN 2.1502 2.292 2.4719 2.5321 2.5569 2.6675 2.7196 2.7269 2.7816 2.8209 2.8718 2.9011 2.915 2.922 2.9279 2.9303 2.9313
NaN NaN NaN NaN NaN NaN NaN NaN NaN NaN NaN NaN NaN NaN NaN NaN NaN NaN NaN NaN NaN NaN 2.1004 2.1897 2.391 2.6254 2.6815 2.6718 2.7544 2.7843 2.8208 2.8828 2.8967 2.9019 2.906 2.9079 2.9091
NaN NaN NaN NaN NaN NaN NaN NaN NaN NaN NaN NaN NaN NaN NaN NaN NaN NaN NaN NaN NaN NaN NaN NaN 2.0562 2.3388 2.5754 2.5854 2.6779 2.7268 2.7322 2.825 2.8577 2.8503 2.8687 2.8798 2.8648
NaN NaN NaN NaN NaN NaN NaN NaN NaN NaN NaN NaN NaN NaN NaN NaN NaN NaN NaN NaN NaN NaN NaN NaN NaN NaN 2.2229 2.3227 2.5483 2.687 2.6283 2.729 2.7726 2.742 2.8024 2.8109 2.8156
NaN NaN NaN NaN NaN NaN NaN NaN NaN NaN NaN NaN NaN NaN NaN NaN NaN NaN NaN NaN NaN NaN NaN NaN NaN NaN NaN NaN 2.0478 2.1676 2.3046 2.4202 2.6178 2.5677 2.5506 2.3482 1.401
NaN NaN NaN NaN NaN NaN NaN NaN NaN NaN NaN NaN NaN NaN NaN NaN NaN NaN NaN NaN NaN NaN NaN NaN NaN NaN NaN NaN NaN NaN 1.7596 2.1479 2.3484 2.1761 1.1746 NaN NaN
NaN NaN NaN NaN NaN NaN NaN NaN NaN NaN NaN NaN NaN NaN NaN NaN NaN NaN NaN NaN NaN NaN NaN NaN NaN NaN NaN NaN NaN NaN NaN NaN 1.8301 0.87059 NaN NaN NaN
NaN NaN NaN NaN NaN NaN NaN NaN NaN NaN NaN NaN NaN NaN NaN NaN NaN NaN NaN NaN NaN NaN NaN NaN NaN NaN NaN NaN NaN NaN NaN NaN NaN NaN NaN NaN NaN
NaN NaN NaN NaN NaN NaN NaN NaN NaN NaN NaN NaN NaN NaN NaN NaN NaN NaN NaN NaN NaN NaN NaN NaN NaN NaN NaN NaN NaN NaN NaN NaN NaN NaN NaN NaN NaN
NaN NaN NaN NaN NaN NaN NaN NaN NaN NaN NaN NaN NaN NaN NaN NaN NaN NaN NaN NaN NaN NaN NaN NaN NaN NaN NaN NaN NaN NaN NaN NaN NaN NaN NaN NaN NaN
