NaN NaN NaN NaN NaN NaN NaN NaN NaN NaN 1.3316 1.4134 1.3807 1.4217 1.4189 1.3615 1.327 1.3225 1.3343 1.3528 1.371 1.379 1.3881 1.3989 1.4014 1.4107 1.4143 1.4236 1.4297 1.4338 1.4395 1.4448 1.4556 1.468 1.4795 1.4855 1.4897
NaN NaN NaN NaN NaN NaN NaN NaN NaN NaN NaN NaN NaN NaN 1.4157 1.3453 1.3071 1.31 1.3273 1.3453 1.3626 1.3729 1.384 1.3941 1.3971 1.4057 1.4099 1.4182 1.4242 1.4277 1.4336 1.4374 1.4486 1.4629 1.4728 1.4787 1.4827
NaN NaN NaN NaN NaN NaN NaN NaN 0.37912 0.34902 0.32989 0.30493 0.27302 0.24414 1.4259 1.318 1.2979 1.3053 1.3239 1.341 1.3569 1.368 1.3791 1.3867 1.3926 1.3997 1.4041 1.4119 1.4181 1.4212 1.4257 1.4289 1.4412 1.4561 1.4647 1.4706 1.4738
NaN NaN NaN NaN NaN NaN NaN NaN 0.68539 0.72728 0.77399 0.83904 0.9308 1.0844 1.3594 1.2459 1.2783 1.2975 1.3175 1.3334 1.35 1.3601 1.3716 1.379 1.3855 1.3928 1.398 1.4051 1.4112 1.4151 1.4184 1.4223 1.4355 1.4478 1.4552 1.4607 1.4643
NaN NaN NaN NaN NaN NaN NaN NaN 0.86851 0.90013 0.93495 0.98378 1.0566 1.1541 1.2635 1.1919 1.2573 1.2842 1.3059 1.3236 1.3397 1.3509 1.3619 1.3698 1.3764 1.3835 1.3887 1.3953 1.4016 1.4052 1.4073 1.4125 1.4241 1.4388 1.4465 1.4516 1.4559
NaN NaN NaN NaN NaN NaN NaN NaN 0.88245 0.90877 0.94856 1.0024 1.072 1.1438 1.2031 1.1686 1.2369 1.2672 1.2917 1.3114 1.3279 1.3396 1.3506 1.3587 1.3662 1.3731 1.3793 1.3856 1.3912 1.3963 1.3986 1.4045 1.4161 1.4302 1.4375 1.4431 1.4464
NaN NaN NaN NaN NaN NaN NaN NaN 0.90954 0.93463 0.97626 1.0305 1.0857 1.1334 1.1692 1.1593 1.2213 1.2487 1.2748 1.2974 1.315 1.3281 1.3403 1.3496 1.3586 1.3656 1.3722 1.38 1.3862 1.3917 1.3958 1.4033 1.4114 1.4242 1.4305 1.4354 1.4385
NaN NaN NaN NaN NaN NaN NaN NaN 0.91564 0.94941 0.99252 1.0402 1.0817 1.1176 1.1489 1.1577 1.2107 1.2374 1.2598 1.2793 1.2961 1.3081 1.319 1.3271 1.3348 1.3506 1.3547 1.3273 1.3764 1.3832 1.3866 1.3964 1.4068 1.4168 1.4235 1.428 1.4306
NaN NaN NaN NaN NaN NaN NaN NaN 0.91557 0.96753 1.0066 1.0454 1.0779 1.1083 1.1394 1.1586 1.2034 1.2294 1.2531 1.2734 1.2906 1.3088 1.3227 1.3367 1.3536 1.3773 1.3928 1.3606 1.3758 1.38 1.384 1.3946 1.4026 1.4132 1.4212 1.4171 1.4267
NaN NaN NaN NaN NaN NaN NaN NaN NaN 1.0009 1.0304 1.0583 1.082 1.1081 1.1381 1.163 1.2005 1.2221 1.2449 1.2648 1.2833 1.3026 1.3184 1.3325 1.3484 1.3666 1.3737 1.3469 1.3703 1.3761 1.3803 1.3912 1.3996 1.4096 1.4187 1.4118 1.4219
NaN NaN NaN NaN NaN NaN NaN NaN NaN 1.0219 1.0511 1.0614 1.077 1.1046 1.1377 1.1674 1.2026 1.2234 1.2422 1.2614 1.2825 1.3021 1.317 1.3313 1.3452 1.3597 1.3644 1.3441 1.3671 1.3737 1.3798 1.3899 1.3981 1.4082 1.4157 1.4135 1.4183
NaN NaN NaN NaN NaN NaN NaN NaN NaN NaN 1.0485 1.0527 1.0692 1.1067 1.1418 1.1728 1.2046 1.2233 1.2414 1.2616 1.2803 1.2984 1.3133 1.3256 1.3398 1.3523 1.3563 1.3423 1.3639 1.3708 1.3789 1.3879 1.3963 1.4048 1.4101 1.4082 1.4128
NaN NaN NaN NaN NaN NaN NaN NaN NaN NaN NaN 1.0575 1.0743 1.1132 1.1484 1.1775 1.2036 1.22 1.2396 1.2597 1.2785 1.2952 1.3103 1.3225 1.3352 1.3471 1.3509 1.3422 1.3611 1.3681 1.3765 1.3848 1.3923 1.4007 1.4034 1.4022 1.4064
NaN NaN NaN NaN NaN NaN NaN NaN NaN NaN NaN 1.0614 1.081 1.112 1.1423 1.169 1.1935 1.2098 1.2296 1.2544 1.275 1.2903 1.3051 1.3172 1.3294 1.3405 1.3455 1.3396 1.3568 1.364 1.3736 1.3809 1.3872 1.3939 1.3964 1.3965 1.3993
NaN NaN NaN NaN NaN NaN NaN NaN NaN NaN NaN NaN 1.0652 1.1062 1.1195 1.152 1.1816 1.2021 1.2241 1.2482 1.2692 1.2843 1.2992 1.3108 1.3238 1.3348 1.3402 1.3381 1.3523 1.3599 1.3694 1.3768 1.3831 1.388 1.3898 1.3894 1.3903
NaN NaN NaN NaN NaN NaN NaN NaN NaN NaN NaN NaN NaN 1.1265 1.1349 1.1508 1.1846 1.2017 1.2217 1.245 1.2644 1.2798 1.2942 1.3057 1.3172 1.3291 1.3337 1.3345 1.3478 1.3542 1.3652 1.3716 1.3773 1.381 1.3823 1.3821 1.3808
NaN NaN NaN NaN NaN NaN NaN NaN NaN NaN NaN NaN NaN NaN 1.1425 1.1671 1.1778 1.186 1.2084 1.2347 1.2482 1.2697 1.2845 1.2977 1.3116 1.322 1.3285 1.3317 1.3421 1.3496 1.3606 1.367 1.3717 1.3743 1.3753 1.374 1.3735
NaN NaN NaN NaN NaN NaN NaN NaN NaN NaN NaN NaN NaN NaN NaN 1.1706 1.1768 1.171 1.1942 1.2241 1.2399 1.2611 1.2756 1.2886 1.3019 1.314 1.3202 1.3281 1.3305 1.3407 1.355 1.3624 1.3666 1.3682 1.3691 1.3679 1.3653
NaN NaN NaN NaN NaN NaN NaN NaN NaN NaN NaN NaN NaN NaN NaN NaN NaN 1.1815 1.192 1.2096 1.2169 1.2453 1.2597 1.272 1.2878 1.3073 1.3161 1.3269 1.3303 1.3389 1.3496 1.3572 1.3607 1.3613 1.3626 1.3605 1.3575
NaN NaN NaN NaN NaN NaN NaN NaN NaN NaN NaN NaN NaN NaN NaN NaN NaN NaN 1.1894 1.215 1.2016 1.2312 1.2493 1.2586 1.2701 1.297 1.3097 1.3122 1.3225 1.3329 1.3442 1.3523 1.3557 1.3553 1.3555 1.3534 1.3501
NaN NaN NaN NaN NaN NaN NaN NaN NaN NaN NaN NaN NaN NaN NaN NaN NaN NaN NaN NaN 1.1933 1.2438 1.2447 1.2368 1.2408 1.2814 1.298 1.2944 1.3128 1.3252 1.3408 1.348 1.3493 1.3485 1.3475 1.3457 1.3436
NaN NaN NaN NaN NaN NaN NaN NaN NaN NaN NaN NaN NaN NaN NaN NaN NaN NaN NaN NaN NaN NaN 1.2528 1.2504 1.2315 1.2632 1.2793 1.2692 1.2985 1.3073 1.317 1.339 1.3407 1.3388 1.3369 1.3353 1.3339
NaN NaN NaN NaN NaN NaN NaN NaN NaN NaN NaN NaN NaN NaN NaN NaN NaN NaN NaN NaN NaN NaN NaN NaN 1.2301 1.2449 1.236 1.2251 1.2591 1.2775 1.2762 1.3114 1.3224 1.3145 1.3189 1.3223 1.3143
NaN NaN NaN NaN NaN NaN NaN NaN NaN NaN NaN NaN NaN NaN NaN NaN NaN NaN NaN NaN NaN NaN NaN NaN NaN NaN 1.2251 1.2326 1.2426 1.2619 1.2367 1.2626 1.2801 1.2644 1.2877 1.2923 1.2933
NaN NaN NaN NaN NaN NaN NaN NaN NaN NaN NaN NaN NaN NaN NaN NaN NaN NaN NaN NaN NaN NaN NaN NaN NaN NaN NaN NaN 1.2182 1.2762 1.2341 1.239 1.2185 1.1608 1.1292 1.0014 0.42818
NaN NaN NaN NaN NaN NaN NaN NaN NaN NaN NaN NaN NaN NaN NaN NaN NaN NaN NaN NaN NaN NaN NaN NaN NaN NaN NaN NaN NaN NaN 1.2207 1.1736 1.0936 0.92805 0.3572 NaN NaN
NaN NaN NaN NaN NaN NaN NaN NaN NaN NaN NaN NaN NaN NaN NaN NaN NaN NaN NaN NaN NaN NaN NaN NaN NaN NaN NaN NaN NaN NaN NaN NaN 0.84965 0.26844 NaN NaN NaN
NaN NaN NaN NaN NaN NaN NaN NaN NaN NaN NaN NaN NaN NaN NaN NaN NaN NaN NaN NaN NaN NaN NaN NaN NaN NaN NaN NaN NaN NaN NaN NaN NaN NaN NaN NaN NaN
NaN NaN NaN NaN NaN NaN NaN NaN NaN NaN NaN NaN NaN NaN NaN NaN NaN NaN NaN NaN NaN NaN NaN NaN NaN NaN NaN NaN NaN NaN NaN NaN NaN NaN NaN NaN NaN
NaN NaN NaN NaN NaN NaN NaN NaN NaN NaN NaN NaN NaN NaN NaN NaN NaN NaN NaN NaN NaN NaN NaN NaN NaN NaN NaN NaN NaN NaN NaN NaN NaN NaN NaN NaN NaN
