NaN NaN NaN NaN NaN NaN NaN NaN NaN NaN 1.645 1.9027 1.9441 2.0849 2.1125 2.0926 2.0426 2.0343 2.0641 2.1105 2.1598 2.1829 2.2087 2.2349 2.2434 2.2676 2.2787 2.3021 2.3203 2.3376 2.3575 2.3747 2.4002 2.4247 2.4486 2.4625 2.4743
NaN NaN NaN NaN NaN NaN NaN NaN NaN NaN NaN NaN NaN NaN 1.8824 1.9515 1.9684 1.9715 2.017 2.071 2.1246 2.1571 2.1911 2.2213 2.2343 2.2593 2.2717 2.2942 2.3126 2.3286 2.3484 2.3616 2.3866 2.4138 2.4346 2.4485 2.4602
NaN NaN NaN NaN NaN NaN NaN NaN 0.30528 0.27533 0.25314 0.22588 0.19236 0.15829 1.8907 1.8409 1.9097 1.9243 1.9772 2.0351 2.0916 2.1317 2.1719 2.2029 2.225 2.2494 2.2638 2.2865 2.3056 2.3203 2.337 2.3481 2.3744 2.4021 2.4204 2.4347 2.4452
NaN NaN NaN NaN NaN NaN NaN NaN 0.66086 0.7176 0.78689 0.88794 1.0404 1.3057 1.8236 1.7146 1.8553 1.8861 1.9438 2.0011 2.061 2.1038 2.1494 2.1836 2.2109 2.2374 2.2553 2.2779 2.2971 2.3126 2.3271 2.339 2.3664 2.3899 2.4058 2.4196 2.4307
NaN NaN NaN NaN NaN NaN NaN NaN 0.91771 0.96906 1.0313 1.1217 1.2604 1.4579 1.7071 1.6243 1.8079 1.8509 1.9109 1.9699 2.0293 2.0768 2.1254 2.1634 2.1946 2.2234 2.2435 2.2661 2.2861 2.3007 2.312 2.325 2.3484 2.3754 2.3914 2.4046 2.4169
NaN NaN NaN NaN NaN NaN NaN NaN 0.98123 1.0285 1.0985 1.197 1.3297 1.4793 1.6201 1.582 1.7648 1.8163 1.8789 1.9393 1.9988 2.0491 2.0996 2.1403 2.1757 2.2058 2.2291 2.2514 2.2702 2.2866 2.2971 2.3112 2.3345 2.3614 2.3766 2.3908 2.4016
NaN NaN NaN NaN NaN NaN NaN NaN 1.042 1.088 1.1623 1.2622 1.3711 1.476 1.5631 1.5654 1.7313 1.7824 1.8452 1.9077 1.9671 2.0197 2.0725 2.1162 2.1557 2.1868 2.2118 2.2369 2.2573 2.275 2.2883 2.3061 2.3246 2.3502 2.3632 2.376 2.3858
NaN NaN NaN NaN NaN NaN NaN NaN 1.073 1.131 1.2083 1.2976 1.3816 1.4597 1.529 1.5641 1.7074 1.7612 1.8202 1.8786 1.9367 1.9886 2.0411 2.085 2.1236 2.1676 2.1855 2.1518 2.2436 2.2554 2.268 2.2902 2.3125 2.3339 2.3475 2.3592 2.3683
NaN NaN NaN NaN NaN NaN NaN NaN 1.0991 1.1712 1.2429 1.3167 1.382 1.4454 1.51 1.5652 1.687 1.74 1.7983 1.8545 1.9086 1.9661 2.018 2.067 2.1165 2.1737 2.2164 2.1848 2.2403 2.2457 2.257 2.2808 2.2988 2.3214 2.3374 2.335 2.357
NaN NaN NaN NaN NaN NaN NaN NaN NaN 1.2242 1.2813 1.3373 1.3856 1.4396 1.5024 1.5709 1.6763 1.7229 1.7791 1.8319 1.8863 1.9447 1.9991 2.0503 2.1024 2.1568 2.1873 2.1562 2.2236 2.2333 2.2441 2.268 2.2857 2.3069 2.3249 2.3182 2.3439
NaN NaN NaN NaN NaN NaN NaN NaN NaN 1.2658 1.3174 1.3436 1.3764 1.4318 1.4984 1.5751 1.6706 1.7164 1.7646 1.8139 1.8715 1.9304 1.9835 2.0363 2.0873 2.137 2.1611 2.137 2.2052 2.2187 2.2331 2.256 2.2732 2.2947 2.3113 2.3124 2.3303
NaN NaN NaN NaN NaN NaN NaN NaN NaN NaN 1.319 1.3331 1.3633 1.4314 1.5012 1.5807 1.6673 1.7093 1.7535 1.8043 1.8587 1.9152 1.9677 2.0174 2.0694 2.1149 2.1358 2.1209 2.1863 2.2025 2.2219 2.244 2.2628 2.2826 2.2964 2.2973 2.3143
NaN NaN NaN NaN NaN NaN NaN NaN NaN NaN NaN 1.3315 1.3646 1.438 1.5094 1.5873 1.6618 1.6986 1.7435 1.7936 1.8472 1.9009 1.9533 2.0024 2.0519 2.0953 2.1151 2.1093 2.1688 2.1875 2.2098 2.2322 2.2505 2.2705 2.28 2.2821 2.2983
NaN NaN NaN NaN NaN NaN NaN NaN NaN NaN NaN 1.3393 1.3766 1.4414 1.5079 1.5802 1.6477 1.6821 1.7238 1.7793 1.8357 1.8869 1.9384 1.9864 2.0343 2.0755 2.0966 2.0964 2.1511 2.1716 2.1983 2.22 2.2371 2.2544 2.2635 2.2684 2.2821
NaN NaN NaN NaN NaN NaN NaN NaN NaN NaN NaN NaN 1.3808 1.4539 1.4853 1.5598 1.6289 1.6663 1.7096 1.7649 1.8222 1.8722 1.9233 1.9694 2.0177 2.0576 2.0796 2.0867 2.1347 2.1571 2.1853 2.2078 2.2259 2.241 2.2497 2.2546 2.2649
NaN NaN NaN NaN NaN NaN NaN NaN NaN NaN NaN NaN NaN 1.4773 1.5024 1.5513 1.626 1.6577 1.6994 1.7551 1.8103 1.8603 1.9106 1.9562 2.0013 2.0419 2.0628 2.076 2.1202 2.1416 2.1736 2.1952 2.2136 2.2273 2.2354 2.2412 2.248
NaN NaN NaN NaN NaN NaN NaN NaN NaN NaN NaN NaN NaN NaN 1.5164 1.5768 1.6173 1.6325 1.6794 1.7428 1.7838 1.8431 1.8923 1.9393 1.9872 2.0247 2.0489 2.0673 2.1047 2.1285 2.1619 2.1841 2.2018 2.2139 2.2218 2.2264 2.234
NaN NaN NaN NaN NaN NaN NaN NaN NaN NaN NaN NaN NaN NaN NaN 1.5858 1.6161 1.6139 1.6602 1.7263 1.7661 1.828 1.8764 1.9229 1.9691 2.0086 2.0326 2.0595 2.0813 2.1107 2.1492 2.1731 2.1906 2.2012 2.2097 2.2148 2.2186
NaN NaN NaN NaN NaN NaN NaN NaN NaN NaN NaN NaN NaN NaN NaN NaN NaN 1.6304 1.6628 1.7096 1.7305 1.8065 1.8529 1.8956 1.9422 1.9918 2.0191 2.053 2.0751 2.1048 2.138 2.1624 2.1789 2.1884 2.198 2.2018 2.2046
NaN NaN NaN NaN NaN NaN NaN NaN NaN NaN NaN NaN NaN NaN NaN NaN NaN NaN 1.6666 1.7289 1.7098 1.7855 1.8368 1.8735 1.911 1.9728 2.0072 2.0298 2.0615 2.0928 2.1269 2.1526 2.1691 2.1772 2.1855 2.1892 2.1907
NaN NaN NaN NaN NaN NaN NaN NaN NaN NaN NaN NaN NaN NaN NaN NaN NaN NaN NaN NaN 1.6946 1.8076 1.8391 1.843 1.8607 1.9461 1.9878 1.9994 2.0447 2.077 2.1189 2.144 2.1574 2.1652 2.1718 2.1755 2.1779
NaN NaN NaN NaN NaN NaN NaN NaN NaN NaN NaN NaN NaN NaN NaN NaN NaN NaN NaN NaN NaN NaN 1.7699 1.8188 1.8415 1.9188 1.9592 1.957 2.0233 2.0481 2.0795 2.1287 2.1419 2.1487 2.1541 2.1573 2.1595
NaN NaN NaN NaN NaN NaN NaN NaN NaN NaN NaN NaN NaN NaN NaN NaN NaN NaN NaN NaN NaN NaN NaN NaN 1.7464 1.8806 1.9134 1.9018 1.9696 2.0058 2.0127 2.0846 2.1107 2.109 2.1253 2.1345 2.1242
NaN NaN NaN NaN NaN NaN NaN NaN NaN NaN NaN NaN NaN NaN NaN NaN NaN NaN NaN NaN NaN NaN NaN NaN NaN NaN 1.8087 1.8851 1.9461 1.9956 1.9625 2.018 2.0476 2.0275 2.0741 2.0795 2.0845
NaN NaN NaN NaN NaN NaN NaN NaN NaN NaN NaN NaN NaN NaN NaN NaN NaN NaN NaN NaN NaN NaN NaN NaN NaN NaN NaN NaN 1.745 1.87 1.9282 1.9762 1.9866 1.9153 1.9102 1.779 1.1471
NaN NaN NaN NaN NaN NaN NaN NaN NaN NaN NaN NaN NaN NaN NaN NaN NaN NaN NaN NaN NaN NaN NaN NaN NaN NaN NaN NaN NaN NaN 1.6008 1.8589 1.8515 1.659 0.96667 NaN NaN
NaN NaN NaN NaN NaN NaN NaN NaN NaN NaN NaN NaN NaN NaN NaN NaN NaN NaN NaN NaN NaN NaN NaN NaN NaN NaN NaN NaN NaN NaN NaN NaN 1.45 0.72299 NaN NaN NaN
NaN NaN NaN NaN NaN NaN NaN NaN NaN NaN NaN NaN NaN NaN NaN NaN NaN NaN NaN NaN NaN NaN NaN NaN NaN NaN NaN NaN NaN NaN NaN NaN NaN NaN NaN NaN NaN
NaN NaN NaN NaN NaN NaN NaN NaN NaN NaN NaN NaN NaN NaN NaN NaN NaN NaN NaN NaN NaN NaN NaN NaN NaN NaN NaN NaN NaN NaN NaN NaN NaN NaN NaN NaN NaN
NaN NaN NaN NaN NaN NaN NaN NaN NaN NaN NaN NaN NaN NaN NaN NaN NaN NaN NaN NaN NaN NaN NaN NaN NaN NaN NaN NaN NaN NaN NaN NaN NaN NaN NaN NaN NaN
