NaN NaN NaN NaN NaN NaN NaN NaN NaN NaN 1.3476 1.4356 1.4036 1.4475 1.4449 1.386 1.3507 1.3456 1.3573 1.3763 1.3954 1.4037 1.4133 1.4247 1.4274 1.4372 1.4411 1.4509 1.4574 1.462 1.4681 1.4737 1.4849 1.4975 1.5094 1.5155 1.52
NaN NaN NaN NaN NaN NaN NaN NaN NaN NaN NaN NaN NaN NaN 1.4361 1.3672 1.3295 1.3322 1.3499 1.3686 1.3868 1.3976 1.4094 1.4201 1.4233 1.4325 1.437 1.4458 1.4523 1.4562 1.4625 1.4665 1.478 1.4926 1.5029 1.5089 1.5131
NaN NaN NaN NaN NaN NaN NaN NaN 0.37631 0.34623 0.32697 0.30195 0.2701 0.24125 1.4464 1.3374 1.3192 1.3267 1.3459 1.364 1.3809 1.3926 1.4046 1.4129 1.4193 1.4268 1.4315 1.4399 1.4466 1.45 1.4549 1.4582 1.4709 1.4861 1.495 1.5011 1.5045
NaN NaN NaN NaN NaN NaN NaN NaN 0.68352 0.72611 0.77428 0.84144 0.93607 1.0944 1.3795 1.2639 1.2991 1.3185 1.3393 1.3562 1.3739 1.3848 1.3972 1.4054 1.4125 1.4203 1.4259 1.4335 1.44 1.4443 1.4479 1.4519 1.4655 1.4781 1.4857 1.4915 1.4953
NaN NaN NaN NaN NaN NaN NaN NaN 0.87094 0.90359 0.93999 0.99091 1.0666 1.1681 1.2831 1.2092 1.2778 1.3051 1.3277 1.3464 1.3636 1.3757 1.3878 1.3965 1.4038 1.4115 1.4171 1.4242 1.4309 1.4349 1.4372 1.4425 1.4544 1.4694 1.4773 1.4826 1.4871
NaN NaN NaN NaN NaN NaN NaN NaN 0.88807 0.91545 0.95673 1.0125 1.0846 1.1593 1.2218 1.1857 1.2572 1.2881 1.3135 1.3342 1.3518 1.3645 1.3766 1.3857 1.394 1.4015 1.4082 1.4149 1.4209 1.4263 1.4287 1.4348 1.4466 1.461 1.4686 1.4743 1.4779
NaN NaN NaN NaN NaN NaN NaN NaN 0.91726 0.94344 0.98644 1.0424 1.0996 1.1495 1.1873 1.1765 1.2414 1.2695 1.2965 1.3201 1.3388 1.353 1.3664 1.3767 1.3866 1.3942 1.4013 1.4095 1.4161 1.4219 1.4262 1.4339 1.4421 1.4553 1.4617 1.4669 1.4701
NaN NaN NaN NaN NaN NaN NaN NaN 0.92503 0.95982 1.0042 1.0534 1.0965 1.134 1.1666 1.1753 1.2308 1.2583 1.2816 1.3022 1.3202 1.3333 1.3454 1.3545 1.3631 1.3799 1.3845 1.3559 1.4066 1.4135 1.4171 1.4271 1.4377 1.448 1.4548 1.4595 1.4623
NaN NaN NaN NaN NaN NaN NaN NaN 0.92633 0.97901 1.0193 1.0594 1.0931 1.1247 1.1569 1.1764 1.2234 1.25 1.2747 1.296 1.3143 1.3336 1.3485 1.3634 1.3813 1.406 1.4225 1.3895 1.4062 1.4105 1.4146 1.4254 1.4336 1.4445 1.4527 1.4486 1.4584
NaN NaN NaN NaN NaN NaN NaN NaN NaN 1.0132 1.0438 1.0727 1.0974 1.1246 1.1555 1.1811 1.2205 1.2423 1.266 1.2867 1.3067 1.3273 1.3442 1.3594 1.3763 1.3957 1.4037 1.3759 1.4008 1.4067 1.4109 1.4221 1.4307 1.4409 1.4502 1.4431 1.4537
NaN NaN NaN NaN NaN NaN NaN NaN NaN 1.0352 1.0651 1.0761 1.0925 1.1212 1.1552 1.1857 1.2226 1.2438 1.2632 1.2832 1.3056 1.3266 1.3427 1.3581 1.3731 1.3888 1.3942 1.373 1.3974 1.4042 1.4104 1.4208 1.4291 1.4394 1.4472 1.445 1.4501
NaN NaN NaN NaN NaN NaN NaN NaN NaN NaN 1.0628 1.0675 1.0847 1.1233 1.1593 1.1913 1.2246 1.2437 1.2625 1.2835 1.3033 1.3229 1.3389 1.3523 1.3677 1.3812 1.3858 1.3712 1.3941 1.4012 1.4095 1.4188 1.4274 1.4362 1.4417 1.4397 1.4446
NaN NaN NaN NaN NaN NaN NaN NaN NaN NaN NaN 1.0722 1.0897 1.1299 1.1661 1.1963 1.2237 1.2404 1.2606 1.2815 1.3014 1.3195 1.3358 1.3491 1.363 1.3758 1.3803 1.371 1.3911 1.3985 1.4072 1.4158 1.4235 1.4321 1.435 1.4337 1.4382
NaN NaN NaN NaN NaN NaN NaN NaN NaN NaN NaN 1.0763 1.0966 1.1289 1.1603 1.188 1.2137 1.2303 1.2506 1.2761 1.2977 1.3145 1.3306 1.3437 1.357 1.3692 1.3747 1.3685 1.3868 1.3943 1.4043 1.412 1.4184 1.4253 1.428 1.4281 1.4311
NaN NaN NaN NaN NaN NaN NaN NaN NaN NaN NaN NaN 1.0814 1.1235 1.1374 1.1711 1.2018 1.2226 1.2451 1.27 1.2919 1.3084 1.3246 1.3373 1.3513 1.3633 1.3693 1.3671 1.3822 1.3902 1.4002 1.408 1.4145 1.4195 1.4216 1.4212 1.4223
NaN NaN NaN NaN NaN NaN NaN NaN NaN NaN NaN NaN NaN 1.1439 1.1527 1.1696 1.2047 1.2221 1.2427 1.2669 1.2872 1.3038 1.3196 1.3322 1.3447 1.3575 1.3628 1.3636 1.3777 1.3845 1.3961 1.4029 1.4088 1.4128 1.4142 1.414 1.4129
NaN NaN NaN NaN NaN NaN NaN NaN NaN NaN NaN NaN NaN NaN 1.1605 1.186 1.1978 1.2063 1.2295 1.2568 1.271 1.2937 1.3098 1.3241 1.3391 1.3504 1.3575 1.3609 1.372 1.3799 1.3916 1.3984 1.4034 1.4062 1.4072 1.4061 1.4057
NaN NaN NaN NaN NaN NaN NaN NaN NaN NaN NaN NaN NaN NaN NaN 1.1898 1.1967 1.1913 1.2153 1.2463 1.2628 1.2852 1.3009 1.315 1.3294 1.3424 1.3493 1.3575 1.3603 1.371 1.3861 1.3939 1.3984 1.4001 1.4012 1.4001 1.3975
NaN NaN NaN NaN NaN NaN NaN NaN NaN NaN NaN NaN NaN NaN NaN NaN NaN 1.2019 1.2132 1.2319 1.2397 1.2694 1.2849 1.2981 1.315 1.3355 1.345 1.3564 1.3601 1.3693 1.3808 1.3888 1.3926 1.3934 1.3949 1.3929 1.3899
NaN NaN NaN NaN NaN NaN NaN NaN NaN NaN NaN NaN NaN NaN NaN NaN NaN NaN 1.2109 1.2377 1.2242 1.2552 1.2744 1.2846 1.297 1.3252 1.3387 1.3416 1.3524 1.3634 1.3755 1.384 1.3878 1.3875 1.3878 1.3858 1.3825
NaN NaN NaN NaN NaN NaN NaN NaN NaN NaN NaN NaN NaN NaN NaN NaN NaN NaN NaN NaN 1.2158 1.2682 1.2698 1.2624 1.267 1.3094 1.3269 1.3236 1.3427 1.3557 1.3722 1.3799 1.3815 1.3809 1.38 1.3782 1.3761
NaN NaN NaN NaN NaN NaN NaN NaN NaN NaN NaN NaN NaN NaN NaN NaN NaN NaN NaN NaN NaN NaN 1.2777 1.2761 1.2569 1.2907 1.308 1.298 1.3285 1.3378 1.3481 1.371 1.373 1.3712 1.3694 1.3678 1.3664
NaN NaN NaN NaN NaN NaN NaN NaN NaN NaN NaN NaN NaN NaN NaN NaN NaN NaN NaN NaN NaN NaN NaN NaN 1.2549 1.2719 1.2645 1.2534 1.2885 1.3076 1.3065 1.3431 1.3546 1.3466 1.3513 1.3548 1.3466
NaN NaN NaN NaN NaN NaN NaN NaN NaN NaN NaN NaN NaN NaN NaN NaN NaN NaN NaN NaN NaN NaN NaN NaN NaN NaN 1.2514 1.2607 1.2717 1.2926 1.2665 1.2936 1.3118 1.2957 1.3198 1.3244 1.3253
NaN NaN NaN NaN NaN NaN NaN NaN NaN NaN NaN NaN NaN NaN NaN NaN NaN NaN NaN NaN NaN NaN NaN NaN NaN NaN NaN NaN 1.2447 1.3069 1.2643 1.2698 1.2498 1.1913 1.1605 1.032 0.45721
NaN NaN NaN NaN NaN NaN NaN NaN NaN NaN NaN NaN NaN NaN NaN NaN NaN NaN NaN NaN NaN NaN NaN NaN NaN NaN NaN NaN NaN NaN 1.2453 1.2037 1.1238 0.9567 0.38168 NaN NaN
NaN NaN NaN NaN NaN NaN NaN NaN NaN NaN NaN NaN NaN NaN NaN NaN NaN NaN NaN NaN NaN NaN NaN NaN NaN NaN NaN NaN NaN NaN NaN NaN 0.87386 0.28661 NaN NaN NaN
NaN NaN NaN NaN NaN NaN NaN NaN NaN NaN NaN NaN NaN NaN NaN NaN NaN NaN NaN NaN NaN NaN NaN NaN NaN NaN NaN NaN NaN NaN NaN NaN NaN NaN NaN NaN NaN
NaN NaN NaN NaN NaN NaN NaN NaN NaN NaN NaN NaN NaN NaN NaN NaN NaN NaN NaN NaN NaN NaN NaN NaN NaN NaN NaN NaN NaN NaN NaN NaN NaN NaN NaN NaN NaN
NaN NaN NaN NaN NaN NaN NaN NaN NaN NaN NaN NaN NaN NaN NaN NaN NaN NaN NaN NaN NaN NaN NaN NaN NaN NaN NaN NaN NaN NaN NaN NaN NaN NaN NaN NaN NaN
