NaN NaN NaN NaN NaN NaN NaN NaN NaN NaN 1.8723 2.1068 2.18 2.3774 2.469 2.613 2.7419 2.7375 2.7754 2.8335 2.8946 2.9229 2.9547 2.9885 2.9991 3.0293 3.043 3.0726 3.0948 3.1147 3.1378 3.1576 3.189 3.2206 3.2514 3.2689 3.2832
NaN NaN NaN NaN NaN NaN NaN NaN NaN NaN NaN NaN NaN NaN 2.198 2.345 2.6473 2.6687 2.7274 2.7933 2.858 2.897 2.9381 2.9751 2.9903 3.0209 3.0363 3.0644 3.0869 3.105 3.1281 3.1431 3.1742 3.2097 3.2367 3.2543 3.2683
NaN NaN NaN NaN NaN NaN NaN NaN 0.45787 0.41242 0.37756 0.33503 0.28336 0.23213 2.1848 2.2402 2.5844 2.6208 2.6888 2.7585 2.8254 2.8726 2.9197 2.9559 2.9818 3.0108 3.0282 3.0562 3.0796 3.0962 3.1154 3.1279 3.161 3.1976 3.2215 3.2396 3.2521
NaN NaN NaN NaN NaN NaN NaN NaN 0.93163 0.99921 1.079 1.1949 1.3664 1.6599 2.208 2.2235 2.5242 2.5822 2.6558 2.7243 2.7949 2.8444 2.8971 2.9362 2.9676 2.9985 3.0199 3.0472 3.0705 3.0884 3.1047 3.1184 3.1533 3.1846 3.2054 3.2228 3.2362
NaN NaN NaN NaN NaN NaN NaN NaN 1.2783 1.3416 1.4152 1.5197 1.6782 1.9005 2.1759 2.1807 2.4713 2.5445 2.6209 2.6919 2.7618 2.8166 2.8719 2.915 2.9503 2.9833 3.0068 3.0337 3.0578 3.0747 3.0871 3.1026 3.1326 3.1688 3.1898 3.2064 3.2214
NaN NaN NaN NaN NaN NaN NaN NaN 1.3662 1.426 1.5115 1.6299 1.7886 1.9654 2.1361 2.1648 2.4232 2.5053 2.5855 2.6589 2.729 2.7867 2.8439 2.8896 2.9295 2.9637 2.9908 3.0171 3.0396 3.059 3.0706 3.0877 3.1177 3.1534 3.1735 3.1912 3.2042
NaN NaN NaN NaN NaN NaN NaN NaN 1.4576 1.5171 1.6093 1.7325 1.8659 1.9943 2.1094 2.1644 2.3871 2.4655 2.5464 2.6235 2.6938 2.7545 2.8146 2.8639 2.9087 2.9438 2.9726 3.0025 3.0267 3.0477 3.0631 3.0849 3.1082 3.1419 3.159 3.1751 3.1869
NaN NaN NaN NaN NaN NaN NaN NaN 1.5075 1.5827 1.6801 1.792 1.8978 1.9977 2.096 2.1763 2.3634 2.4424 2.5174 2.5886 2.6573 2.7167 2.7758 2.8244 2.8675 2.9214 2.9433 2.888 3.0097 3.0263 3.0406 3.068 3.0963 3.1241 3.142 3.1567 3.1675
NaN NaN NaN NaN NaN NaN NaN NaN 1.545 1.6442 1.7355 1.8297 1.9146 1.9991 2.0927 2.1868 2.3435 2.4195 2.494 2.5632 2.6279 2.696 2.7558 2.8125 2.8715 2.9432 2.9963 2.9409 3.0075 3.0166 3.0301 3.0599 3.0825 3.1117 3.133 3.1284 3.156
NaN NaN NaN NaN NaN NaN NaN NaN NaN 1.7208 1.7983 1.8708 1.9358 2.0089 2.0989 2.2017 2.3351 2.4005 2.4723 2.5378 2.6038 2.6737 2.7372 2.7963 2.8574 2.9233 2.9594 2.9078 2.9897 3.0037 3.0169 3.047 3.0696 3.097 3.121 3.1102 3.1418
NaN NaN NaN NaN NaN NaN NaN NaN NaN 1.7699 1.8444 1.89 1.936 2.011 2.1053 2.2134 2.3336 2.3967 2.4576 2.5191 2.5903 2.6611 2.7228 2.7837 2.8426 2.9015 2.9295 2.8893 2.9711 2.9892 3.0071 3.0358 3.0579 3.0856 3.1074 3.1069 3.1278
NaN NaN NaN NaN NaN NaN NaN NaN NaN NaN 1.8437 1.8833 1.9286 2.0209 2.1183 2.2262 2.3344 2.3911 2.4472 2.511 2.5779 2.6457 2.7068 2.7634 2.8234 2.8767 2.9011 2.8744 2.9521 2.9729 2.9971 3.0245 3.0483 3.0734 3.091 3.0905 3.1103
NaN NaN NaN NaN NaN NaN NaN NaN NaN NaN NaN 1.8887 1.9413 2.0383 2.1363 2.2389 2.3306 2.3799 2.4374 2.5007 2.5669 2.6311 2.6923 2.7482 2.8049 2.8556 2.8786 2.8648 2.9348 2.9582 2.9854 3.0127 3.0354 3.0607 3.0725 3.0736 3.0923
NaN NaN NaN NaN NaN NaN NaN NaN NaN NaN NaN 1.8827 1.9612 2.0469 2.1359 2.23 2.3131 2.3593 2.4134 2.4846 2.5547 2.6159 2.6762 2.7309 2.7856 2.8337 2.8586 2.8524 2.9165 2.9417 2.9741 3.0001 3.021 3.0426 3.0537 3.0584 3.0739
NaN NaN NaN NaN NaN NaN NaN NaN NaN NaN NaN NaN 1.9041 2.0113 2.1035 2.2024 2.2895 2.3405 2.3971 2.4677 2.5392 2.5993 2.6593 2.7119 2.7674 2.8142 2.8401 2.8439 2.8994 2.9267 2.9607 2.9875 3.0094 3.0276 3.0379 3.0425 3.0535
NaN NaN NaN NaN NaN NaN NaN NaN NaN NaN NaN NaN NaN 1.9802 2.0624 2.1965 2.2902 2.3327 2.3866 2.4567 2.5255 2.5861 2.6453 2.6975 2.7489 2.7968 2.8212 2.833 2.8843 2.9098 2.9484 2.974 2.9957 3.0119 3.0212 3.0269 3.033
NaN NaN NaN NaN NaN NaN NaN NaN NaN NaN NaN NaN NaN NaN 2.0012 2.1314 2.2801 2.3039 2.3624 2.4401 2.4904 2.5643 2.6231 2.6776 2.7333 2.7772 2.8059 2.8247 2.8675 2.896 2.936 2.9621 2.9827 2.9965 3.0053 3.0093 3.0166
NaN NaN NaN NaN NaN NaN NaN NaN NaN NaN NaN NaN NaN NaN NaN 2.0455 2.1615 2.2777 2.3389 2.4211 2.4697 2.5455 2.6035 2.6576 2.7115 2.7583 2.7866 2.8171 2.8394 2.8747 2.922 2.9505 2.9705 2.9821 2.9914 2.9959 2.9983
NaN NaN NaN NaN NaN NaN NaN NaN NaN NaN NaN NaN NaN NaN NaN NaN NaN 2.1693 2.3174 2.4007 2.4261 2.5169 2.5727 2.6222 2.6778 2.7393 2.7723 2.8118 2.8349 2.8697 2.9096 2.9387 2.9574 2.9673 2.9779 2.9805 2.9815
NaN NaN NaN NaN NaN NaN NaN NaN NaN NaN NaN NaN NaN NaN NaN NaN NaN NaN 2.1361 2.2482 2.3769 2.4891 2.5521 2.5937 2.6377 2.7162 2.759 2.7819 2.8187 2.8561 2.8972 2.928 2.9466 2.9544 2.963 2.9655 2.9649
NaN NaN NaN NaN NaN NaN NaN NaN NaN NaN NaN NaN NaN NaN NaN NaN NaN NaN NaN NaN 2.1551 2.2984 2.4836 2.5465 2.5713 2.6827 2.7351 2.7427 2.798 2.8377 2.8891 2.9188 2.9331 2.9403 2.9463 2.9488 2.9498
NaN NaN NaN NaN NaN NaN NaN NaN NaN NaN NaN NaN NaN NaN NaN NaN NaN NaN NaN NaN NaN NaN 2.1035 2.1944 2.4003 2.6404 2.6968 2.687 2.7705 2.8007 2.8376 2.9002 2.9144 2.9198 2.924 2.926 2.9272
NaN NaN NaN NaN NaN NaN NaN NaN NaN NaN NaN NaN NaN NaN NaN NaN NaN NaN NaN NaN NaN NaN NaN NaN 2.0586 2.3456 2.5886 2.5998 2.6936 2.7428 2.7484 2.8419 2.875 2.8676 2.8862 2.8974 2.8823
NaN NaN NaN NaN NaN NaN NaN NaN NaN NaN NaN NaN NaN NaN NaN NaN NaN NaN NaN NaN NaN NaN NaN NaN NaN NaN 2.2272 2.3288 2.5593 2.7012 2.6426 2.7454 2.7892 2.7584 2.819 2.8277 2.8325
NaN NaN NaN NaN NaN NaN NaN NaN NaN NaN NaN NaN NaN NaN NaN NaN NaN NaN NaN NaN NaN NaN NaN NaN NaN NaN NaN NaN 2.0503 2.1714 2.3102 2.428 2.6318 2.5838 2.5671 2.3639 1.411
NaN NaN NaN NaN NaN NaN NaN NaN NaN NaN NaN NaN NaN NaN NaN NaN NaN NaN NaN NaN NaN NaN NaN NaN NaN NaN NaN NaN NaN NaN 1.7596 2.1523 2.3597 2.1912 1.1835 NaN NaN
NaN NaN NaN NaN NaN NaN NaN NaN NaN NaN NaN NaN NaN NaN NaN NaN NaN NaN NaN NaN NaN NaN NaN NaN NaN NaN NaN NaN NaN NaN NaN NaN 1.8381 0.87819 NaN NaN NaN
NaN NaN NaN NaN NaN NaN NaN NaN NaN NaN NaN NaN NaN NaN NaN NaN NaN NaN NaN NaN NaN NaN NaN NaN NaN NaN NaN NaN NaN NaN NaN NaN NaN NaN NaN NaN NaN
NaN NaN NaN NaN NaN NaN NaN NaN NaN NaN NaN NaN NaN NaN NaN NaN NaN NaN NaN NaN NaN NaN NaN NaN NaN NaN NaN NaN NaN NaN NaN NaN NaN NaN NaN NaN NaN
NaN NaN NaN NaN NaN NaN NaN NaN NaN NaN NaN NaN NaN NaN NaN NaN NaN NaN NaN NaN NaN NaN NaN NaN NaN NaN NaN NaN NaN NaN NaN NaN NaN NaN NaN NaN NaN
