NaN NaN NaN NaN NaN NaN NaN NaN NaN NaN 1.7968 2.0462 2.1128 2.2988 2.3672 2.4627 2.5175 2.5171 2.5572 2.6159 2.6771 2.7057 2.7377 2.7697 2.7801 2.8102 2.8238 2.8528 2.8753 2.8969 2.9217 2.9433 2.9749 3.0051 3.0343 3.0512 3.0657
NaN NaN NaN NaN NaN NaN NaN NaN NaN NaN NaN NaN NaN NaN 2.0887 2.22 2.4191 2.4358 2.4968 2.5658 2.6329 2.6733 2.7157 2.7528 2.7688 2.7999 2.8152 2.8429 2.8656 2.8856 2.9104 2.9269 2.958 2.9913 3.0168 3.0338 3.048
NaN NaN NaN NaN NaN NaN NaN NaN 0.36402 0.32761 0.30014 0.26676 0.22614 0.18554 2.0817 2.0988 2.3439 2.3754 2.446 2.5203 2.5914 2.6415 2.6915 2.7298 2.7572 2.7875 2.8053 2.8333 2.857 2.8753 2.8962 2.9101 2.9427 2.9767 2.999 3.0164 3.0292
NaN NaN NaN NaN NaN NaN NaN NaN 0.77917 0.84371 0.9224 1.0368 1.2073 1.5003 2.0582 2.0173 2.277 2.3276 2.4038 2.4774 2.5528 2.6064 2.6633 2.7059 2.7397 2.7726 2.7948 2.8227 2.8464 2.8657 2.8838 2.8988 2.9327 2.9614 2.9807 2.9975 3.011
NaN NaN NaN NaN NaN NaN NaN NaN 1.0882 1.1474 1.2189 1.3218 1.4789 1.7006 1.9778 1.9462 2.2201 2.2845 2.3629 2.4382 2.5129 2.5726 2.6333 2.6807 2.7195 2.7552 2.7802 2.8081 2.8327 2.8509 2.8652 2.8814 2.9103 2.9433 2.9627 2.9788 2.9937
NaN NaN NaN NaN NaN NaN NaN NaN 1.169 1.2241 1.3056 1.4198 1.5732 1.7457 1.9114 1.9158 2.1692 2.2427 2.3235 2.4002 2.475 2.538 2.6011 2.6519 2.6959 2.7334 2.7623 2.7899 2.8131 2.8334 2.8466 2.8642 2.893 2.9258 2.9442 2.9615 2.9746
NaN NaN NaN NaN NaN NaN NaN NaN 1.2479 1.3022 1.3895 1.5069 1.6348 1.7589 1.868 1.9076 2.13 2.2019 2.2824 2.3613 2.4356 2.5014 2.5674 2.622 2.6712 2.7099 2.7409 2.7719 2.7971 2.8191 2.8357 2.8579 2.8806 2.9119 2.9274 2.943 2.9549
NaN NaN NaN NaN NaN NaN NaN NaN 1.2908 1.3598 1.4513 1.5574 1.6579 1.753 1.844 1.9137 2.1026 2.1766 2.2521 2.3256 2.3981 2.4629 2.5285 2.5832 2.6313 2.6854 2.7068 2.668 2.7806 2.7948 2.8105 2.838 2.8656 2.8916 2.9079 2.9221 2.9331
NaN NaN NaN NaN NaN NaN NaN NaN 1.3266 1.4134 1.4989 1.5877 1.6674 1.7466 1.8328 1.9201 2.0793 2.1514 2.2258 2.2963 2.3638 2.4352 2.5 2.5609 2.6225 2.6931 2.7454 2.7088 2.7769 2.7828 2.7969 2.8264 2.8485 2.8761 2.8952 2.8921 2.919
NaN NaN NaN NaN NaN NaN NaN NaN NaN 1.4825 1.5513 1.6195 1.6799 1.7483 1.8322 1.9309 2.0677 2.131 2.2027 2.269 2.3366 2.409 2.4767 2.5404 2.6051 2.6721 2.7093 2.6731 2.7564 2.7676 2.7809 2.8105 2.8322 2.8581 2.8795 2.8713 2.9028
NaN NaN NaN NaN NaN NaN NaN NaN NaN 1.5362 1.5995 1.6331 1.6754 1.7456 1.8337 1.939 2.062 2.1236 2.1855 2.2473 2.3187 2.3915 2.4575 2.5231 2.5864 2.6478 2.677 2.649 2.7336 2.7495 2.7673 2.7955 2.8166 2.8428 2.8627 2.8641 2.886
NaN NaN NaN NaN NaN NaN NaN NaN NaN NaN 1.6049 1.6254 1.665 1.7505 1.842 1.9483 2.0594 2.1156 2.1723 2.2358 2.3032 2.373 2.438 2.4999 2.5644 2.6204 2.6457 2.6289 2.7102 2.7295 2.7535 2.7807 2.8038 2.8278 2.8443 2.8453 2.8661
NaN NaN NaN NaN NaN NaN NaN NaN NaN NaN NaN 1.6284 1.6717 1.7629 1.8558 1.9584 2.0538 2.1029 2.1603 2.223 2.2894 2.3557 2.4204 2.4815 2.5429 2.5962 2.6201 2.6144 2.6884 2.711 2.7384 2.766 2.7885 2.8128 2.824 2.8263 2.8462
NaN NaN NaN NaN NaN NaN NaN NaN NaN NaN NaN 1.6398 1.6903 1.7704 1.8565 1.9513 2.0373 2.083 2.1363 2.2057 2.2754 2.3386 2.4023 2.4618 2.5211 2.5718 2.5974 2.5983 2.6664 2.6913 2.7241 2.7509 2.7718 2.7929 2.8036 2.8094 2.8261
NaN NaN NaN NaN NaN NaN NaN NaN NaN NaN NaN NaN 1.6887 1.7802 1.8304 1.9274 2.015 2.064 2.1192 2.1883 2.2592 2.3208 2.3838 2.441 2.5007 2.5498 2.5765 2.5863 2.646 2.6733 2.7081 2.7357 2.7579 2.7762 2.7864 2.7923 2.8048
NaN NaN NaN NaN NaN NaN NaN NaN NaN NaN NaN NaN NaN 1.7942 1.8393 1.9194 2.0126 2.0541 2.1071 2.1767 2.2448 2.3063 2.3683 2.4248 2.4805 2.5304 2.5558 2.5729 2.628 2.6541 2.6935 2.7201 2.7426 2.7592 2.7688 2.7757 2.7838
NaN NaN NaN NaN NaN NaN NaN NaN NaN NaN NaN NaN NaN NaN 1.8324 1.9246 2.004 2.0238 2.0827 2.1615 2.2125 2.2853 2.346 2.404 2.4632 2.5092 2.5387 2.5621 2.6087 2.6379 2.6789 2.7062 2.728 2.7426 2.7519 2.7573 2.7664
NaN NaN NaN NaN NaN NaN NaN NaN NaN NaN NaN NaN NaN NaN NaN 1.8977 1.9664 2.002 2.0593 2.1415 2.1911 2.267 2.3265 2.3839 2.4409 2.4894 2.5186 2.5521 2.5798 2.6158 2.6631 2.6926 2.714 2.7268 2.7369 2.7429 2.7474
NaN NaN NaN NaN NaN NaN NaN NaN NaN NaN NaN NaN NaN NaN NaN NaN NaN 1.9819 2.0603 2.1212 2.1472 2.2406 2.2977 2.3504 2.4079 2.4686 2.5019 2.5441 2.572 2.6086 2.6493 2.6792 2.6995 2.7109 2.7224 2.7268 2.7301
NaN NaN NaN NaN NaN NaN NaN NaN NaN NaN NaN NaN NaN NaN NaN NaN NaN NaN 1.9888 2.076 2.1185 2.2153 2.2782 2.3235 2.3698 2.4452 2.487 2.5156 2.5551 2.5936 2.6355 2.667 2.6873 2.697 2.707 2.7112 2.7129
NaN NaN NaN NaN NaN NaN NaN NaN NaN NaN NaN NaN NaN NaN NaN NaN NaN NaN NaN NaN 2.0123 2.1437 2.2637 2.2863 2.3083 2.4122 2.463 2.4783 2.5344 2.5741 2.6255 2.6562 2.6727 2.6821 2.69 2.6942 2.6971
NaN NaN NaN NaN NaN NaN NaN NaN NaN NaN NaN NaN NaN NaN NaN NaN NaN NaN NaN NaN NaN NaN 2.0046 2.0784 2.2237 2.3783 2.4282 2.4263 2.5079 2.5382 2.5768 2.6373 2.6534 2.6617 2.6681 2.6717 2.6742
NaN NaN NaN NaN NaN NaN NaN NaN NaN NaN NaN NaN NaN NaN NaN NaN NaN NaN NaN NaN NaN NaN NaN NaN 1.9661 2.2048 2.3625 2.357 2.4416 2.486 2.4949 2.5828 2.6146 2.6127 2.6325 2.6433 2.6302
NaN NaN NaN NaN NaN NaN NaN NaN NaN NaN NaN NaN NaN NaN NaN NaN NaN NaN NaN NaN NaN NaN NaN NaN NaN NaN 2.1049 2.1987 2.3742 2.4668 2.4252 2.5006 2.5365 2.5121 2.5689 2.5748 2.5807
NaN NaN NaN NaN NaN NaN NaN NaN NaN NaN NaN NaN NaN NaN NaN NaN NaN NaN NaN NaN NaN NaN NaN NaN NaN NaN NaN NaN 1.9637 2.0796 2.2045 2.2989 2.4371 2.3708 2.3642 2.2001 1.4151
NaN NaN NaN NaN NaN NaN NaN NaN NaN NaN NaN NaN NaN NaN NaN NaN NaN NaN NaN NaN NaN NaN NaN NaN NaN NaN NaN NaN NaN NaN 1.7093 2.0744 2.2318 2.0492 1.1903 NaN NaN
NaN NaN NaN NaN NaN NaN NaN NaN NaN NaN NaN NaN NaN NaN NaN NaN NaN NaN NaN NaN NaN NaN NaN NaN NaN NaN NaN NaN NaN NaN NaN NaN 1.7461 0.8856 NaN NaN NaN
NaN NaN NaN NaN NaN NaN NaN NaN NaN NaN NaN NaN NaN NaN NaN NaN NaN NaN NaN NaN NaN NaN NaN NaN NaN NaN NaN NaN NaN NaN NaN NaN NaN NaN NaN NaN NaN
NaN NaN NaN NaN NaN NaN NaN NaN NaN NaN NaN NaN NaN NaN NaN NaN NaN NaN NaN NaN NaN NaN NaN NaN NaN NaN NaN NaN NaN NaN NaN NaN NaN NaN NaN NaN NaN
NaN NaN NaN NaN NaN NaN NaN NaN NaN NaN NaN NaN NaN NaN NaN NaN NaN NaN NaN NaN NaN NaN NaN NaN NaN NaN NaN NaN NaN NaN NaN NaN NaN NaN NaN NaN NaN
