NaN NaN NaN NaN NaN NaN NaN NaN NaN NaN 1.4586 1.547 1.5147 1.5596 1.5568 1.4945 1.456 1.4511 1.4641 1.4844 1.5042 1.5128 1.5228 1.5344 1.5371 1.5472 1.5512 1.5613 1.5678 1.5723 1.5785 1.5844 1.5963 1.6098 1.6224 1.6289 1.6336
NaN NaN NaN NaN NaN NaN NaN NaN NaN NaN NaN NaN NaN NaN 1.5539 1.4771 1.4345 1.4374 1.4563 1.476 1.4947 1.5059 1.518 1.5288 1.532 1.5414 1.546 1.555 1.5615 1.5652 1.5717 1.5759 1.5883 1.6039 1.6148 1.6211 1.6255
NaN NaN NaN NaN NaN NaN NaN NaN 0.41848 0.38529 0.36425 0.33675 0.30156 0.26975 1.5647 1.4473 1.4243 1.4322 1.4524 1.4712 1.4883 1.5002 1.5122 1.5203 1.5268 1.5345 1.5393 1.5477 1.5544 1.5577 1.5626 1.5662 1.5798 1.5961 1.6055 1.6119 1.6154
NaN NaN NaN NaN NaN NaN NaN NaN 0.75596 0.80181 0.85257 0.92332 1.0234 1.1912 1.4916 1.3677 1.4026 1.4235 1.4453 1.4626 1.4805 1.4913 1.5037 1.5116 1.5186 1.5265 1.5322 1.5398 1.5464 1.5507 1.5543 1.5586 1.5731 1.5866 1.5946 1.6006 1.6046
NaN NaN NaN NaN NaN NaN NaN NaN 0.95605 0.99043 1.0281 1.081 1.1602 1.2667 1.3858 1.308 1.3793 1.4086 1.4323 1.4516 1.469 1.481 1.4928 1.5011 1.5082 1.5159 1.5215 1.5287 1.5354 1.5394 1.5416 1.5474 1.5603 1.5764 1.5847 1.5902 1.5949
NaN NaN NaN NaN NaN NaN NaN NaN 0.96974 0.99826 1.0415 1.1001 1.1762 1.2545 1.319 1.282 1.3566 1.3897 1.4165 1.4379 1.4558 1.4683 1.48 1.4886 1.4967 1.5041 1.5108 1.5176 1.5237 1.5291 1.5317 1.5383 1.5511 1.5665 1.5745 1.5805 1.5841
NaN NaN NaN NaN NaN NaN NaN NaN 0.99847 1.0256 1.071 1.1302 1.1906 1.2426 1.2814 1.2713 1.3392 1.3691 1.3976 1.4223 1.4413 1.4554 1.4685 1.4784 1.4881 1.4956 1.5027 1.5111 1.5179 1.5238 1.5284 1.5367 1.5456 1.5596 1.5664 1.5717 1.575
NaN NaN NaN NaN NaN NaN NaN NaN 1.0042 1.0411 1.0882 1.1403 1.1856 1.2247 1.2588 1.2692 1.3273 1.3564 1.3809 1.4022 1.4203 1.4331 1.4448 1.4532 1.4614 1.4783 1.4822 1.454 1.5068 1.5141 1.5179 1.5287 1.5402 1.5511 1.5584 1.5632 1.5661
NaN NaN NaN NaN NaN NaN NaN NaN 1.0034 1.0605 1.1032 1.1456 1.1811 1.2142 1.2482 1.2699 1.319 1.3474 1.3733 1.3956 1.4143 1.434 1.4488 1.4638 1.4822 1.5078 1.5241 1.4903 1.506 1.5104 1.5147 1.5264 1.5353 1.5469 1.5556 1.5511 1.5615
NaN NaN NaN NaN NaN NaN NaN NaN NaN 1.0969 1.129 1.1595 1.1853 1.2137 1.2464 1.2744 1.3156 1.3388 1.3639 1.3853 1.406 1.4269 1.4439 1.459 1.4761 1.4957 1.5028 1.4746 1.4998 1.5058 1.5104 1.5225 1.5318 1.5427 1.5525 1.545 1.556
NaN NaN NaN NaN NaN NaN NaN NaN NaN 1.1196 1.1516 1.1625 1.1794 1.2095 1.2458 1.2789 1.3175 1.3401 1.3607 1.3815 1.4048 1.4261 1.4422 1.4575 1.4725 1.4879 1.4924 1.4711 1.4961 1.503 1.5097 1.5208 1.5299 1.5409 1.549 1.5467 1.5518
NaN NaN NaN NaN NaN NaN NaN NaN NaN NaN 1.1484 1.1527 1.1706 1.2115 1.2501 1.2846 1.3195 1.3397 1.3596 1.3816 1.4022 1.422 1.4379 1.451 1.4664 1.4795 1.4833 1.4689 1.4925 1.4996 1.5085 1.5184 1.5277 1.537 1.5426 1.5406 1.5455
NaN NaN NaN NaN NaN NaN NaN NaN NaN NaN NaN 1.1579 1.176 1.2185 1.2572 1.2896 1.3181 1.3357 1.3572 1.3794 1.4 1.4182 1.4344 1.4475 1.4611 1.4736 1.4773 1.4684 1.4891 1.4965 1.5056 1.5148 1.523 1.5322 1.535 1.5337 1.5382
NaN NaN NaN NaN NaN NaN NaN NaN NaN NaN NaN 1.162 1.1833 1.2169 1.2502 1.2798 1.3066 1.3242 1.3459 1.3731 1.3957 1.4126 1.4286 1.4414 1.4545 1.4663 1.4711 1.4653 1.4842 1.4918 1.5022 1.5102 1.5171 1.5244 1.527 1.5271 1.5301
NaN NaN NaN NaN NaN NaN NaN NaN NaN NaN NaN NaN 1.1657 1.2108 1.2251 1.2609 1.2933 1.3156 1.3397 1.3661 1.389 1.4057 1.4218 1.4342 1.4482 1.4598 1.4652 1.4634 1.4791 1.4871 1.4974 1.5055 1.5124 1.5177 1.5196 1.5191 1.52
NaN NaN NaN NaN NaN NaN NaN NaN NaN NaN NaN NaN NaN 1.2329 1.2422 1.2594 1.2964 1.3149 1.3368 1.3623 1.3835 1.4004 1.4161 1.4285 1.4407 1.4533 1.4579 1.4592 1.4739 1.4807 1.4925 1.4996 1.5058 1.5098 1.511 1.5107 1.5093
NaN NaN NaN NaN NaN NaN NaN NaN NaN NaN NaN NaN NaN NaN 1.2504 1.2776 1.2888 1.2974 1.3218 1.3507 1.3655 1.3891 1.4052 1.4194 1.4344 1.4453 1.452 1.4558 1.4674 1.4754 1.4873 1.4942 1.4994 1.5022 1.5031 1.5017 1.501
NaN NaN NaN NaN NaN NaN NaN NaN NaN NaN NaN NaN NaN NaN NaN 1.2811 1.2878 1.2808 1.3061 1.3389 1.3561 1.3794 1.3952 1.4092 1.4236 1.4364 1.4428 1.4515 1.4544 1.4654 1.481 1.489 1.4935 1.4952 1.496 1.4947 1.4917
NaN NaN NaN NaN NaN NaN NaN NaN NaN NaN NaN NaN NaN NaN NaN NaN NaN 1.2925 1.3037 1.3227 1.3306 1.3617 1.3775 1.3908 1.4079 1.4289 1.4381 1.45 1.454 1.4632 1.4748 1.4829 1.4868 1.4874 1.4887 1.4863 1.4829
NaN NaN NaN NaN NaN NaN NaN NaN NaN NaN NaN NaN NaN NaN NaN NaN NaN NaN 1.3009 1.3289 1.3138 1.3461 1.3659 1.376 1.3885 1.4174 1.4308 1.4338 1.4452 1.4564 1.4686 1.4773 1.4811 1.4806 1.4806 1.4782 1.4745
NaN NaN NaN NaN NaN NaN NaN NaN NaN NaN NaN NaN NaN NaN NaN NaN NaN NaN NaN NaN 1.3048 1.3602 1.3609 1.3523 1.3563 1.4 1.4178 1.4142 1.4344 1.4478 1.4647 1.4724 1.4738 1.4729 1.4717 1.4696 1.4671
NaN NaN NaN NaN NaN NaN NaN NaN NaN NaN NaN NaN NaN NaN NaN NaN NaN NaN NaN NaN NaN NaN 1.3693 1.3669 1.3462 1.3804 1.3974 1.3866 1.4184 1.4279 1.4384 1.4623 1.4641 1.4619 1.4598 1.4579 1.4563
NaN NaN NaN NaN NaN NaN NaN NaN NaN NaN NaN NaN NaN NaN NaN NaN NaN NaN NaN NaN NaN NaN NaN NaN 1.3442 1.3607 1.35 1.3381 1.3752 1.3951 1.3938 1.4318 1.4437 1.4351 1.4397 1.4432 1.4344
NaN NaN NaN NaN NaN NaN NaN NaN NaN NaN NaN NaN NaN NaN NaN NaN NaN NaN NaN NaN NaN NaN NaN NaN NaN NaN 1.3387 1.3471 1.3576 1.3775 1.351 1.3785 1.3972 1.3802 1.4052 1.4099 1.4111
NaN NaN NaN NaN NaN NaN NaN NaN NaN NaN NaN NaN NaN NaN NaN NaN NaN NaN NaN NaN NaN NaN NaN NaN NaN NaN NaN NaN 1.3302 1.3921 1.3484 1.3536 1.3302 1.2668 1.2317 1.0913 0.4614
NaN NaN NaN NaN NaN NaN NaN NaN NaN NaN NaN NaN NaN NaN NaN NaN NaN NaN NaN NaN NaN NaN NaN NaN NaN NaN NaN NaN NaN NaN 1.313 1.2825 1.1941 1.0122 0.38522 NaN NaN
NaN NaN NaN NaN NaN NaN NaN NaN NaN NaN NaN NaN NaN NaN NaN NaN NaN NaN NaN NaN NaN NaN NaN NaN NaN NaN NaN NaN NaN NaN NaN NaN 0.92789 0.28978 NaN NaN NaN
NaN NaN NaN NaN NaN NaN NaN NaN NaN NaN NaN NaN NaN NaN NaN NaN NaN NaN NaN NaN NaN NaN NaN NaN NaN NaN NaN NaN NaN NaN NaN NaN NaN NaN NaN NaN NaN
NaN NaN NaN NaN NaN NaN NaN NaN NaN NaN NaN NaN NaN NaN NaN NaN NaN NaN NaN NaN NaN NaN NaN NaN NaN NaN NaN NaN NaN NaN NaN NaN NaN NaN NaN NaN NaN
NaN NaN NaN NaN NaN NaN NaN NaN NaN NaN NaN NaN NaN NaN NaN NaN NaN NaN NaN NaN NaN NaN NaN NaN NaN NaN NaN NaN NaN NaN NaN NaN NaN NaN NaN NaN NaN
