NaN NaN NaN NaN NaN NaN NaN NaN NaN NaN 1.4738 1.5656 1.5334 1.5801 1.5775 1.5144 1.4761 1.4709 1.4839 1.5045 1.525 1.5338 1.5441 1.5562 1.559 1.5694 1.5735 1.584 1.5908 1.5955 1.6019 1.6079 1.6199 1.6337 1.6465 1.6531 1.6579
NaN NaN NaN NaN NaN NaN NaN NaN NaN NaN NaN NaN NaN NaN 1.5719 1.4954 1.4535 1.4567 1.476 1.4961 1.5155 1.5271 1.5396 1.5509 1.5543 1.5639 1.5687 1.578 1.5848 1.5888 1.5954 1.5997 1.6122 1.628 1.6391 1.6456 1.65
NaN NaN NaN NaN NaN NaN NaN NaN 0.41942 0.38607 0.36484 0.33716 0.30184 0.26989 1.5828 1.4645 1.443 1.4512 1.472 1.4912 1.5091 1.5215 1.5341 1.5427 1.5494 1.5574 1.5623 1.5711 1.5781 1.5816 1.5867 1.5903 1.604 1.6205 1.6301 1.6366 1.6403
NaN NaN NaN NaN NaN NaN NaN NaN 0.75799 0.80456 0.85683 0.92961 1.032 1.2032 1.5098 1.3844 1.4211 1.4424 1.4648 1.4827 1.5014 1.5128 1.5258 1.5342 1.5416 1.5498 1.5556 1.5636 1.5705 1.5749 1.5787 1.583 1.5977 1.6114 1.6195 1.6257 1.6298
NaN NaN NaN NaN NaN NaN NaN NaN 0.96216 0.99748 1.0366 1.0913 1.1726 1.2815 1.4039 1.3244 1.3977 1.4276 1.4519 1.4718 1.4899 1.5026 1.5151 1.524 1.5316 1.5396 1.5454 1.5529 1.56 1.5641 1.5664 1.5721 1.5851 1.6014 1.61 1.6156 1.6204
NaN NaN NaN NaN NaN NaN NaN NaN 0.97869 1.0081 1.0526 1.1127 1.1904 1.2705 1.3369 1.2985 1.3749 1.4087 1.4361 1.4582 1.4768 1.49 1.5025 1.5118 1.5203 1.5281 1.5351 1.5422 1.5486 1.5542 1.5568 1.5633 1.5762 1.5919 1.6 1.6062 1.6099
NaN NaN NaN NaN NaN NaN NaN NaN 1.0094 1.0374 1.0839 1.1443 1.2059 1.2592 1.2993 1.2882 1.3576 1.3881 1.4173 1.4426 1.4624 1.4773 1.4911 1.5017 1.512 1.5199 1.5273 1.536 1.543 1.5492 1.5537 1.5621 1.571 1.5853 1.5922 1.5977 1.6011
NaN NaN NaN NaN NaN NaN NaN NaN 1.0166 1.0543 1.1023 1.1553 1.2016 1.2417 1.2767 1.2865 1.3458 1.3756 1.4006 1.4226 1.4415 1.4551 1.4676 1.4768 1.4856 1.5035 1.5081 1.4773 1.5322 1.5397 1.5435 1.5543 1.5659 1.577 1.5844 1.5894 1.5924
NaN NaN NaN NaN NaN NaN NaN NaN 1.0169 1.0746 1.1181 1.1613 1.1975 1.2315 1.2662 1.2875 1.3377 1.3666 1.3931 1.4159 1.4353 1.4558 1.4715 1.4872 1.5062 1.5328 1.5502 1.5144 1.5315 1.5362 1.5406 1.5524 1.5612 1.5731 1.582 1.5774 1.588
NaN NaN NaN NaN NaN NaN NaN NaN NaN 1.1117 1.1446 1.1757 1.2022 1.2313 1.2646 1.2925 1.3345 1.3585 1.384 1.4059 1.4271 1.4489 1.4667 1.4826 1.5005 1.521 1.5292 1.4991 1.5255 1.5319 1.5365 1.5486 1.5579 1.569 1.5792 1.5714 1.5828
NaN NaN NaN NaN NaN NaN NaN NaN NaN 1.1352 1.1677 1.1792 1.1966 1.2274 1.2642 1.2974 1.3367 1.3599 1.381 1.4023 1.426 1.4482 1.4651 1.4813 1.497 1.5134 1.5188 1.496 1.5219 1.5291 1.5359 1.5472 1.5562 1.5674 1.5758 1.5733 1.5787
NaN NaN NaN NaN NaN NaN NaN NaN NaN NaN 1.1648 1.1695 1.188 1.2297 1.2688 1.3034 1.339 1.3598 1.3802 1.4025 1.4236 1.4441 1.4609 1.4749 1.491 1.5051 1.5097 1.494 1.5183 1.5259 1.5349 1.5449 1.5543 1.5637 1.5696 1.5674 1.5726
NaN NaN NaN NaN NaN NaN NaN NaN NaN NaN NaN 1.1748 1.1936 1.2369 1.2762 1.3087 1.3378 1.3562 1.3781 1.4007 1.4216 1.4405 1.4576 1.4714 1.4858 1.4992 1.5037 1.4938 1.5151 1.5229 1.5322 1.5415 1.5498 1.5591 1.5622 1.5607 1.5655
NaN NaN NaN NaN NaN NaN NaN NaN NaN NaN NaN 1.1791 1.201 1.2356 1.2694 1.2993 1.3267 1.3449 1.367 1.3947 1.4178 1.4351 1.4519 1.4655 1.4793 1.492 1.4976 1.4909 1.5103 1.5183 1.529 1.5371 1.5441 1.5515 1.5544 1.5544 1.5576
NaN NaN NaN NaN NaN NaN NaN NaN NaN NaN NaN NaN 1.1835 1.2292 1.2441 1.2805 1.3136 1.3364 1.3609 1.3879 1.4113 1.4284 1.4452 1.4584 1.4731 1.4856 1.4917 1.4893 1.5053 1.5137 1.5244 1.5327 1.5396 1.545 1.5471 1.5467 1.5476
NaN NaN NaN NaN NaN NaN NaN NaN NaN NaN NaN NaN NaN 1.2517 1.2611 1.279 1.3168 1.3359 1.3583 1.3844 1.4061 1.4234 1.4397 1.4528 1.4657 1.4792 1.4845 1.4853 1.5003 1.5074 1.5197 1.5269 1.5332 1.5374 1.5388 1.5385 1.5372
NaN NaN NaN NaN NaN NaN NaN NaN NaN NaN NaN NaN NaN NaN 1.2695 1.2971 1.3092 1.3184 1.3435 1.373 1.3881 1.4123 1.429 1.4438 1.4595 1.4713 1.4786 1.4822 1.494 1.5023 1.5147 1.5218 1.5271 1.53 1.531 1.5296 1.5291
NaN NaN NaN NaN NaN NaN NaN NaN NaN NaN NaN NaN NaN NaN NaN 1.301 1.3081 1.3018 1.3277 1.3613 1.3789 1.4027 1.4191 1.4337 1.4488 1.4624 1.4695 1.4783 1.481 1.4923 1.5085 1.5167 1.5214 1.5231 1.5242 1.5228 1.5199
NaN NaN NaN NaN NaN NaN NaN NaN NaN NaN NaN NaN NaN NaN NaN NaN NaN 1.3134 1.3253 1.3451 1.3533 1.3851 1.4014 1.4152 1.433 1.4549 1.4648 1.4769 1.4807 1.4904 1.5024 1.5109 1.5148 1.5156 1.517 1.5147 1.5114
NaN NaN NaN NaN NaN NaN NaN NaN NaN NaN NaN NaN NaN NaN NaN NaN NaN NaN 1.3224 1.3511 1.3363 1.3695 1.3898 1.4003 1.4133 1.4435 1.4577 1.4606 1.4721 1.4837 1.4965 1.5055 1.5093 1.5089 1.5091 1.5068 1.5031
NaN NaN NaN NaN NaN NaN NaN NaN NaN NaN NaN NaN NaN NaN NaN NaN NaN NaN NaN NaN 1.3269 1.3834 1.3846 1.376 1.3806 1.426 1.4447 1.4408 1.4613 1.4752 1.4927 1.5008 1.5022 1.5014 1.5003 1.4983 1.4959
NaN NaN NaN NaN NaN NaN NaN NaN NaN NaN NaN NaN NaN NaN NaN NaN NaN NaN NaN NaN NaN NaN 1.3924 1.3904 1.37 1.4056 1.4238 1.4127 1.4455 1.4553 1.4661 1.4908 1.4927 1.4906 1.4885 1.4867 1.4851
NaN NaN NaN NaN NaN NaN NaN NaN NaN NaN NaN NaN NaN NaN NaN NaN NaN NaN NaN NaN NaN NaN NaN NaN 1.3673 1.3852 1.3758 1.3636 1.4015 1.4221 1.4207 1.4601 1.4724 1.4635 1.4685 1.4722 1.4633
NaN NaN NaN NaN NaN NaN NaN NaN NaN NaN NaN NaN NaN NaN NaN NaN NaN NaN NaN NaN NaN NaN NaN NaN NaN NaN 1.3631 1.3718 1.3831 1.4049 1.3768 1.4057 1.4253 1.4078 1.4338 1.4389 1.4399
NaN NaN NaN NaN NaN NaN NaN NaN NaN NaN NaN NaN NaN NaN NaN NaN NaN NaN NaN NaN NaN NaN NaN NaN NaN NaN NaN NaN 1.3537 1.418 1.3739 1.3794 1.3569 1.2926 1.258 1.1164 0.48171
NaN NaN NaN NaN NaN NaN NaN NaN NaN NaN NaN NaN NaN NaN NaN NaN NaN NaN NaN NaN NaN NaN NaN NaN NaN NaN NaN NaN NaN NaN 1.3319 1.3069 1.2183 1.0346 0.40163 NaN NaN
NaN NaN NaN NaN NaN NaN NaN NaN NaN NaN NaN NaN NaN NaN NaN NaN NaN NaN NaN NaN NaN NaN NaN NaN NaN NaN NaN NaN NaN NaN NaN NaN 0.94696 0.30151 NaN NaN NaN
NaN NaN NaN NaN NaN NaN NaN NaN NaN NaN NaN NaN NaN NaN NaN NaN NaN NaN NaN NaN NaN NaN NaN NaN NaN NaN NaN NaN NaN NaN NaN NaN NaN NaN NaN NaN NaN
NaN NaN NaN NaN NaN NaN NaN NaN NaN NaN NaN NaN NaN NaN NaN NaN NaN NaN NaN NaN NaN NaN NaN NaN NaN NaN NaN NaN NaN NaN NaN NaN NaN NaN NaN NaN NaN
NaN NaN NaN NaN NaN NaN NaN NaN NaN NaN NaN NaN NaN NaN NaN NaN NaN NaN NaN NaN NaN NaN NaN NaN NaN NaN NaN NaN NaN NaN NaN NaN NaN NaN NaN NaN NaN
