NaN NaN NaN NaN NaN NaN NaN NaN NaN NaN 1.3914 1.4813 1.4485 1.4936 1.4909 1.43 1.3934 1.3882 1.4004 1.4201 1.4399 1.4484 1.4584 1.4701 1.4729 1.483 1.487 1.4972 1.5039 1.5085 1.5148 1.5205 1.5321 1.5452 1.5575 1.5639 1.5685
NaN NaN NaN NaN NaN NaN NaN NaN NaN NaN NaN NaN NaN NaN 1.4831 1.4109 1.3715 1.3744 1.3928 1.4121 1.4309 1.4421 1.4542 1.4653 1.4686 1.478 1.4827 1.4918 1.4984 1.5023 1.5088 1.5129 1.5249 1.54 1.5506 1.5569 1.5613
NaN NaN NaN NaN NaN NaN NaN NaN 0.39067 0.35948 0.33955 0.31363 0.28058 0.25061 1.4936 1.3805 1.3609 1.3688 1.3887 1.4074 1.4248 1.4369 1.4492 1.4577 1.4643 1.472 1.4769 1.4855 1.4923 1.4959 1.5008 1.5042 1.5174 1.5331 1.5424 1.5487 1.5523
NaN NaN NaN NaN NaN NaN NaN NaN 0.70896 0.75288 0.80227 0.87116 0.96839 1.1313 1.4243 1.3044 1.3401 1.3604 1.3819 1.3993 1.4175 1.4288 1.4415 1.4499 1.4572 1.4651 1.4709 1.4787 1.4854 1.4898 1.4935 1.4976 1.5116 1.5248 1.5327 1.5387 1.5426
NaN NaN NaN NaN NaN NaN NaN NaN 0.90182 0.93531 0.97248 1.0246 1.1022 1.2065 1.3242 1.2477 1.318 1.3465 1.3698 1.3891 1.4068 1.4193 1.4316 1.4405 1.448 1.4559 1.4616 1.4689 1.4758 1.4799 1.4822 1.4877 1.5 1.5156 1.5239 1.5294 1.5341
NaN NaN NaN NaN NaN NaN NaN NaN 0.91842 0.94643 0.98873 1.046 1.1201 1.1968 1.2607 1.2232 1.2966 1.3287 1.3551 1.3765 1.3946 1.4076 1.42 1.4292 1.4377 1.4453 1.4522 1.4592 1.4653 1.4708 1.4734 1.4796 1.4918 1.5069 1.5147 1.5207 1.5244
NaN NaN NaN NaN NaN NaN NaN NaN 0.9479 0.97465 1.0188 1.0763 1.1352 1.1863 1.2249 1.2136 1.2803 1.3094 1.3374 1.3619 1.3811 1.3957 1.4093 1.4198 1.4299 1.4377 1.445 1.4535 1.4603 1.4663 1.4706 1.4786 1.4872 1.5008 1.5075 1.5128 1.5162
NaN NaN NaN NaN NaN NaN NaN NaN 0.9553 0.99104 1.0367 1.0873 1.1316 1.17 1.2035 1.2123 1.2693 1.2978 1.3219 1.3432 1.3616 1.3751 1.3875 1.3967 1.4055 1.4227 1.4275 1.3979 1.4502 1.4574 1.4611 1.4714 1.4825 1.4932 1.5003 1.5051 1.5081
NaN NaN NaN NaN NaN NaN NaN NaN 0.95616 1.0106 1.052 1.0932 1.1279 1.1603 1.1934 1.2134 1.2616 1.2893 1.3147 1.3367 1.3555 1.3754 1.3907 1.4061 1.4244 1.45 1.4669 1.4327 1.4497 1.4543 1.4584 1.4696 1.4781 1.4895 1.498 1.4938 1.504
NaN NaN NaN NaN NaN NaN NaN NaN NaN 1.0458 1.0772 1.1069 1.1322 1.1601 1.1919 1.2182 1.2586 1.2815 1.3061 1.3272 1.3477 1.3688 1.3862 1.4017 1.4191 1.4391 1.4473 1.4185 1.444 1.4502 1.4546 1.4661 1.475 1.4856 1.4954 1.4881 1.499
NaN NaN NaN NaN NaN NaN NaN NaN NaN 1.0683 1.0991 1.1103 1.127 1.1564 1.1914 1.2229 1.2607 1.2829 1.3032 1.3236 1.3465 1.3681 1.3846 1.4004 1.4158 1.4319 1.4374 1.4154 1.4405 1.4475 1.454 1.4647 1.4734 1.4841 1.4922 1.4899 1.4952
NaN NaN NaN NaN NaN NaN NaN NaN NaN NaN 1.0966 1.1012 1.1188 1.1585 1.1957 1.2286 1.2628 1.2827 1.3023 1.3239 1.3442 1.3642 1.3806 1.3943 1.4101 1.424 1.4287 1.4135 1.4371 1.4444 1.453 1.4626 1.4716 1.4807 1.4864 1.4844 1.4895
NaN NaN NaN NaN NaN NaN NaN NaN NaN NaN NaN 1.1061 1.124 1.1653 1.2026 1.2337 1.2617 1.2792 1.3002 1.322 1.3423 1.3606 1.3773 1.391 1.4052 1.4183 1.4229 1.4133 1.4339 1.4415 1.4505 1.4594 1.4674 1.4764 1.4794 1.4781 1.4827
NaN NaN NaN NaN NaN NaN NaN NaN NaN NaN NaN 1.1102 1.1311 1.1642 1.1965 1.225 1.2513 1.2687 1.2898 1.3163 1.3384 1.3555 1.3719 1.3853 1.3989 1.4114 1.417 1.4106 1.4294 1.4372 1.4475 1.4554 1.4621 1.4693 1.4721 1.4722 1.4754
NaN NaN NaN NaN NaN NaN NaN NaN NaN NaN NaN NaN 1.1152 1.1586 1.1728 1.2074 1.239 1.2607 1.2841 1.3099 1.3324 1.3491 1.3656 1.3786 1.393 1.4053 1.4115 1.4091 1.4247 1.4328 1.4432 1.4512 1.4579 1.4632 1.4653 1.465 1.4661
NaN NaN NaN NaN NaN NaN NaN NaN NaN NaN NaN NaN NaN 1.1796 1.1887 1.2058 1.242 1.2602 1.2816 1.3066 1.3275 1.3444 1.3604 1.3733 1.3861 1.3992 1.4046 1.4054 1.4199 1.4269 1.4388 1.4458 1.452 1.4561 1.4575 1.4574 1.4563
NaN NaN NaN NaN NaN NaN NaN NaN NaN NaN NaN NaN NaN NaN 1.1967 1.223 1.235 1.2438 1.2678 1.296 1.3106 1.3339 1.3502 1.3648 1.3802 1.3918 1.399 1.4025 1.414 1.4221 1.4341 1.4411 1.4463 1.4492 1.4503 1.4491 1.4487
NaN NaN NaN NaN NaN NaN NaN NaN NaN NaN NaN NaN NaN NaN NaN 1.2269 1.2339 1.2283 1.253 1.2851 1.302 1.325 1.3409 1.3553 1.3701 1.3834 1.3905 1.399 1.4017 1.4128 1.4283 1.4364 1.441 1.4428 1.4439 1.4428 1.4402
NaN NaN NaN NaN NaN NaN NaN NaN NaN NaN NaN NaN NaN NaN NaN NaN NaN 1.2393 1.2509 1.2701 1.278 1.3085 1.3244 1.3379 1.3551 1.3763 1.386 1.3977 1.4015 1.411 1.4228 1.431 1.4349 1.4358 1.4373 1.4352 1.4322
NaN NaN NaN NaN NaN NaN NaN NaN NaN NaN NaN NaN NaN NaN NaN NaN NaN NaN 1.2486 1.2762 1.2621 1.2939 1.3135 1.3238 1.3365 1.3656 1.3794 1.3824 1.3935 1.4048 1.4172 1.426 1.4299 1.4296 1.4299 1.4279 1.4244
NaN NaN NaN NaN NaN NaN NaN NaN NaN NaN NaN NaN NaN NaN NaN NaN NaN NaN NaN NaN 1.2535 1.3076 1.3089 1.301 1.3055 1.3492 1.3672 1.3636 1.3834 1.3968 1.4137 1.4217 1.4233 1.4226 1.4217 1.4199 1.4177
NaN NaN NaN NaN NaN NaN NaN NaN NaN NaN NaN NaN NaN NaN NaN NaN NaN NaN NaN NaN NaN NaN 1.3172 1.3153 1.2955 1.3299 1.3476 1.3371 1.3686 1.3781 1.3887 1.4124 1.4144 1.4125 1.4107 1.409 1.4076
NaN NaN NaN NaN NaN NaN NaN NaN NaN NaN NaN NaN NaN NaN NaN NaN NaN NaN NaN NaN NaN NaN NaN NaN 1.2935 1.3107 1.3026 1.2909 1.3272 1.3469 1.3456 1.3834 1.3953 1.387 1.3918 1.3954 1.387
NaN NaN NaN NaN NaN NaN NaN NaN NaN NaN NaN NaN NaN NaN NaN NaN NaN NaN NaN NaN NaN NaN NaN NaN NaN NaN 1.2897 1.2987 1.3098 1.3312 1.3042 1.3321 1.3509 1.3342 1.3591 1.3639 1.3649
NaN NaN NaN NaN NaN NaN NaN NaN NaN NaN NaN NaN NaN NaN NaN NaN NaN NaN NaN NaN NaN NaN NaN NaN NaN NaN NaN NaN 1.2824 1.3457 1.302 1.3076 1.2869 1.2263 1.1945 1.0619 0.46675
NaN NaN NaN NaN NaN NaN NaN NaN NaN NaN NaN NaN NaN NaN NaN NaN NaN NaN NaN NaN NaN NaN NaN NaN NaN NaN NaN NaN NaN NaN 1.2765 1.2396 1.1569 0.98422 0.38928 NaN NaN
NaN NaN NaN NaN NaN NaN NaN NaN NaN NaN NaN NaN NaN NaN NaN NaN NaN NaN NaN NaN NaN NaN NaN NaN NaN NaN NaN NaN NaN NaN NaN NaN 0.89986 0.2921 NaN NaN NaN
NaN NaN NaN NaN NaN NaN NaN NaN NaN NaN NaN NaN NaN NaN NaN NaN NaN NaN NaN NaN NaN NaN NaN NaN NaN NaN NaN NaN NaN NaN NaN NaN NaN NaN NaN NaN NaN
NaN NaN NaN NaN NaN NaN NaN NaN NaN NaN NaN NaN NaN NaN NaN NaN NaN NaN NaN NaN NaN NaN NaN NaN NaN NaN NaN NaN NaN NaN NaN NaN NaN NaN NaN NaN NaN
NaN NaN NaN NaN NaN NaN NaN NaN NaN NaN NaN NaN NaN NaN NaN NaN NaN NaN NaN NaN NaN NaN NaN NaN NaN NaN NaN NaN NaN NaN NaN NaN NaN NaN NaN NaN NaN
