NaN NaN NaN NaN NaN NaN NaN NaN NaN NaN 1.4556 1.5627 1.5352 1.5892 1.5876 1.5216 1.4799 1.4727 1.4854 1.5073 1.5296 1.5392 1.5508 1.564 1.5675 1.5794 1.5843 1.5959 1.6038 1.6098 1.6174 1.6243 1.6373 1.6516 1.6651 1.6723 1.6776
NaN NaN NaN NaN NaN NaN NaN NaN NaN NaN NaN NaN NaN NaN 1.5643 1.4954 1.4543 1.4558 1.4757 1.4977 1.5192 1.5319 1.546 1.5588 1.563 1.5743 1.5799 1.5904 1.5983 1.6035 1.6113 1.6163 1.6296 1.6461 1.6578 1.6648 1.6698
NaN NaN NaN NaN NaN NaN NaN NaN 0.39207 0.36024 0.33965 0.31306 0.27933 0.24865 1.5743 1.4574 1.4401 1.4476 1.4698 1.4915 1.5118 1.5259 1.5405 1.5508 1.5587 1.5683 1.5741 1.5842 1.5923 1.597 1.6031 1.6072 1.6218 1.6389 1.6492 1.6563 1.6604
NaN NaN NaN NaN NaN NaN NaN NaN 0.72268 0.76882 0.82115 0.89468 0.99978 1.1774 1.5019 1.374 1.4166 1.4374 1.4618 1.4822 1.5036 1.517 1.5324 1.5427 1.5517 1.5614 1.5683 1.5776 1.5855 1.591 1.5957 1.6006 1.6161 1.6304 1.6392 1.6459 1.6505
NaN NaN NaN NaN NaN NaN NaN NaN 0.92704 0.96301 1.0033 1.0603 1.1457 1.262 1.396 1.3125 1.3925 1.4223 1.4486 1.4711 1.4919 1.5069 1.5221 1.5332 1.5426 1.5523 1.5593 1.568 1.5761 1.5811 1.5842 1.5904 1.604 1.621 1.63 1.6363 1.6417
NaN NaN NaN NaN NaN NaN NaN NaN 0.94817 0.97863 1.0245 1.087 1.1687 1.2545 1.3274 1.2858 1.3693 1.4034 1.4329 1.4575 1.4789 1.4946 1.5099 1.5215 1.5321 1.5417 1.5499 1.5581 1.5653 1.5718 1.575 1.582 1.5955 1.6119 1.6205 1.6273 1.6316
NaN NaN NaN NaN NaN NaN NaN NaN 0.98109 1.0102 1.0583 1.1213 1.1864 1.2439 1.2878 1.2753 1.3515 1.3829 1.4141 1.4419 1.4643 1.4817 1.4984 1.5114 1.5238 1.5335 1.5422 1.552 1.56 1.5669 1.572 1.581 1.5906 1.6056 1.6128 1.6189 1.6228
NaN NaN NaN NaN NaN NaN NaN NaN 0.99065 1.0293 1.0791 1.1346 1.1837 1.2267 1.264 1.2741 1.3395 1.3706 1.398 1.4226 1.4443 1.4606 1.4761 1.4879 1.4989 1.5181 1.5233 1.4946 1.5501 1.5574 1.5618 1.5733 1.5855 1.5972 1.6049 1.6103 1.6138
NaN NaN NaN NaN NaN NaN NaN NaN 0.99381 1.0511 1.0964 1.1417 1.18 1.216 1.2524 1.2752 1.3306 1.3608 1.3895 1.4147 1.4366 1.4594 1.4774 1.4953 1.5163 1.5445 1.5634 1.5298 1.5498 1.5539 1.5586 1.5711 1.5805 1.5929 1.602 1.5978 1.609
NaN NaN NaN NaN NaN NaN NaN NaN NaN 1.0887 1.1232 1.1561 1.184 1.2148 1.2499 1.2801 1.3269 1.3519 1.3795 1.404 1.4277 1.4518 1.4721 1.4904 1.5107 1.5336 1.543 1.5142 1.5434 1.5493 1.5541 1.5669 1.5767 1.5883 1.5986 1.5912 1.6034
NaN NaN NaN NaN NaN NaN NaN NaN NaN 1.1134 1.1469 1.1595 1.178 1.2103 1.2488 1.2847 1.3283 1.3525 1.3749 1.3984 1.4254 1.4502 1.4696 1.4884 1.5067 1.5254 1.5317 1.5098 1.5389 1.5458 1.5528 1.5647 1.5742 1.5859 1.5946 1.5925 1.5987
NaN NaN NaN NaN NaN NaN NaN NaN NaN NaN 1.1445 1.1499 1.1688 1.2119 1.2528 1.2904 1.3299 1.3514 1.3726 1.3973 1.4219 1.4454 1.4647 1.4813 1.5001 1.5163 1.5215 1.5067 1.5343 1.5418 1.5512 1.5619 1.5718 1.5819 1.5881 1.5861 1.5921
NaN NaN NaN NaN NaN NaN NaN NaN NaN NaN NaN 1.154 1.1735 1.2186 1.2598 1.2956 1.3283 1.3469 1.3698 1.3943 1.4188 1.4409 1.4606 1.4771 1.4941 1.5095 1.5145 1.5056 1.53 1.5381 1.548 1.5582 1.5671 1.577 1.5803 1.579 1.5845
NaN NaN NaN NaN NaN NaN NaN NaN NaN NaN NaN 1.1584 1.1811 1.2177 1.2537 1.2867 1.3171 1.3354 1.3582 1.3877 1.414 1.4348 1.4543 1.4706 1.487 1.5015 1.5076 1.5021 1.5244 1.5329 1.5445 1.5536 1.5612 1.5692 1.5722 1.5725 1.5764
NaN NaN NaN NaN NaN NaN NaN NaN NaN NaN NaN NaN 1.1668 1.2139 1.2294 1.2682 1.3036 1.3263 1.3517 1.3804 1.4067 1.4274 1.4471 1.4629 1.4801 1.4944 1.5011 1.4999 1.5188 1.5278 1.5396 1.5489 1.5566 1.5626 1.5649 1.5647 1.5663
NaN NaN NaN NaN NaN NaN NaN NaN NaN NaN NaN NaN NaN 1.2354 1.2459 1.2658 1.3059 1.3249 1.3485 1.3763 1.4007 1.4216 1.4411 1.4568 1.4723 1.4875 1.4934 1.4957 1.5132 1.5211 1.5347 1.543 1.5502 1.5549 1.5566 1.5567 1.5559
NaN NaN NaN NaN NaN NaN NaN NaN NaN NaN NaN NaN NaN NaN 1.2546 1.2843 1.2986 1.3077 1.3338 1.3654 1.3828 1.4102 1.43 1.4475 1.4657 1.4791 1.4872 1.4924 1.5064 1.5157 1.5296 1.5379 1.5441 1.5475 1.5488 1.5478 1.5478
NaN NaN NaN NaN NaN NaN NaN NaN NaN NaN NaN NaN NaN NaN NaN 1.2886 1.2977 1.2915 1.3186 1.3541 1.3731 1.4004 1.4198 1.4372 1.4547 1.47 1.4779 1.4883 1.4932 1.5056 1.5233 1.5328 1.5384 1.5407 1.5421 1.5411 1.5386
NaN NaN NaN NaN NaN NaN NaN NaN NaN NaN NaN NaN NaN NaN NaN NaN NaN 1.3038 1.317 1.3389 1.348 1.3831 1.4022 1.4185 1.4385 1.462 1.4727 1.4868 1.4926 1.5037 1.5173 1.527 1.5319 1.5332 1.5351 1.5331 1.5301
NaN NaN NaN NaN NaN NaN NaN NaN NaN NaN NaN NaN NaN NaN NaN NaN NaN NaN 1.3161 1.3474 1.3317 1.3671 1.3906 1.4035 1.4184 1.4504 1.4657 1.4708 1.484 1.497 1.5113 1.5216 1.5265 1.5267 1.5273 1.5253 1.5218
NaN NaN NaN NaN NaN NaN NaN NaN NaN NaN NaN NaN NaN NaN NaN NaN NaN NaN NaN NaN 1.3236 1.3839 1.3865 1.3797 1.3851 1.4328 1.4528 1.4509 1.4732 1.4883 1.5076 1.517 1.5195 1.5193 1.5186 1.5168 1.5145
NaN NaN NaN NaN NaN NaN NaN NaN NaN NaN NaN NaN NaN NaN NaN NaN NaN NaN NaN NaN NaN NaN 1.3946 1.3956 1.3747 1.4133 1.4326 1.4226 1.4576 1.4685 1.4809 1.5071 1.5099 1.5085 1.5068 1.5051 1.5035
NaN NaN NaN NaN NaN NaN NaN NaN NaN NaN NaN NaN NaN NaN NaN NaN NaN NaN NaN NaN NaN NaN NaN NaN 1.3699 1.3947 1.3871 1.3752 1.4148 1.436 1.4354 1.4763 1.4894 1.4814 1.4868 1.4903 1.4811
NaN NaN NaN NaN NaN NaN NaN NaN NaN NaN NaN NaN NaN NaN NaN NaN NaN NaN NaN NaN NaN NaN NaN NaN NaN NaN 1.3693 1.3843 1.3977 1.4203 1.3934 1.4233 1.4427 1.4253 1.4516 1.4559 1.457
NaN NaN NaN NaN NaN NaN NaN NaN NaN NaN NaN NaN NaN NaN NaN NaN NaN NaN NaN NaN NaN NaN NaN NaN NaN NaN NaN NaN 1.3621 1.4353 1.3935 1.4011 1.379 1.3156 1.2845 1.1483 0.53829
NaN NaN NaN NaN NaN NaN NaN NaN NaN NaN NaN NaN NaN NaN NaN NaN NaN NaN NaN NaN NaN NaN NaN NaN NaN NaN NaN NaN NaN NaN 1.3412 1.3321 1.2474 1.0677 0.45067 NaN NaN
NaN NaN NaN NaN NaN NaN NaN NaN NaN NaN NaN NaN NaN NaN NaN NaN NaN NaN NaN NaN NaN NaN NaN NaN NaN NaN NaN NaN NaN NaN NaN NaN 0.97292 0.33837 NaN NaN NaN
NaN NaN NaN NaN NaN NaN NaN NaN NaN NaN NaN NaN NaN NaN NaN NaN NaN NaN NaN NaN NaN NaN NaN NaN NaN NaN NaN NaN NaN NaN NaN NaN NaN NaN NaN NaN NaN
NaN NaN NaN NaN NaN NaN NaN NaN NaN NaN NaN NaN NaN NaN NaN NaN NaN NaN NaN NaN NaN NaN NaN NaN NaN NaN NaN NaN NaN NaN NaN NaN NaN NaN NaN NaN NaN
NaN NaN NaN NaN NaN NaN NaN NaN NaN NaN NaN NaN NaN NaN NaN NaN NaN NaN NaN NaN NaN NaN NaN NaN NaN NaN NaN NaN NaN NaN NaN NaN NaN NaN NaN NaN NaN
