NaN NaN NaN NaN NaN NaN NaN NaN NaN NaN 1.3446 1.4319 1.4003 1.444 1.4414 1.3824 1.3466 1.3414 1.3532 1.3722 1.3913 1.3995 1.4091 1.4203 1.423 1.4328 1.4367 1.4465 1.4529 1.4575 1.4636 1.4692 1.4804 1.4931 1.5049 1.5111 1.5156
NaN NaN NaN NaN NaN NaN NaN NaN NaN NaN NaN NaN NaN NaN 1.4332 1.3638 1.3255 1.328 1.3457 1.3644 1.3825 1.3933 1.405 1.4155 1.4188 1.4279 1.4325 1.4412 1.4476 1.4514 1.4577 1.4618 1.4734 1.488 1.4982 1.5043 1.5085
NaN NaN NaN NaN NaN NaN NaN NaN 0.37562 0.34558 0.32639 0.30142 0.26961 0.2408 1.4432 1.3341 1.3151 1.3225 1.3417 1.3598 1.3765 1.3882 1.4 1.4082 1.4145 1.4221 1.4268 1.4351 1.4417 1.4451 1.4499 1.4533 1.466 1.4812 1.4902 1.4963 1.4997
NaN NaN NaN NaN NaN NaN NaN NaN 0.6839 0.72628 0.77381 0.84015 0.93416 1.0919 1.3762 1.2603 1.2948 1.3143 1.3351 1.3519 1.3695 1.3803 1.3926 1.4006 1.4077 1.4154 1.421 1.4285 1.4349 1.4392 1.4428 1.4468 1.4604 1.4731 1.4807 1.4865 1.4903
NaN NaN NaN NaN NaN NaN NaN NaN 0.87008 0.90243 0.93823 0.98855 1.0637 1.1648 1.2792 1.2053 1.2734 1.3008 1.3234 1.342 1.3591 1.3711 1.383 1.3915 1.3988 1.4064 1.412 1.419 1.4256 1.4296 1.4318 1.4372 1.4491 1.4642 1.4721 1.4775 1.482
NaN NaN NaN NaN NaN NaN NaN NaN 0.88594 0.91305 0.95392 1.0093 1.0811 1.1556 1.2176 1.1816 1.2527 1.2836 1.3091 1.3297 1.3472 1.3598 1.3717 1.3806 1.3888 1.3962 1.4028 1.4095 1.4154 1.4207 1.4232 1.4293 1.4412 1.4557 1.4632 1.469 1.4725
NaN NaN NaN NaN NaN NaN NaN NaN 0.91431 0.94018 0.98296 1.0387 1.0957 1.1454 1.1828 1.1721 1.2368 1.265 1.292 1.3156 1.3342 1.3482 1.3613 1.3714 1.3812 1.3887 1.3957 1.4039 1.4105 1.4162 1.4205 1.4283 1.4366 1.4498 1.4562 1.4613 1.4646
NaN NaN NaN NaN NaN NaN NaN NaN 0.92142 0.95603 1.0003 1.0493 1.0922 1.1295 1.1619 1.1708 1.2261 1.2536 1.277 1.2976 1.3154 1.3284 1.3403 1.3492 1.3576 1.374 1.3782 1.351 1.4008 1.4076 1.4113 1.4213 1.432 1.4423 1.4491 1.4538 1.4566
NaN NaN NaN NaN NaN NaN NaN NaN 0.92239 0.97493 1.0151 1.0551 1.0886 1.1201 1.1521 1.1717 1.2186 1.2453 1.27 1.2913 1.3095 1.3286 1.3432 1.358 1.3756 1.4001 1.4162 1.3842 1.4003 1.4045 1.4085 1.4195 1.4277 1.4387 1.4468 1.4427 1.4525
NaN NaN NaN NaN NaN NaN NaN NaN NaN 1.0089 1.0393 1.0682 1.0927 1.1196 1.1505 1.1762 1.2156 1.2374 1.2612 1.2819 1.3018 1.3221 1.3388 1.3537 1.3705 1.3896 1.3972 1.3702 1.3948 1.4005 1.4047 1.416 1.4246 1.4349 1.4441 1.4372 1.4477
NaN NaN NaN NaN NaN NaN NaN NaN NaN 1.0306 1.0605 1.0713 1.0875 1.116 1.1499 1.1806 1.2174 1.2387 1.258 1.2782 1.3005 1.3213 1.3372 1.3524 1.3672 1.3826 1.3875 1.3671 1.3913 1.3979 1.4041 1.4145 1.423 1.4333 1.441 1.4389 1.4439
NaN NaN NaN NaN NaN NaN NaN NaN NaN NaN 1.0581 1.0626 1.0795 1.1179 1.1539 1.1861 1.2193 1.2384 1.2571 1.2781 1.298 1.3174 1.3332 1.3464 1.3616 1.3748 1.3791 1.365 1.3879 1.3948 1.4031 1.4124 1.4211 1.4298 1.4353 1.4334 1.4383
NaN NaN NaN NaN NaN NaN NaN NaN NaN NaN NaN 1.0672 1.0844 1.1244 1.1605 1.1909 1.2182 1.2349 1.2551 1.276 1.296 1.3139 1.33 1.3431 1.3568 1.3693 1.3734 1.3647 1.3847 1.3919 1.4005 1.4092 1.417 1.4256 1.4285 1.4272 1.4317
NaN NaN NaN NaN NaN NaN NaN NaN NaN NaN NaN 1.0711 1.0913 1.1233 1.1546 1.1824 1.208 1.2245 1.2449 1.2704 1.2921 1.3088 1.3247 1.3376 1.3507 1.3625 1.3677 1.3619 1.3802 1.3876 1.3976 1.4052 1.4118 1.4187 1.4213 1.4214 1.4245
NaN NaN NaN NaN NaN NaN NaN NaN NaN NaN NaN NaN 1.0762 1.1181 1.1318 1.1654 1.1959 1.2167 1.2393 1.2642 1.2861 1.3025 1.3185 1.331 1.3449 1.3566 1.3622 1.3603 1.3756 1.3834 1.3934 1.4011 1.4077 1.4128 1.4147 1.4144 1.4154
NaN NaN NaN NaN NaN NaN NaN NaN NaN NaN NaN NaN NaN 1.1383 1.1472 1.1638 1.1987 1.2161 1.2367 1.2609 1.2812 1.2977 1.3133 1.3258 1.3381 1.3507 1.3556 1.3567 1.3709 1.3776 1.3891 1.3959 1.4019 1.4058 1.4072 1.407 1.4059
NaN NaN NaN NaN NaN NaN NaN NaN NaN NaN NaN NaN NaN NaN 1.1549 1.1804 1.1919 1.2003 1.2233 1.2506 1.2649 1.2876 1.3035 1.3176 1.3324 1.3434 1.3502 1.3538 1.3651 1.3729 1.3845 1.3913 1.3963 1.3991 1.4001 1.3989 1.3985
NaN NaN NaN NaN NaN NaN NaN NaN NaN NaN NaN NaN NaN NaN NaN 1.184 1.1909 1.1853 1.2091 1.24 1.2564 1.2788 1.2944 1.3084 1.3226 1.3353 1.3419 1.3502 1.3532 1.3638 1.3789 1.3867 1.3912 1.3929 1.3939 1.3928 1.3902
NaN NaN NaN NaN NaN NaN NaN NaN NaN NaN NaN NaN NaN NaN NaN NaN NaN 1.196 1.2071 1.2256 1.2333 1.2629 1.2784 1.2915 1.3081 1.3284 1.3375 1.349 1.353 1.3621 1.3734 1.3814 1.3853 1.3861 1.3875 1.3854 1.3825
NaN NaN NaN NaN NaN NaN NaN NaN NaN NaN NaN NaN NaN NaN NaN NaN NaN NaN 1.205 1.2317 1.218 1.2488 1.2679 1.278 1.2902 1.318 1.3311 1.3343 1.3451 1.3561 1.368 1.3765 1.3803 1.3801 1.3803 1.3783 1.375
NaN NaN NaN NaN NaN NaN NaN NaN NaN NaN NaN NaN NaN NaN NaN NaN NaN NaN NaN NaN 1.2098 1.2621 1.2635 1.2561 1.2602 1.3021 1.3194 1.3163 1.3354 1.3483 1.3646 1.3723 1.3739 1.3733 1.3724 1.3706 1.3684
NaN NaN NaN NaN NaN NaN NaN NaN NaN NaN NaN NaN NaN NaN NaN NaN NaN NaN NaN NaN NaN NaN 1.2716 1.27 1.2505 1.2839 1.3006 1.2908 1.3211 1.3303 1.3405 1.3633 1.3653 1.3635 1.3617 1.36 1.3586
NaN NaN NaN NaN NaN NaN NaN NaN NaN NaN NaN NaN NaN NaN NaN NaN NaN NaN NaN NaN NaN NaN NaN NaN 1.2487 1.2657 1.2575 1.2465 1.2815 1.3003 1.2992 1.3354 1.3468 1.3389 1.3435 1.3468 1.3386
NaN NaN NaN NaN NaN NaN NaN NaN NaN NaN NaN NaN NaN NaN NaN NaN NaN NaN NaN NaN NaN NaN NaN NaN NaN NaN 1.2449 1.2543 1.2651 1.285 1.2598 1.2863 1.3041 1.2882 1.3118 1.3162 1.3172
NaN NaN NaN NaN NaN NaN NaN NaN NaN NaN NaN NaN NaN NaN NaN NaN NaN NaN NaN NaN NaN NaN NaN NaN NaN NaN NaN NaN 1.2384 1.3 1.2578 1.2633 1.2429 1.1845 1.1536 1.0255 0.45156
NaN NaN NaN NaN NaN NaN NaN NaN NaN NaN NaN NaN NaN NaN NaN NaN NaN NaN NaN NaN NaN NaN NaN NaN NaN NaN NaN NaN NaN NaN 1.2392 1.1979 1.118 0.95129 0.37731 NaN NaN
NaN NaN NaN NaN NaN NaN NaN NaN NaN NaN NaN NaN NaN NaN NaN NaN NaN NaN NaN NaN NaN NaN NaN NaN NaN NaN NaN NaN NaN NaN NaN NaN 0.86955 0.28362 NaN NaN NaN
NaN NaN NaN NaN NaN NaN NaN NaN NaN NaN NaN NaN NaN NaN NaN NaN NaN NaN NaN NaN NaN NaN NaN NaN NaN NaN NaN NaN NaN NaN NaN NaN NaN NaN NaN NaN NaN
NaN NaN NaN NaN NaN NaN NaN NaN NaN NaN NaN NaN NaN NaN NaN NaN NaN NaN NaN NaN NaN NaN NaN NaN NaN NaN NaN NaN NaN NaN NaN NaN NaN NaN NaN NaN NaN
NaN NaN NaN NaN NaN NaN NaN NaN NaN NaN NaN NaN NaN NaN NaN NaN NaN NaN NaN NaN NaN NaN NaN NaN NaN NaN NaN NaN NaN NaN NaN NaN NaN NaN NaN NaN NaN
