NaN NaN NaN NaN NaN NaN NaN NaN NaN NaN 1.8249 2.0894 2.1643 2.3709 2.4607 2.6077 2.7488 2.756 2.8046 2.8725 2.9429 2.9764 3.0129 3.0496 3.0616 3.0952 3.1106 3.1431 3.1683 3.1926 3.2205 3.2446 3.2799 3.3137 3.3464 3.3656 3.382
NaN NaN NaN NaN NaN NaN NaN NaN NaN NaN NaN NaN NaN NaN 2.1414 2.3145 2.6296 2.6596 2.7325 2.8127 2.8905 2.9378 2.9864 3.0291 3.0479 3.0828 3.1003 3.1315 3.1572 3.1797 3.2075 3.226 3.2607 3.2979 3.3265 3.3458 3.3621
NaN NaN NaN NaN NaN NaN NaN NaN 0.37087 0.33272 0.30341 0.26802 0.22518 0.18197 2.1326 2.1868 2.5422 2.5878 2.6714 2.758 2.8407 2.8994 2.9572 3.0017 3.0335 3.068 3.0884 3.1201 3.147 3.1677 3.1913 3.2069 3.2432 3.2812 3.3064 3.3262 3.3409
NaN NaN NaN NaN NaN NaN NaN NaN 0.80171 0.86839 0.94976 1.0686 1.2464 1.5522 2.1329 2.134 2.4669 2.5316 2.6211 2.7069 2.7946 2.8576 2.9234 2.9731 3.0124 3.05 3.0756 3.1074 3.1345 3.1563 3.1769 3.1938 3.2316 3.2638 3.2857 3.3049 3.3204
NaN NaN NaN NaN NaN NaN NaN NaN 1.1305 1.193 1.2688 1.3781 1.5451 1.7814 2.0786 2.0766 2.4034 2.482 2.5733 2.6608 2.7477 2.8175 2.8878 2.9431 2.9882 3.0293 3.0582 3.0903 3.1185 3.1393 3.1556 3.1739 3.2061 3.2433 3.2652 3.2837 3.3008
NaN NaN NaN NaN NaN NaN NaN NaN 1.2227 1.2818 1.3692 1.4916 1.6568 1.8437 2.0262 2.0532 2.3469 2.4346 2.528 2.6166 2.7034 2.7768 2.8501 2.9092 2.9604 3.0037 3.0372 3.069 3.0958 3.1191 3.1343 3.1541 3.1863 3.2232 3.2442 3.264 3.2791
NaN NaN NaN NaN NaN NaN NaN NaN 1.3119 1.3707 1.465 1.5919 1.7312 1.8675 1.9905 2.0493 2.3038 2.3889 2.4815 2.5721 2.658 2.7344 2.8107 2.8741 2.9312 2.976 3.012 3.0477 3.0768 3.102 3.1211 3.1461 3.1717 3.2071 3.225 3.243 3.2568
NaN NaN NaN NaN NaN NaN NaN NaN 1.3621 1.4369 1.5363 1.6518 1.7623 1.8679 1.9716 2.059 2.2737 2.3604 2.4473 2.5317 2.6154 2.6906 2.7666 2.8302 2.8861 2.9488 2.9751 2.9297 3.0571 3.0739 3.092 3.1231 3.1542 3.1839 3.2028 3.2192 3.2321
NaN NaN NaN NaN NaN NaN NaN NaN 1.4046 1.4983 1.5916 1.6889 1.7773 1.8659 1.9642 2.068 2.2484 2.3321 2.4173 2.4982 2.5759 2.6581 2.7328 2.803 2.8734 2.954 3.0144 2.9729 3.0517 3.0597 3.076 3.1093 3.1343 3.1659 3.188 3.1853 3.2159
NaN NaN NaN NaN NaN NaN NaN NaN NaN 1.5752 1.6512 1.7267 1.7943 1.8711 1.9667 2.0812 2.2361 2.3093 2.3914 2.4673 2.5448 2.6279 2.7056 2.7788 2.8527 2.9297 2.9738 2.9328 3.0276 3.0417 3.0573 3.0907 3.1154 3.145 3.1699 3.1614 3.1973
NaN NaN NaN NaN NaN NaN NaN NaN NaN 1.6342 1.7046 1.7442 1.7922 1.8708 1.9707 2.0912 2.23 2.3009 2.3717 2.4424 2.524 2.6074 2.6831 2.7584 2.8309 2.9016 2.9369 2.905 3.0009 3.0205 3.0411 3.0731 3.0971 3.1271 3.1504 3.1526 3.1779
NaN NaN NaN NaN NaN NaN NaN NaN NaN NaN 1.7112 1.7384 1.7833 1.8781 1.9815 2.1023 2.2274 2.2918 2.3565 2.429 2.5062 2.5862 2.6608 2.7318 2.8055 2.8704 2.9012 2.8817 2.9736 2.997 3.0247 3.0557 3.082 3.1097 3.1292 3.1311 3.1553
NaN NaN NaN NaN NaN NaN NaN NaN NaN NaN NaN 1.7427 1.7923 1.8933 1.9979 2.1142 2.2215 2.2776 2.343 2.4145 2.4904 2.5664 2.6406 2.7105 2.7808 2.8426 2.8717 2.8648 2.9484 2.9753 3.007 3.0385 3.0643 3.0923 3.1061 3.1095 3.1326
NaN NaN NaN NaN NaN NaN NaN NaN NaN NaN NaN 1.7523 1.814 1.9033 2.0003 2.1075 2.2041 2.2561 2.3165 2.3952 2.4747 2.5471 2.62 2.6881 2.7561 2.8147 2.8456 2.8463 2.9231 2.9525 2.9903 3.0209 3.0452 3.0696 3.0828 3.0902 3.1098
NaN NaN NaN NaN NaN NaN NaN NaN NaN NaN NaN NaN 1.8006 1.9034 1.9736 2.0826 2.1803 2.2353 2.2975 2.3759 2.4567 2.5272 2.5992 2.6647 2.733 2.7897 2.8216 2.8323 2.8997 2.9318 2.9717 3.0034 3.0291 3.0506 3.0633 3.0707 3.0858
NaN NaN NaN NaN NaN NaN NaN NaN NaN NaN NaN NaN NaN 1.8986 1.9633 2.0747 2.1777 2.224 2.2838 2.3628 2.4407 2.511 2.5819 2.6464 2.7102 2.7678 2.7981 2.817 2.8791 2.9097 2.9548 2.9856 3.0116 3.0313 3.0432 3.052 3.0621
NaN NaN NaN NaN NaN NaN NaN NaN NaN NaN NaN NaN NaN NaN 1.9311 2.0483 2.1699 2.1931 2.2576 2.3467 2.4051 2.4879 2.5572 2.6233 2.6907 2.7438 2.7786 2.8047 2.8573 2.8912 2.9382 2.9696 2.995 3.0124 3.024 3.0312 3.0425
NaN NaN NaN NaN NaN NaN NaN NaN NaN NaN NaN NaN NaN NaN NaN 1.99 2.0895 2.1701 2.2336 2.3249 2.3812 2.4677 2.5356 2.601 2.666 2.7217 2.7561 2.7937 2.8249 2.8663 2.9202 2.954 2.9789 2.9944 3.0069 3.0149 3.0211
NaN NaN NaN NaN NaN NaN NaN NaN NaN NaN NaN NaN NaN NaN NaN NaN NaN 2.1031 2.2265 2.3054 2.334 2.4391 2.5042 2.564 2.6292 2.6984 2.7371 2.7845 2.8158 2.8578 2.9045 2.9389 2.9625 2.9764 2.9906 2.9966 3.0015
NaN NaN NaN NaN NaN NaN NaN NaN NaN NaN NaN NaN NaN NaN NaN NaN NaN NaN 2.0906 2.1964 2.294 2.411 2.4826 2.5341 2.5867 2.6723 2.7207 2.7527 2.797 2.8409 2.8888 2.925 2.9486 2.9607 2.9731 2.9791 2.9821
NaN NaN NaN NaN NaN NaN NaN NaN NaN NaN NaN NaN NaN NaN NaN NaN NaN NaN NaN NaN 2.1142 2.2589 2.434 2.4901 2.5181 2.6361 2.6942 2.7111 2.7739 2.819 2.8775 2.9129 2.9323 2.9439 2.954 2.96 2.9642
NaN NaN NaN NaN NaN NaN NaN NaN NaN NaN NaN NaN NaN NaN NaN NaN NaN NaN NaN NaN NaN NaN 2.0791 2.1704 2.3648 2.5945 2.655 2.6531 2.7448 2.7795 2.8235 2.8918 2.9107 2.9212 2.9296 2.9348 2.9387
NaN NaN NaN NaN NaN NaN NaN NaN NaN NaN NaN NaN NaN NaN NaN NaN NaN NaN NaN NaN NaN NaN NaN NaN 2.0317 2.3216 2.5605 2.5723 2.6705 2.7219 2.7324 2.8316 2.868 2.8668 2.8902 2.9035 2.8902
NaN NaN NaN NaN NaN NaN NaN NaN NaN NaN NaN NaN NaN NaN NaN NaN NaN NaN NaN NaN NaN NaN NaN NaN NaN NaN 2.1998 2.31 2.5422 2.6859 2.6321 2.7388 2.782 2.7555 2.8204 2.8282 2.8355
NaN NaN NaN NaN NaN NaN NaN NaN NaN NaN NaN NaN NaN NaN NaN NaN NaN NaN NaN NaN NaN NaN NaN NaN NaN NaN NaN NaN 2.0318 2.162 2.3038 2.422 2.6333 2.5986 2.6011 2.4286 1.5861
NaN NaN NaN NaN NaN NaN NaN NaN NaN NaN NaN NaN NaN NaN NaN NaN NaN NaN NaN NaN NaN NaN NaN NaN NaN NaN NaN NaN NaN NaN 1.7413 2.1459 2.3749 2.2496 1.3314 NaN NaN
NaN NaN NaN NaN NaN NaN NaN NaN NaN NaN NaN NaN NaN NaN NaN NaN NaN NaN NaN NaN NaN NaN NaN NaN NaN NaN NaN NaN NaN NaN NaN NaN 1.8494 0.98427 NaN NaN NaN
NaN NaN NaN NaN NaN NaN NaN NaN NaN NaN NaN NaN NaN NaN NaN NaN NaN NaN NaN NaN NaN NaN NaN NaN NaN NaN NaN NaN NaN NaN NaN NaN NaN NaN NaN NaN NaN
NaN NaN NaN NaN NaN NaN NaN NaN NaN NaN NaN NaN NaN NaN NaN NaN NaN NaN NaN NaN NaN NaN NaN NaN NaN NaN NaN NaN NaN NaN NaN NaN NaN NaN NaN NaN NaN
NaN NaN NaN NaN NaN NaN NaN NaN NaN NaN NaN NaN NaN NaN NaN NaN NaN NaN NaN NaN NaN NaN NaN NaN NaN NaN NaN NaN NaN NaN NaN NaN NaN NaN NaN NaN NaN
