NaN NaN NaN NaN NaN NaN NaN NaN NaN NaN 1.7328 1.9822 2.0317 2.1913 2.2328 2.254 2.2314 2.2281 2.2634 2.3152 2.3701 2.3963 2.4248 2.4542 2.4636 2.4896 2.5016 2.5274 2.5473 2.566 2.5874 2.6059 2.6335 2.6604 2.6866 2.7019 2.7148
NaN NaN NaN NaN NaN NaN NaN NaN NaN NaN NaN NaN NaN NaN 1.9898 2.0743 2.1453 2.1575 2.2109 2.2716 2.3317 2.3685 2.4062 2.44 2.4544 2.4814 2.495 2.5198 2.54 2.5572 2.5786 2.5927 2.6198 2.6497 2.6726 2.6881 2.7008
NaN NaN NaN NaN NaN NaN NaN NaN 0.33387 0.30116 0.27693 0.24736 0.21123 0.17515 1.9892 1.9565 2.0802 2.1051 2.1667 2.2319 2.2955 2.3409 2.3855 2.4202 2.4448 2.4713 2.4872 2.5122 2.5334 2.5492 2.5673 2.5791 2.6076 2.6382 2.6585 2.6743 2.6859
NaN NaN NaN NaN NaN NaN NaN NaN 0.71593 0.77704 0.85222 0.96104 1.1229 1.4011 1.9342 1.841 2.0222 2.0636 2.13 2.1945 2.2619 2.3105 2.3612 2.3996 2.4299 2.4589 2.4787 2.5036 2.525 2.5418 2.5575 2.5702 2.6 2.6261 2.6438 2.6591 2.6714
NaN NaN NaN NaN NaN NaN NaN NaN 0.9978 1.0533 1.1206 1.2172 1.3639 1.5701 1.8267 1.7561 1.9724 2.0261 2.0944 2.1606 2.2274 2.2811 2.3351 2.3778 2.4126 2.4441 2.4665 2.4915 2.5138 2.5299 2.5422 2.5561 2.5816 2.6115 2.6294 2.6441 2.6576
NaN NaN NaN NaN NaN NaN NaN NaN 1.0699 1.1209 1.1963 1.3015 1.4418 1.5987 1.7459 1.719 1.9274 1.9896 2.0601 2.1277 2.1944 2.251 2.3073 2.3529 2.3922 2.4255 2.4514 2.4763 2.4974 2.5155 2.527 2.5421 2.5675 2.5973 2.6144 2.6301 2.6421
NaN NaN NaN NaN NaN NaN NaN NaN 1.1388 1.1888 1.2685 1.3751 1.4905 1.6012 1.6945 1.707 1.8934 1.954 2.0243 2.0939 2.1602 2.2193 2.2781 2.327 2.371 2.4054 2.4333 2.4612 2.4841 2.5037 2.5183 2.5376 2.5576 2.5862 2.6008 2.6152 2.6262
NaN NaN NaN NaN NaN NaN NaN NaN 1.1754 1.238 1.3209 1.4163 1.5058 1.5892 1.6652 1.7102 1.8699 1.9324 1.9981 2.0629 2.1276 2.1858 2.2443 2.2934 2.3365 2.3867 2.409 2.3637 2.4687 2.4832 2.497 2.5211 2.5455 2.5694 2.5848 2.598 2.6082
NaN NaN NaN NaN NaN NaN NaN NaN 1.2057 1.2838 1.3608 1.44 1.5102 1.5786 1.6505 1.7149 1.85 1.9108 1.9754 2.0376 2.0979 2.1621 2.22 2.2745 2.3294 2.3938 2.443 2.4015 2.4652 2.4732 2.4858 2.5118 2.5315 2.5567 2.5751 2.5725 2.597
NaN NaN NaN NaN NaN NaN NaN NaN NaN 1.3433 1.405 1.4655 1.518 1.5769 1.647 1.7242 1.8406 1.8935 1.9557 2.0141 2.0746 2.1398 2.2003 2.257 2.3146 2.3757 2.4117 2.3721 2.4474 2.4603 2.4725 2.4987 2.5182 2.5419 2.5626 2.555 2.5836
NaN NaN NaN NaN NaN NaN NaN NaN NaN 1.3903 1.4461 1.4753 1.5119 1.5725 1.6465 1.7315 1.8364 1.8881 1.9412 1.9956 2.0596 2.1252 2.1841 2.2425 2.2988 2.3548 2.384 2.3527 2.4279 2.4449 2.4613 2.4864 2.5054 2.5294 2.5486 2.5497 2.5698
NaN NaN NaN NaN NaN NaN NaN NaN NaN NaN 1.4501 1.4666 1.5009 1.5753 1.6527 1.74 1.8348 1.8818 1.9304 1.9864 2.0468 2.1096 2.1678 2.2228 2.2801 2.3314 2.3571 2.3366 2.4081 2.4279 2.4499 2.4742 2.4949 2.5171 2.5332 2.5342 2.5533
NaN NaN NaN NaN NaN NaN NaN NaN NaN NaN NaN 1.4678 1.5052 1.5852 1.6642 1.7492 1.8305 1.8715 1.921 1.9762 2.0355 2.0951 2.1531 2.2073 2.2619 2.3109 2.3352 2.3254 2.3899 2.4123 2.4374 2.462 2.4823 2.5047 2.5162 2.5186 2.5367
NaN NaN NaN NaN NaN NaN NaN NaN NaN NaN NaN 1.4783 1.5201 1.5909 1.6644 1.7434 1.8169 1.8552 1.9009 1.9619 2.0241 2.0809 2.138 2.1908 2.2436 2.2902 2.3159 2.3126 2.3716 2.3957 2.4256 2.4495 2.4685 2.488 2.499 2.5045 2.5199
NaN NaN NaN NaN NaN NaN NaN NaN NaN NaN NaN NaN 1.5239 1.6031 1.6407 1.7228 1.798 1.8393 1.8867 1.9473 2.0106 2.0661 2.1226 2.1734 2.2265 2.2717 2.2981 2.3032 2.3546 2.3806 2.4122 2.437 2.4571 2.4741 2.4846 2.4904 2.502
NaN NaN NaN NaN NaN NaN NaN NaN NaN NaN NaN NaN NaN 1.6275 1.6578 1.7156 1.7963 1.8311 1.8767 1.9378 1.9988 2.0542 2.1098 2.16 2.2096 2.2555 2.2805 2.2926 2.3399 2.3645 2.4001 2.4241 2.4444 2.46 2.4698 2.4766 2.4844
NaN NaN NaN NaN NaN NaN NaN NaN NaN NaN NaN NaN NaN NaN 1.6692 1.7387 1.7885 1.806 1.8563 1.9254 1.9705 2.0364 2.091 2.1426 2.1953 2.2376 2.2661 2.2843 2.324 2.3511 2.3882 2.4127 2.4324 2.4461 2.4557 2.4612 2.4699
NaN NaN NaN NaN NaN NaN NaN NaN NaN NaN NaN NaN NaN NaN NaN 1.7401 1.7805 1.7874 1.8379 1.9082 1.9522 2.0208 2.0745 2.1257 2.1765 2.221 2.2492 2.2773 2.2994 2.3323 2.375 2.4016 2.4208 2.433 2.4432 2.4493 2.4539
NaN NaN NaN NaN NaN NaN NaN NaN NaN NaN NaN NaN NaN NaN NaN NaN NaN 1.7973 1.8407 1.8928 1.9143 1.9979 2.0497 2.0964 2.1478 2.2036 2.2352 2.2713 2.2937 2.3267 2.3637 2.3907 2.4089 2.4197 2.4312 2.4358 2.4394
NaN NaN NaN NaN NaN NaN NaN NaN NaN NaN NaN NaN NaN NaN NaN NaN NaN NaN 1.825 1.8952 1.8932 1.9749 2.0323 2.0724 2.1139 2.1838 2.2234 2.2461 2.2797 2.3144 2.3523 2.3808 2.3991 2.4083 2.4182 2.4228 2.425
NaN NaN NaN NaN NaN NaN NaN NaN NaN NaN NaN NaN NaN NaN NaN NaN NaN NaN NaN NaN 1.8521 1.9704 2.0295 2.0371 2.0583 2.1556 2.203 2.213 2.2621 2.2979 2.3444 2.3723 2.3871 2.3959 2.4039 2.4085 2.4118
NaN NaN NaN NaN NaN NaN NaN NaN NaN NaN NaN NaN NaN NaN NaN NaN NaN NaN NaN NaN NaN NaN 1.889 1.9468 2.0206 2.1231 2.1707 2.1666 2.2397 2.2673 2.3018 2.3565 2.371 2.3787 2.3853 2.3894 2.3925
NaN NaN NaN NaN NaN NaN NaN NaN NaN NaN NaN NaN NaN NaN NaN NaN NaN NaN NaN NaN NaN NaN NaN NaN 1.8614 2.039 2.1175 2.1051 2.1797 2.2206 2.2278 2.3087 2.3383 2.3356 2.3544 2.3657 2.3551
NaN NaN NaN NaN NaN NaN NaN NaN NaN NaN NaN NaN NaN NaN NaN NaN NaN NaN NaN NaN NaN NaN NaN NaN NaN NaN 1.9597 2.0421 2.1449 2.2112 2.1687 2.2338 2.2691 2.2461 2.2999 2.3077 2.313
NaN NaN NaN NaN NaN NaN NaN NaN NaN NaN NaN NaN NaN NaN NaN NaN NaN NaN NaN NaN NaN NaN NaN NaN NaN NaN NaN NaN 1.8584 1.9808 2.069 2.1366 2.1934 2.1187 2.1146 1.9689 1.266
NaN NaN NaN NaN NaN NaN NaN NaN NaN NaN NaN NaN NaN NaN NaN NaN NaN NaN NaN NaN NaN NaN NaN NaN NaN NaN NaN NaN NaN NaN 1.6644 1.9711 2.0304 1.8294 1.0649 NaN NaN
NaN NaN NaN NaN NaN NaN NaN NaN NaN NaN NaN NaN NaN NaN NaN NaN NaN NaN NaN NaN NaN NaN NaN NaN NaN NaN NaN NaN NaN NaN NaN NaN 1.5893 0.79493 NaN NaN NaN
NaN NaN NaN NaN NaN NaN NaN NaN NaN NaN NaN NaN NaN NaN NaN NaN NaN NaN NaN NaN NaN NaN NaN NaN NaN NaN NaN NaN NaN NaN NaN NaN NaN NaN NaN NaN NaN
NaN NaN NaN NaN NaN NaN NaN NaN NaN NaN NaN NaN NaN NaN NaN NaN NaN NaN NaN NaN NaN NaN NaN NaN NaN NaN NaN NaN NaN NaN NaN NaN NaN NaN NaN NaN NaN
NaN NaN NaN NaN NaN NaN NaN NaN NaN NaN NaN NaN NaN NaN NaN NaN NaN NaN NaN NaN NaN NaN NaN NaN NaN NaN NaN NaN NaN NaN NaN NaN NaN NaN NaN NaN NaN
