NaN NaN NaN NaN NaN NaN NaN NaN NaN NaN 1.6175 1.8368 1.8622 1.9821 1.9988 1.9553 1.9012 1.891 1.9142 1.953 1.9945 2.0134 2.0354 2.058 2.0651 2.0865 2.096 2.1165 2.1322 2.1469 2.1639 2.1787 2.2009 2.2226 2.2435 2.2554 2.2655
NaN NaN NaN NaN NaN NaN NaN NaN NaN NaN NaN NaN NaN NaN 1.8208 1.8494 1.8408 1.8408 1.8776 1.9222 1.9667 1.9933 2.022 2.0475 2.0582 2.08 2.0906 2.1101 2.1259 2.1394 2.1564 2.1676 2.1895 2.2136 2.2318 2.2437 2.2535
NaN NaN NaN NaN NaN NaN NaN NaN 0.31514 0.28525 0.26375 0.23744 0.20539 0.17467 1.8272 1.7541 1.7942 1.8042 1.8474 1.895 1.9414 1.974 2.0075 2.033 2.0514 2.0722 2.0844 2.1039 2.1203 2.1326 2.1468 2.1561 2.1793 2.2039 2.2198 2.232 2.2408
NaN NaN NaN NaN NaN NaN NaN NaN 0.66354 0.71819 0.78501 0.88173 1.0258 1.2749 1.7551 1.6349 1.7488 1.7742 1.8218 1.8687 1.9178 1.9523 1.99 2.0181 2.0406 2.0629 2.078 2.0972 2.1135 2.1265 2.1386 2.1487 2.1729 2.1936 2.2074 2.2191 2.2284
NaN NaN NaN NaN NaN NaN NaN NaN 0.91353 0.96222 1.0208 1.1051 1.2332 1.4139 1.6389 1.5512 1.7085 1.7454 1.7954 1.844 1.8926 1.9312 1.9711 2.0021 2.0277 2.0517 2.0684 2.0875 2.1043 2.1165 2.1258 2.1369 2.1575 2.1815 2.1953 2.2065 2.2167
NaN NaN NaN NaN NaN NaN NaN NaN 0.97093 1.0151 1.0804 1.1715 1.2932 1.429 1.5551 1.5131 1.6715 1.7161 1.7689 1.8192 1.868 1.9089 1.9502 1.9834 2.0125 2.0374 2.0567 2.0754 2.0911 2.1048 2.1134 2.1254 2.146 2.1697 2.1828 2.1948 2.2036
NaN NaN NaN NaN NaN NaN NaN NaN 1.0272 1.07 1.1387 1.2304 1.3295 1.4241 1.5015 1.4984 1.6427 1.6868 1.7402 1.7928 1.8419 1.8849 1.9283 1.9641 1.9967 2.0223 2.043 2.064 2.081 2.0958 2.1069 2.1223 2.1382 2.1607 2.1716 2.1823 2.1903
NaN NaN NaN NaN NaN NaN NaN NaN 1.055 1.1088 1.1799 1.2616 1.3376 1.4079 1.4698 1.4978 1.6224 1.6689 1.7188 1.7678 1.8158 1.8581 1.9011 1.9367 1.9683 2.0053 2.019 1.9886 2.0699 2.0798 2.0901 2.1093 2.1287 2.1472 2.1586 2.1682 2.1755
NaN NaN NaN NaN NaN NaN NaN NaN 1.0771 1.1453 1.211 1.2782 1.3373 1.3944 1.4522 1.4991 1.6051 1.651 1.7008 1.7481 1.7931 1.841 1.884 1.9247 1.9667 2.016 2.052 2.0219 2.0684 2.0724 2.0817 2.1024 2.1178 2.1373 2.1507 2.1475 2.1664
NaN NaN NaN NaN NaN NaN NaN NaN NaN 1.1947 1.2468 1.2974 1.341 1.3895 1.4455 1.5047 1.5962 1.6363 1.6844 1.7292 1.7748 1.8237 1.8691 1.9118 1.9558 2.0018 2.0263 1.9973 2.0551 2.0626 2.0715 2.0922 2.1074 2.1256 2.1407 2.1337 2.1556
NaN NaN NaN NaN NaN NaN NaN NaN NaN 1.2326 1.2798 1.3032 1.3326 1.3825 1.442 1.5089 1.5921 1.6317 1.6727 1.7146 1.7635 1.8129 1.8572 1.9013 1.944 1.9856 2.0044 1.9819 2.0406 2.0512 2.0633 2.083 2.0978 2.1162 2.13 2.13 2.1446
NaN NaN NaN NaN NaN NaN NaN NaN NaN NaN 1.2807 1.2928 1.3204 1.3824 1.4449 1.5145 1.59 1.6263 1.664 1.7074 1.7534 1.8008 1.8445 1.8859 1.9294 1.9672 1.9833 1.9693 2.0256 2.0385 2.0549 2.0738 2.0899 2.1066 2.1177 2.1175 2.1314
NaN NaN NaN NaN NaN NaN NaN NaN NaN NaN NaN 1.2923 1.3222 1.3888 1.4526 1.5208 1.5856 1.6173 1.6559 1.6988 1.7443 1.7893 1.833 1.8739 1.9152 1.9511 1.9663 1.9606 2.0117 2.0268 2.0455 2.0645 2.08 2.0968 2.104 2.1047 2.1179
NaN NaN NaN NaN NaN NaN NaN NaN NaN NaN NaN 1.2991 1.3329 1.3912 1.4502 1.5135 1.5725 1.6024 1.6385 1.6866 1.7347 1.7776 1.8207 1.8606 1.9005 1.9346 1.9511 1.9503 1.9974 2.0141 2.0365 2.0547 2.069 2.0834 2.0902 2.0934 2.1043
NaN NaN NaN NaN NaN NaN NaN NaN NaN NaN NaN NaN 1.3331 1.3997 1.4273 1.4938 1.555 1.5883 1.6263 1.6742 1.7232 1.7652 1.8079 1.8463 1.8867 1.9198 1.9372 1.9428 1.9839 2.0023 2.0261 2.0449 2.06 2.0722 2.0785 2.0817 2.0894
NaN NaN NaN NaN NaN NaN NaN NaN NaN NaN NaN NaN NaN 1.4225 1.4437 1.4865 1.5532 1.5814 1.6179 1.666 1.713 1.7551 1.7972 1.8352 1.8728 1.9066 1.9231 1.934 1.972 1.9895 2.0165 2.0346 2.0498 2.0607 2.0664 2.0703 2.0747
NaN NaN NaN NaN NaN NaN NaN NaN NaN NaN NaN NaN NaN NaN 1.4566 1.5098 1.5449 1.5583 1.5994 1.6542 1.6889 1.7397 1.7811 1.8206 1.8609 1.8919 1.9115 1.927 1.959 1.9787 2.0069 2.0254 2.0399 2.0493 2.0548 2.0575 2.0628
NaN NaN NaN NaN NaN NaN NaN NaN NaN NaN NaN NaN NaN NaN NaN 1.5184 1.5434 1.5395 1.5805 1.6391 1.6734 1.7263 1.767 1.8061 1.8449 1.878 1.8973 1.9203 1.9385 1.9633 1.9963 2.0163 2.0305 2.0386 2.0446 2.0477 2.0495
NaN NaN NaN NaN NaN NaN NaN NaN NaN NaN NaN NaN NaN NaN NaN NaN NaN 1.5551 1.582 1.6228 1.6403 1.7062 1.7455 1.7814 1.8211 1.8635 1.8861 1.9153 1.9339 1.9588 1.9869 2.0073 2.0207 2.0276 2.0347 2.0365 2.0374
NaN NaN NaN NaN NaN NaN NaN NaN NaN NaN NaN NaN NaN NaN NaN NaN NaN NaN 1.5865 1.6409 1.6205 1.687 1.7309 1.7616 1.7934 1.8467 1.8757 1.8946 1.922 1.9485 1.9774 1.999 2.0124 2.0181 2.0239 2.0256 2.0254
NaN NaN NaN NaN NaN NaN NaN NaN NaN NaN NaN NaN NaN NaN NaN NaN NaN NaN NaN NaN 1.6099 1.7109 1.7327 1.7339 1.7482 1.8227 1.8583 1.8674 1.9071 1.9348 1.9708 1.9918 2.0023 2.0077 2.012 2.0137 2.0144
NaN NaN NaN NaN NaN NaN NaN NaN NaN NaN NaN NaN NaN NaN NaN NaN NaN NaN NaN NaN NaN NaN 1.6946 1.7307 1.7336 1.7985 1.8326 1.8294 1.8876 1.9086 1.9352 1.9783 1.9886 1.9931 1.9963 1.9976 1.9983
NaN NaN NaN NaN NaN NaN NaN NaN NaN NaN NaN NaN NaN NaN NaN NaN NaN NaN NaN NaN NaN NaN NaN NaN 1.6707 1.7732 1.7884 1.777 1.8376 1.8695 1.8748 1.9381 1.9605 1.9573 1.9702 1.9771 1.9664
NaN NaN NaN NaN NaN NaN NaN NaN NaN NaN NaN NaN NaN NaN NaN NaN NaN NaN NaN NaN NaN NaN NaN NaN NaN NaN 1.7127 1.7752 1.8177 1.8578 1.8285 1.8763 1.9022 1.883 1.9233 1.9273 1.9308
NaN NaN NaN NaN NaN NaN NaN NaN NaN NaN NaN NaN NaN NaN NaN NaN NaN NaN NaN NaN NaN NaN NaN NaN NaN NaN NaN NaN 1.6723 1.7863 1.8171 1.8508 1.8424 1.7726 1.76 1.6272 1.0081
NaN NaN NaN NaN NaN NaN NaN NaN NaN NaN NaN NaN NaN NaN NaN NaN NaN NaN NaN NaN NaN NaN NaN NaN NaN NaN NaN NaN NaN NaN 1.5561 1.7566 1.711 1.5197 0.84965 NaN NaN
NaN NaN NaN NaN NaN NaN NaN NaN NaN NaN NaN NaN NaN NaN NaN NaN NaN NaN NaN NaN NaN NaN NaN NaN NaN NaN NaN NaN NaN NaN NaN NaN 1.3402 0.63616 NaN NaN NaN
NaN NaN NaN NaN NaN NaN NaN NaN NaN NaN NaN NaN NaN NaN NaN NaN NaN NaN NaN NaN NaN NaN NaN NaN NaN NaN NaN NaN NaN NaN NaN NaN NaN NaN NaN NaN NaN
NaN NaN NaN NaN NaN NaN NaN NaN NaN NaN NaN NaN NaN NaN NaN NaN NaN NaN NaN NaN NaN NaN NaN NaN NaN NaN NaN NaN NaN NaN NaN NaN NaN NaN NaN NaN NaN
NaN NaN NaN NaN NaN NaN NaN NaN NaN NaN NaN NaN NaN NaN NaN NaN NaN NaN NaN NaN NaN NaN NaN NaN NaN NaN NaN NaN NaN NaN NaN NaN NaN NaN NaN NaN NaN
