NaN NaN NaN NaN NaN NaN NaN NaN NaN NaN 1.3009 1.3851 1.353 1.395 1.3924 1.3357 1.3023 1.2974 1.3087 1.327 1.3454 1.3533 1.3626 1.3735 1.376 1.3853 1.3891 1.3985 1.4047 1.409 1.4148 1.4201 1.4307 1.4429 1.4543 1.4602 1.4644
NaN NaN NaN NaN NaN NaN NaN NaN NaN NaN NaN NaN NaN NaN 1.3848 1.3178 1.2817 1.2847 1.3018 1.3197 1.3372 1.3476 1.3589 1.3692 1.3722 1.3809 1.3853 1.3937 1.3998 1.4035 1.4095 1.4132 1.4243 1.4383 1.4481 1.454 1.4579
NaN NaN NaN NaN NaN NaN NaN NaN 0.36323 0.3342 0.31561 0.29147 0.26075 0.23294 1.3948 1.2895 1.272 1.2795 1.2981 1.3154 1.3316 1.3429 1.3543 1.3623 1.3684 1.3756 1.3801 1.388 1.3944 1.3977 1.4022 1.4054 1.4175 1.4321 1.4407 1.4465 1.4498
NaN NaN NaN NaN NaN NaN NaN NaN 0.66001 0.70117 0.7478 0.81273 0.90405 1.0566 1.3305 1.2192 1.2529 1.2718 1.2919 1.308 1.325 1.3355 1.3474 1.3552 1.362 1.3694 1.3747 1.382 1.3882 1.3923 1.3956 1.3994 1.4124 1.4246 1.4319 1.4374 1.4411
NaN NaN NaN NaN NaN NaN NaN NaN 0.84116 0.87276 0.90801 0.95722 1.0301 1.1277 1.238 1.1668 1.2325 1.259 1.2807 1.2987 1.3151 1.3268 1.3383 1.3467 1.3537 1.361 1.3663 1.3731 1.3795 1.3833 1.3854 1.3904 1.4018 1.4163 1.4239 1.429 1.4333
NaN NaN NaN NaN NaN NaN NaN NaN 0.85808 0.88462 0.92452 0.9783 1.0476 1.1194 1.1793 1.1444 1.2127 1.2427 1.2671 1.287 1.3039 1.3161 1.3277 1.3364 1.3443 1.3514 1.3578 1.3642 1.37 1.3751 1.3774 1.3831 1.3944 1.4083 1.4156 1.4211 1.4245
NaN NaN NaN NaN NaN NaN NaN NaN 0.88654 0.91192 0.95341 1.0072 1.0623 1.1102 1.1464 1.1357 1.1977 1.2249 1.2509 1.2736 1.2915 1.3051 1.3179 1.3278 1.3372 1.3445 1.3512 1.3591 1.3655 1.371 1.375 1.3824 1.3903 1.4029 1.4091 1.4141 1.4172
NaN NaN NaN NaN NaN NaN NaN NaN 0.89433 0.92793 0.97072 1.018 1.0594 1.0954 1.1268 1.1347 1.1877 1.2142 1.2366 1.2564 1.2735 1.2861 1.2978 1.3065 1.3147 1.3309 1.3356 1.3071 1.3563 1.363 1.3664 1.3759 1.3861 1.396 1.4026 1.4071 1.4098
NaN NaN NaN NaN NaN NaN NaN NaN 0.89577 0.94654 0.98533 1.0239 1.0563 1.0867 1.1176 1.1359 1.1807 1.2065 1.2301 1.2505 1.268 1.2866 1.3009 1.3152 1.3323 1.3562 1.3722 1.3397 1.3559 1.3603 1.3641 1.3745 1.3823 1.3928 1.4008 1.3967 1.4062
NaN NaN NaN NaN NaN NaN NaN NaN NaN 0.97955 1.009 1.0369 1.0606 1.0868 1.1164 1.1406 1.1781 1.1994 1.2222 1.2418 1.2608 1.2806 1.2969 1.3114 1.3276 1.3464 1.3542 1.3269 1.3508 1.3566 1.3607 1.3714 1.3796 1.3894 1.3985 1.3916 1.4018
NaN NaN NaN NaN NaN NaN NaN NaN NaN 1.0008 1.0296 1.0403 1.0561 1.0837 1.1163 1.1451 1.1803 1.2009 1.2197 1.2387 1.2599 1.28 1.2955 1.3103 1.3247 1.3398 1.3452 1.3243 1.3477 1.3544 1.3604 1.3703 1.3783 1.3882 1.3958 1.3935 1.3985
NaN NaN NaN NaN NaN NaN NaN NaN NaN NaN 1.0275 1.0321 1.0488 1.0859 1.1204 1.1507 1.1824 1.201 1.2191 1.2391 1.2579 1.2765 1.2919 1.3048 1.3195 1.3326 1.3373 1.3227 1.3447 1.3516 1.3596 1.3685 1.3767 1.3852 1.3905 1.3886 1.3933
NaN NaN NaN NaN NaN NaN NaN NaN NaN NaN NaN 1.0368 1.0538 1.0923 1.127 1.1556 1.1817 1.198 1.2175 1.2376 1.2563 1.2734 1.289 1.3018 1.3151 1.3276 1.332 1.3228 1.3419 1.3491 1.3575 1.3657 1.3731 1.3814 1.3842 1.3829 1.3873
NaN NaN NaN NaN NaN NaN NaN NaN NaN NaN NaN 1.0407 1.0604 1.0914 1.1215 1.1478 1.1723 1.1884 1.2081 1.2325 1.253 1.2688 1.2842 1.2968 1.3095 1.3213 1.3268 1.3205 1.3379 1.3452 1.3549 1.3621 1.3683 1.375 1.3776 1.3777 1.3806
NaN NaN NaN NaN NaN NaN NaN NaN NaN NaN NaN NaN 1.0457 1.086 1.0995 1.1316 1.161 1.1812 1.2029 1.2268 1.2476 1.2631 1.2785 1.2906 1.3042 1.3158 1.3217 1.3193 1.3337 1.3414 1.351 1.3584 1.3647 1.3695 1.3715 1.3712 1.3722
NaN NaN NaN NaN NaN NaN NaN NaN NaN NaN NaN NaN NaN 1.1057 1.1141 1.1302 1.1639 1.1808 1.2008 1.2239 1.2433 1.2589 1.2738 1.2859 1.2979 1.3103 1.3155 1.316 1.3294 1.336 1.3471 1.3536 1.3593 1.3631 1.3645 1.3643 1.3633
NaN NaN NaN NaN NaN NaN NaN NaN NaN NaN NaN NaN NaN NaN 1.1216 1.1459 1.1574 1.1658 1.1882 1.2143 1.2278 1.2494 1.2646 1.2782 1.2926 1.3035 1.3105 1.3135 1.3241 1.3317 1.3429 1.3494 1.3542 1.3569 1.3579 1.3568 1.3564
NaN NaN NaN NaN NaN NaN NaN NaN NaN NaN NaN NaN NaN NaN NaN 1.1497 1.1563 1.1514 1.1745 1.2043 1.22 1.2412 1.2561 1.2696 1.2834 1.2959 1.3027 1.3104 1.3129 1.3232 1.3377 1.3452 1.3495 1.3511 1.3522 1.3511 1.3487
NaN NaN NaN NaN NaN NaN NaN NaN NaN NaN NaN NaN NaN NaN NaN NaN NaN 1.1614 1.1724 1.1904 1.1979 1.2262 1.2409 1.2535 1.2696 1.2894 1.2986 1.3094 1.3128 1.3217 1.3327 1.3403 1.344 1.3447 1.3462 1.3442 1.3414
NaN NaN NaN NaN NaN NaN NaN NaN NaN NaN NaN NaN NaN NaN NaN NaN NaN NaN 1.17 1.1957 1.1829 1.2126 1.2309 1.2405 1.2524 1.2796 1.2927 1.2953 1.3055 1.3161 1.3276 1.3358 1.3394 1.3392 1.3395 1.3376 1.3344
NaN NaN NaN NaN NaN NaN NaN NaN NaN NaN NaN NaN NaN NaN NaN NaN NaN NaN NaN NaN 1.1746 1.2248 1.2263 1.219 1.2236 1.2645 1.2815 1.2779 1.2963 1.3088 1.3246 1.332 1.3335 1.3328 1.332 1.3303 1.3283
NaN NaN NaN NaN NaN NaN NaN NaN NaN NaN NaN NaN NaN NaN NaN NaN NaN NaN NaN NaN NaN NaN 1.2339 1.2322 1.2139 1.2463 1.2631 1.2533 1.2827 1.2916 1.3014 1.3235 1.3254 1.3236 1.322 1.3204 1.3191
NaN NaN NaN NaN NaN NaN NaN NaN NaN NaN NaN NaN NaN NaN NaN NaN NaN NaN NaN NaN NaN NaN NaN NaN 1.212 1.2281 1.2211 1.2103 1.2441 1.2625 1.2614 1.2967 1.3078 1.3 1.3046 1.308 1.3002
NaN NaN NaN NaN NaN NaN NaN NaN NaN NaN NaN NaN NaN NaN NaN NaN NaN NaN NaN NaN NaN NaN NaN NaN NaN NaN 1.2085 1.217 1.2275 1.2482 1.2225 1.2489 1.2667 1.2511 1.2745 1.279 1.2798
NaN NaN NaN NaN NaN NaN NaN NaN NaN NaN NaN NaN NaN NaN NaN NaN NaN NaN NaN NaN NaN NaN NaN NaN NaN NaN NaN NaN 1.2019 1.2617 1.2199 1.2251 1.2062 1.1498 1.12 0.9957 0.43973
NaN NaN NaN NaN NaN NaN NaN NaN NaN NaN NaN NaN NaN NaN NaN NaN NaN NaN NaN NaN NaN NaN NaN NaN NaN NaN NaN NaN NaN NaN 1.2084 1.1608 1.0838 0.92238 0.36696 NaN NaN
NaN NaN NaN NaN NaN NaN NaN NaN NaN NaN NaN NaN NaN NaN NaN NaN NaN NaN NaN NaN NaN NaN NaN NaN NaN NaN NaN NaN NaN NaN NaN NaN 0.8422 0.27553 NaN NaN NaN
NaN NaN NaN NaN NaN NaN NaN NaN NaN NaN NaN NaN NaN NaN NaN NaN NaN NaN NaN NaN NaN NaN NaN NaN NaN NaN NaN NaN NaN NaN NaN NaN NaN NaN NaN NaN NaN
NaN NaN NaN NaN NaN NaN NaN NaN NaN NaN NaN NaN NaN NaN NaN NaN NaN NaN NaN NaN NaN NaN NaN NaN NaN NaN NaN NaN NaN NaN NaN NaN NaN NaN NaN NaN NaN
NaN NaN NaN NaN NaN NaN NaN NaN NaN NaN NaN NaN NaN NaN NaN NaN NaN NaN NaN NaN NaN NaN NaN NaN NaN NaN NaN NaN NaN NaN NaN NaN NaN NaN NaN NaN NaN
