NaN NaN NaN NaN NaN NaN NaN NaN NaN NaN 1.8373 2.0674 2.1302 2.3149 2.3872 2.4869 2.5539 2.5547 2.5947 2.6528 2.7138 2.7424 2.774 2.8067 2.817 2.8465 2.8599 2.8887 2.9107 2.9312 2.9549 2.9751 3.006 3.0362 3.0655 3.0825 3.0967
NaN NaN NaN NaN NaN NaN NaN NaN NaN NaN NaN NaN NaN NaN 2.1292 2.2434 2.4567 2.4783 2.5394 2.607 2.6731 2.7132 2.7547 2.7918 2.8074 2.8376 2.8528 2.8803 2.9027 2.9215 2.9451 2.9605 2.9909 3.0246 3.0503 3.0673 3.0813
NaN NaN NaN NaN NaN NaN NaN NaN 0.39819 0.35933 0.33053 0.2955 0.25296 0.21154 2.115 2.1264 2.3862 2.4231 2.4936 2.566 2.6355 2.6847 2.7334 2.771 2.7977 2.8269 2.8444 2.8721 2.8954 2.9127 2.9326 2.9455 2.9775 3.012 3.0347 3.0522 3.0647
NaN NaN NaN NaN NaN NaN NaN NaN 0.83321 0.89944 0.97973 1.0955 1.2659 1.5556 2.0963 2.0582 2.3236 2.3797 2.4555 2.5271 2.6007 2.653 2.7081 2.7494 2.7821 2.8139 2.8356 2.8629 2.8863 2.9048 2.9218 2.9359 2.9694 2.9988 3.0185 3.0354 3.0488
NaN NaN NaN NaN NaN NaN NaN NaN 1.1541 1.214 1.2857 1.388 1.5426 1.7584 2.0235 1.9957 2.2704 2.3402 2.418 2.4915 2.5644 2.6223 2.6807 2.7265 2.7638 2.7982 2.8224 2.8498 2.8741 2.8915 2.9047 2.9202 2.9489 2.9828 3.0026 3.0188 3.0336
NaN NaN NaN NaN NaN NaN NaN NaN 1.2346 1.29 1.3717 1.4852 1.6364 1.8044 1.9642 1.9719 2.2228 2.301 2.3814 2.4565 2.5294 2.5904 2.6511 2.6999 2.7422 2.7781 2.8062 2.8332 2.8561 2.8758 2.8881 2.905 2.9337 2.9672 2.9862 3.0035 3.0165
NaN NaN NaN NaN NaN NaN NaN NaN 1.3155 1.3702 1.4575 1.574 1.7001 1.821 1.9273 1.9684 2.187 2.2623 2.3426 2.4203 2.4928 2.5566 2.62 2.6725 2.7198 2.7569 2.7869 2.8173 2.8421 2.8634 2.8793 2.9008 2.9232 2.9552 2.9714 2.9871 2.9989
NaN NaN NaN NaN NaN NaN NaN NaN 1.3594 1.429 1.5206 1.6259 1.725 1.8183 1.9086 1.9783 2.1631 2.2393 2.3142 2.3863 2.457 2.5197 2.5825 2.6349 2.6809 2.7353 2.7581 2.7091 2.8257 2.8413 2.8562 2.8831 2.9104 2.9369 2.9539 2.9682 2.9791
NaN NaN NaN NaN NaN NaN NaN NaN 1.3951 1.4841 1.5696 1.6578 1.7369 1.8153 1.9017 1.9877 2.1429 2.2163 2.2901 2.3594 2.4255 2.4954 2.5579 2.6169 2.677 2.7478 2.801 2.7543 2.8227 2.8308 2.8445 2.8735 2.8954 2.9235 2.9436 2.94 2.9669
NaN NaN NaN NaN NaN NaN NaN NaN NaN 1.5554 1.6246 1.6923 1.7526 1.8208 1.9047 2.0012 2.134 2.1977 2.2686 2.334 2.4005 2.4717 2.5373 2.5988 2.6615 2.7281 2.7658 2.7214 2.8038 2.817 2.8303 2.8596 2.8813 2.9075 2.9303 2.921 2.9523
NaN NaN NaN NaN NaN NaN NaN NaN NaN 1.6093 1.6734 1.7082 1.7508 1.8209 1.9092 2.0118 2.1311 2.1927 2.2533 2.3143 2.3852 2.4568 2.5207 2.584 2.6451 2.7055 2.7355 2.7007 2.7833 2.801 2.8188 2.8467 2.8679 2.8945 2.9154 2.916 2.9374
NaN NaN NaN NaN NaN NaN NaN NaN NaN NaN 1.6786 1.7018 1.7426 1.8285 1.9201 2.0234 2.1308 2.1865 2.2421 2.305 2.3717 2.4404 2.5035 2.5628 2.6249 2.68 2.7062 2.6836 2.7623 2.7831 2.8071 2.834 2.857 2.8814 2.8986 2.899 2.9194
NaN NaN NaN NaN NaN NaN NaN NaN NaN NaN NaN 1.7074 1.752 1.8433 1.936 2.0353 2.127 2.1755 2.232 2.2942 2.3599 2.425 2.4879 2.5464 2.6055 2.6579 2.6827 2.672 2.7431 2.7667 2.794 2.8211 2.8434 2.868 2.8799 2.8818 2.9011
NaN NaN NaN NaN NaN NaN NaN NaN NaN NaN NaN 1.7169 1.7718 1.8518 1.9372 2.0287 2.1116 2.1567 2.2093 2.2784 2.3476 2.4096 2.4715 2.5286 2.5856 2.6354 2.6618 2.6583 2.7235 2.749 2.7815 2.8077 2.8284 2.8497 2.8609 2.8664 2.8826
NaN NaN NaN NaN NaN NaN NaN NaN NaN NaN NaN NaN 1.7584 1.8512 1.9097 2.005 2.0902 2.1389 2.1936 2.2622 2.3326 2.3932 2.4546 2.5094 2.567 2.6153 2.6426 2.6485 2.7053 2.7329 2.7672 2.7943 2.8161 2.8345 2.8451 2.8506 2.8626
NaN NaN NaN NaN NaN NaN NaN NaN NaN NaN NaN NaN NaN 1.8545 1.908 1.9989 2.0898 2.1306 2.1829 2.2518 2.3195 2.3802 2.4406 2.4948 2.5484 2.5976 2.6234 2.637 2.6893 2.7154 2.7543 2.7803 2.8023 2.8188 2.8287 2.8353 2.8428
NaN NaN NaN NaN NaN NaN NaN NaN NaN NaN NaN NaN NaN NaN 1.8866 1.9869 2.0825 2.1033 2.1596 2.2371 2.2873 2.36 2.4194 2.4754 2.5326 2.5779 2.6078 2.628 2.6719 2.7009 2.7413 2.7679 2.7891 2.8035 2.813 2.818 2.8266
NaN NaN NaN NaN NaN NaN NaN NaN NaN NaN NaN NaN NaN NaN NaN 1.9436 2.0244 2.0815 2.1387 2.2176 2.2667 2.3423 2.4009 2.4564 2.5115 2.5594 2.5889 2.62 2.6443 2.68 2.727 2.7558 2.7765 2.789 2.7991 2.8048 2.8087
NaN NaN NaN NaN NaN NaN NaN NaN NaN NaN NaN NaN NaN NaN NaN NaN NaN 2.039 2.1357 2.1996 2.2232 2.3157 2.3723 2.4231 2.4793 2.5402 2.5739 2.6138 2.6386 2.6742 2.7145 2.7438 2.7633 2.7743 2.7858 2.7897 2.7924
NaN NaN NaN NaN NaN NaN NaN NaN NaN NaN NaN NaN NaN NaN NaN NaN NaN NaN 2.0344 2.1257 2.1932 2.2898 2.3529 2.3962 2.4413 2.5179 2.5606 2.5855 2.6228 2.6606 2.7019 2.733 2.7524 2.7615 2.7713 2.7751 2.7762
NaN NaN NaN NaN NaN NaN NaN NaN NaN NaN NaN NaN NaN NaN NaN NaN NaN NaN NaN NaN 2.057 2.1869 2.3239 2.3558 2.3788 2.486 2.5377 2.5484 2.603 2.6424 2.6934 2.7236 2.7391 2.7477 2.7552 2.7591 2.7614
NaN NaN NaN NaN NaN NaN NaN NaN NaN NaN NaN NaN NaN NaN NaN NaN NaN NaN NaN NaN NaN NaN 2.0356 2.1114 2.271 2.4491 2.5017 2.496 2.5773 2.6074 2.6449 2.7057 2.7209 2.7282 2.734 2.7373 2.7397
NaN NaN NaN NaN NaN NaN NaN NaN NaN NaN NaN NaN NaN NaN NaN NaN NaN NaN NaN NaN NaN NaN NaN NaN 1.9954 2.2436 2.4254 2.4225 2.5082 2.554 2.5613 2.6512 2.6835 2.6792 2.6988 2.7102 2.697
NaN NaN NaN NaN NaN NaN NaN NaN NaN NaN NaN NaN NaN NaN NaN NaN NaN NaN NaN NaN NaN NaN NaN NaN NaN NaN 2.1434 2.2358 2.4238 2.5323 2.4818 2.5644 2.6041 2.5772 2.6359 2.6437 2.6491
NaN NaN NaN NaN NaN NaN NaN NaN NaN NaN NaN NaN NaN NaN NaN NaN NaN NaN NaN NaN NaN NaN NaN NaN NaN NaN NaN NaN 1.992 2.1099 2.2342 2.3329 2.4874 2.4243 2.4146 2.2381 1.4002
NaN NaN NaN NaN NaN NaN NaN NaN NaN NaN NaN NaN NaN NaN NaN NaN NaN NaN NaN NaN NaN NaN NaN NaN NaN NaN NaN NaN NaN NaN 1.73 2.0936 2.2594 2.0777 1.1755 NaN NaN
NaN NaN NaN NaN NaN NaN NaN NaN NaN NaN NaN NaN NaN NaN NaN NaN NaN NaN NaN NaN NaN NaN NaN NaN NaN NaN NaN NaN NaN NaN NaN NaN 1.7655 0.87274 NaN NaN NaN
NaN NaN NaN NaN NaN NaN NaN NaN NaN NaN NaN NaN NaN NaN NaN NaN NaN NaN NaN NaN NaN NaN NaN NaN NaN NaN NaN NaN NaN NaN NaN NaN NaN NaN NaN NaN NaN
NaN NaN NaN NaN NaN NaN NaN NaN NaN NaN NaN NaN NaN NaN NaN NaN NaN NaN NaN NaN NaN NaN NaN NaN NaN NaN NaN NaN NaN NaN NaN NaN NaN NaN NaN NaN NaN
NaN NaN NaN NaN NaN NaN NaN NaN NaN NaN NaN NaN NaN NaN NaN NaN NaN NaN NaN NaN NaN NaN NaN NaN NaN NaN NaN NaN NaN NaN NaN NaN NaN NaN NaN NaN NaN
