NaN NaN NaN NaN NaN NaN NaN NaN NaN NaN 1.3478 1.4312 1.3991 1.4409 1.4381 1.3796 1.3437 1.3389 1.3507 1.3696 1.3881 1.3961 1.4054 1.4162 1.4188 1.4283 1.432 1.4415 1.4476 1.4519 1.4577 1.4632 1.4742 1.4868 1.4985 1.5046 1.5089
NaN NaN NaN NaN NaN NaN NaN NaN NaN NaN NaN NaN NaN NaN 1.4343 1.363 1.3234 1.3259 1.3434 1.3618 1.3792 1.3897 1.401 1.4111 1.4141 1.423 1.4273 1.4357 1.4418 1.4454 1.4514 1.4554 1.4668 1.4813 1.4914 1.4973 1.5014
NaN NaN NaN NaN NaN NaN NaN NaN 0.38266 0.35224 0.33292 0.30771 0.27549 0.24639 1.4442 1.3347 1.3137 1.3208 1.3397 1.3572 1.3733 1.3844 1.3957 1.4033 1.4094 1.4166 1.4211 1.429 1.4353 1.4385 1.4431 1.4464 1.4591 1.4741 1.4829 1.4888 1.4921
NaN NaN NaN NaN NaN NaN NaN NaN 0.69363 0.73592 0.78283 0.84825 0.94101 1.0968 1.3763 1.2609 1.2934 1.3127 1.333 1.3493 1.366 1.3762 1.3878 1.3953 1.4019 1.4093 1.4147 1.4219 1.428 1.432 1.4354 1.4395 1.4529 1.4655 1.4729 1.4785 1.4822
NaN NaN NaN NaN NaN NaN NaN NaN 0.8785 0.91036 0.94526 0.99442 1.0681 1.1672 1.2785 1.2056 1.2718 1.299 1.321 1.3391 1.3554 1.3667 1.3778 1.3857 1.3925 1.3997 1.405 1.4117 1.418 1.4217 1.4238 1.4292 1.4411 1.456 1.4638 1.4689 1.4733
NaN NaN NaN NaN NaN NaN NaN NaN 0.89177 0.91826 0.95836 1.0127 1.0834 1.1563 1.2165 1.1815 1.2509 1.2815 1.3065 1.3265 1.3432 1.355 1.3661 1.3743 1.3819 1.3889 1.3952 1.4016 1.4072 1.4123 1.4147 1.4208 1.4327 1.447 1.4544 1.46 1.4634
NaN NaN NaN NaN NaN NaN NaN NaN 0.91858 0.9438 0.9859 1.0408 1.0969 1.1453 1.1815 1.1716 1.2348 1.2625 1.2891 1.3121 1.3299 1.3432 1.3555 1.3648 1.374 1.381 1.3877 1.3956 1.4019 1.4074 1.4116 1.4194 1.4277 1.4407 1.4469 1.4519 1.455
NaN NaN NaN NaN NaN NaN NaN NaN 0.92422 0.95834 1.002 1.0503 1.0925 1.1288 1.1604 1.1697 1.2238 1.2509 1.2737 1.2937 1.3107 1.3228 1.3338 1.3418 1.3496 1.3653 1.3688 1.3432 1.3918 1.3984 1.402 1.412 1.4227 1.4328 1.4395 1.444 1.4467
NaN NaN NaN NaN NaN NaN NaN NaN 0.92388 0.97643 1.016 1.0554 1.0883 1.119 1.1504 1.1703 1.2161 1.2424 1.2666 1.2874 1.305 1.3233 1.3372 1.3512 1.3683 1.3921 1.4072 1.3763 1.3911 1.395 1.399 1.4099 1.4181 1.4289 1.4369 1.4328 1.4424
NaN NaN NaN NaN NaN NaN NaN NaN NaN 1.01 1.0398 1.0681 1.0921 1.1184 1.1487 1.1745 1.2129 1.2345 1.2579 1.2779 1.2972 1.3167 1.3326 1.3467 1.3628 1.381 1.3877 1.3618 1.3854 1.3908 1.395 1.4062 1.4148 1.4249 1.434 1.4271 1.4373
NaN NaN NaN NaN NaN NaN NaN NaN NaN 1.0311 1.0607 1.0709 1.0865 1.1144 1.148 1.1786 1.2146 1.2355 1.2546 1.2742 1.296 1.3159 1.331 1.3453 1.3594 1.3738 1.378 1.3585 1.3819 1.3881 1.3943 1.4046 1.413 1.4232 1.4307 1.4286 1.4334
NaN NaN NaN NaN NaN NaN NaN NaN NaN NaN 1.0578 1.0618 1.0783 1.1162 1.1518 1.1838 1.2163 1.2351 1.2535 1.2741 1.2934 1.312 1.3269 1.3393 1.3537 1.366 1.3695 1.3563 1.3784 1.3849 1.3931 1.4023 1.4109 1.4195 1.4247 1.4229 1.4275
NaN NaN NaN NaN NaN NaN NaN NaN NaN NaN NaN 1.0665 1.0832 1.1225 1.1583 1.1884 1.215 1.2313 1.2513 1.2718 1.2912 1.3084 1.3236 1.3359 1.3487 1.3604 1.3638 1.3558 1.3751 1.382 1.3904 1.3989 1.4066 1.4151 1.4177 1.4164 1.4207
NaN NaN NaN NaN NaN NaN NaN NaN NaN NaN NaN 1.0702 1.0899 1.1211 1.1519 1.1794 1.2044 1.2207 1.2409 1.266 1.2872 1.3031 1.3182 1.3303 1.3426 1.3536 1.358 1.3528 1.3705 1.3775 1.3872 1.3947 1.4011 1.4078 1.4103 1.4104 1.4132
NaN NaN NaN NaN NaN NaN NaN NaN NaN NaN NaN NaN 1.074 1.1157 1.1289 1.162 1.1921 1.2127 1.235 1.2595 1.281 1.2967 1.3119 1.3235 1.3366 1.3476 1.3525 1.351 1.3657 1.3731 1.3828 1.3903 1.3967 1.4016 1.4034 1.403 1.4038
NaN NaN NaN NaN NaN NaN NaN NaN NaN NaN NaN NaN NaN 1.136 1.1446 1.1606 1.1948 1.212 1.2322 1.256 1.2759 1.2918 1.3065 1.3182 1.3297 1.3415 1.3457 1.3471 1.3609 1.3672 1.3782 1.3848 1.3906 1.3944 1.3955 1.3953 1.394
NaN NaN NaN NaN NaN NaN NaN NaN NaN NaN NaN NaN NaN NaN 1.1521 1.1773 1.1879 1.1959 1.2185 1.2454 1.2592 1.2813 1.2965 1.3098 1.3239 1.3341 1.3402 1.3439 1.3549 1.3623 1.3734 1.3799 1.3848 1.3874 1.3882 1.3869 1.3863
NaN NaN NaN NaN NaN NaN NaN NaN NaN NaN NaN NaN NaN NaN NaN 1.1806 1.187 1.1807 1.204 1.2345 1.2505 1.2724 1.2872 1.3004 1.3139 1.3258 1.3317 1.34 1.3429 1.353 1.3675 1.3751 1.3793 1.3809 1.3817 1.3804 1.3777
NaN NaN NaN NaN NaN NaN NaN NaN NaN NaN NaN NaN NaN NaN NaN NaN NaN 1.1915 1.202 1.2197 1.227 1.2561 1.2709 1.2834 1.2994 1.3188 1.3273 1.3385 1.3424 1.3511 1.3618 1.3695 1.3731 1.3738 1.3749 1.3728 1.3697
NaN NaN NaN NaN NaN NaN NaN NaN NaN NaN NaN NaN NaN NaN NaN NaN NaN NaN 1.1996 1.2257 1.2117 1.2417 1.2602 1.2698 1.2814 1.3082 1.3206 1.3237 1.3343 1.3448 1.3562 1.3643 1.3678 1.3674 1.3675 1.3653 1.3619
NaN NaN NaN NaN NaN NaN NaN NaN NaN NaN NaN NaN NaN NaN NaN NaN NaN NaN NaN NaN 1.2036 1.255 1.2558 1.248 1.2516 1.2922 1.3086 1.3056 1.3243 1.3368 1.3525 1.3598 1.3612 1.3604 1.3593 1.3573 1.355
NaN NaN NaN NaN NaN NaN NaN NaN NaN NaN NaN NaN NaN NaN NaN NaN NaN NaN NaN NaN NaN NaN 1.2643 1.262 1.2424 1.2742 1.29 1.2801 1.3097 1.3185 1.3283 1.3505 1.3522 1.3503 1.3483 1.3465 1.345
NaN NaN NaN NaN NaN NaN NaN NaN NaN NaN NaN NaN NaN NaN NaN NaN NaN NaN NaN NaN NaN NaN NaN NaN 1.2411 1.2564 1.2466 1.2357 1.2701 1.2884 1.2872 1.3224 1.3334 1.3256 1.3298 1.333 1.3248
NaN NaN NaN NaN NaN NaN NaN NaN NaN NaN NaN NaN NaN NaN NaN NaN NaN NaN NaN NaN NaN NaN NaN NaN NaN NaN 1.2357 1.2441 1.254 1.2723 1.2481 1.2735 1.2906 1.275 1.2979 1.3022 1.3032
NaN NaN NaN NaN NaN NaN NaN NaN NaN NaN NaN NaN NaN NaN NaN NaN NaN NaN NaN NaN NaN NaN NaN NaN NaN NaN NaN NaN 1.2292 1.2879 1.246 1.2509 1.2294 1.171 1.1388 1.0098 0.4313
NaN NaN NaN NaN NaN NaN NaN NaN NaN NaN NaN NaN NaN NaN NaN NaN NaN NaN NaN NaN NaN NaN NaN NaN NaN NaN NaN NaN NaN NaN 1.2308 1.1858 1.1046 0.93715 0.36032 NaN NaN
NaN NaN NaN NaN NaN NaN NaN NaN NaN NaN NaN NaN NaN NaN NaN NaN NaN NaN NaN NaN NaN NaN NaN NaN NaN NaN NaN NaN NaN NaN NaN NaN 0.85874 0.27104 NaN NaN NaN
NaN NaN NaN NaN NaN NaN NaN NaN NaN NaN NaN NaN NaN NaN NaN NaN NaN NaN NaN NaN NaN NaN NaN NaN NaN NaN NaN NaN NaN NaN NaN NaN NaN NaN NaN NaN NaN
NaN NaN NaN NaN NaN NaN NaN NaN NaN NaN NaN NaN NaN NaN NaN NaN NaN NaN NaN NaN NaN NaN NaN NaN NaN NaN NaN NaN NaN NaN NaN NaN NaN NaN NaN NaN NaN
NaN NaN NaN NaN NaN NaN NaN NaN NaN NaN NaN NaN NaN NaN NaN NaN NaN NaN NaN NaN NaN NaN NaN NaN NaN NaN NaN NaN NaN NaN NaN NaN NaN NaN NaN NaN NaN
