NaN NaN NaN NaN NaN NaN NaN NaN NaN NaN 1.845 2.0949 2.1671 2.3658 2.4522 2.585 2.6999 2.7 2.7421 2.8038 2.8686 2.8991 2.9327 2.9677 2.9789 3.0102 3.0245 3.0551 3.0786 3.1002 3.1251 3.1465 3.1791 3.2113 3.2426 3.2608 3.2759
NaN NaN NaN NaN NaN NaN NaN NaN NaN NaN NaN NaN NaN NaN 2.1629 2.3136 2.5961 2.62 2.6842 2.7557 2.8258 2.8683 2.9124 2.9518 2.9685 3.0006 3.0169 3.0461 3.0699 3.0898 3.1147 3.131 3.1632 3.199 3.2265 3.2448 3.2596
NaN NaN NaN NaN NaN NaN NaN NaN 0.40929 0.36794 0.33618 0.29761 0.25079 0.20379 2.1525 2.1973 2.5229 2.5622 2.6363 2.7128 2.7862 2.8383 2.8899 2.9297 2.9581 2.9891 3.0078 3.0372 3.062 3.0803 3.1013 3.1149 3.1489 3.1858 3.2101 3.2288 3.2422
NaN NaN NaN NaN NaN NaN NaN NaN 0.85898 0.92602 1.0068 1.1241 1.2984 1.597 2.1592 2.1554 2.4571 2.5166 2.5964 2.6719 2.7496 2.8049 2.8631 2.9068 2.9415 2.9752 2.9983 3.0273 3.0522 3.0717 3.0898 3.1046 3.1403 3.1717 3.1929 3.211 3.2253
NaN NaN NaN NaN NaN NaN NaN NaN 1.1952 1.2573 1.3314 1.4376 1.5993 1.8267 2.1097 2.1021 2.4008 2.4749 2.5569 2.6345 2.7114 2.7726 2.8342 2.8826 2.922 2.9584 2.9841 3.0132 3.039 3.0575 3.0715 3.0879 3.1185 3.1548 3.1762 3.1935 3.2093
NaN NaN NaN NaN NaN NaN NaN NaN 1.2842 1.3425 1.4281 1.5475 1.7077 1.8871 2.0604 2.0814 2.3502 2.4333 2.5183 2.5976 2.6745 2.7389 2.8029 2.8544 2.899 2.937 2.9667 2.9954 3.0197 3.0407 3.0538 3.0717 3.1024 3.1383 3.1587 3.1772 3.1911
NaN NaN NaN NaN NaN NaN NaN NaN 1.3732 1.4312 1.5235 1.6471 1.7816 1.9116 2.0278 2.0792 2.3122 2.3921 2.4771 2.5593 2.6359 2.7031 2.77 2.8253 2.8752 2.9144 2.9462 2.9785 3.0048 3.0275 3.0444 3.0673 3.0913 3.1255 3.1429 3.1598 3.1725
NaN NaN NaN NaN NaN NaN NaN NaN 1.4225 1.4964 1.5935 1.7057 1.8121 1.9128 2.0112 2.0903 2.2867 2.3677 2.4469 2.5232 2.5979 2.664 2.7302 2.7853 2.8338 2.8915 2.9159 2.8634 2.9871 3.004 3.0198 3.0484 3.0776 3.1061 3.1244 3.1398 3.1515
NaN NaN NaN NaN NaN NaN NaN NaN 1.4621 1.557 1.648 1.7423 1.8274 1.9121 2.0057 2.1004 2.2651 2.3431 2.4213 2.4948 2.5646 2.6384 2.7044 2.7666 2.83 2.9052 2.9616 2.9113 2.9836 2.9927 3.0073 3.0382 3.0617 3.0917 3.1134 3.1098 3.1385
NaN NaN NaN NaN NaN NaN NaN NaN NaN 1.6334 1.7082 1.781 1.846 1.9194 2.0099 2.1146 2.2555 2.3231 2.3984 2.4676 2.5381 2.6133 2.6825 2.7474 2.8136 2.8841 2.9241 2.8763 2.9635 2.9779 2.9921 3.0233 3.0466 3.0748 3.0993 3.0896 3.1229
NaN NaN NaN NaN NaN NaN NaN NaN NaN 1.6884 1.7587 1.799 1.845 1.9203 2.0151 2.1258 2.2523 2.3176 2.3819 2.4467 2.5217 2.5976 2.665 2.7317 2.7961 2.86 2.8918 2.8544 2.9417 2.9608 2.9799 3.0097 3.0324 3.0609 3.0835 3.0842 3.107
NaN NaN NaN NaN NaN NaN NaN NaN NaN NaN 1.7625 1.7929 1.837 1.9289 2.027 2.1379 2.2518 2.3109 2.3698 2.4366 2.5074 2.5801 2.6467 2.7092 2.7748 2.833 2.8607 2.8364 2.9196 2.9418 2.9674 2.9961 3.0208 3.0469 3.0655 3.0662 3.0879
NaN NaN NaN NaN NaN NaN NaN NaN NaN NaN NaN 1.7985 1.8477 1.9451 2.0441 2.1504 2.2475 2.2989 2.3589 2.425 2.4948 2.5637 2.6302 2.6918 2.7541 2.8095 2.8357 2.8241 2.8992 2.9244 2.9535 2.9824 3.0063 3.0327 3.0455 3.0478 3.0684
NaN NaN NaN NaN NaN NaN NaN NaN NaN NaN NaN 1.8026 1.8687 1.9542 2.0453 2.143 2.2308 2.2786 2.3346 2.4081 2.4816 2.5472 2.6126 2.6728 2.7329 2.7855 2.8135 2.8096 2.8784 2.9057 2.9402 2.9681 2.9903 3.0131 3.0253 3.0313 3.0487
NaN NaN NaN NaN NaN NaN NaN NaN NaN NaN NaN NaN 1.838 1.9402 2.0161 2.1174 2.2078 2.2595 2.3176 2.3907 2.4655 2.5297 2.5946 2.6524 2.7131 2.7642 2.7931 2.7992 2.8591 2.8886 2.925 2.9538 2.9772 2.9969 3.0084 3.0145 3.0273
NaN NaN NaN NaN NaN NaN NaN NaN NaN NaN NaN NaN NaN 1.926 1.9954 2.111 2.2072 2.2505 2.3061 2.3793 2.4513 2.5157 2.5797 2.6369 2.6933 2.7454 2.7727 2.7869 2.8422 2.87 2.9112 2.9389 2.9624 2.9802 2.9909 2.9981 3.0061
NaN NaN NaN NaN NaN NaN NaN NaN NaN NaN NaN NaN NaN NaN 1.9531 2.0721 2.1989 2.2218 2.2814 2.3635 2.4169 2.4941 2.557 2.6162 2.6766 2.7245 2.7561 2.7774 2.8238 2.8546 2.8975 2.9258 2.9484 2.9638 2.9741 2.9797 2.9889
NaN NaN NaN NaN NaN NaN NaN NaN NaN NaN NaN NaN NaN NaN NaN 2.0052 2.1076 2.198 2.2592 2.3432 2.3949 2.4752 2.5372 2.5959 2.6542 2.7048 2.736 2.769 2.7946 2.8324 2.8823 2.9129 2.935 2.9484 2.9594 2.9655 2.9698
NaN NaN NaN NaN NaN NaN NaN NaN NaN NaN NaN NaN NaN NaN NaN NaN NaN 2.1192 2.2477 2.3239 2.3516 2.4475 2.507 2.5606 2.6199 2.6845 2.7202 2.7625 2.7885 2.8262 2.869 2.9002 2.921 2.9327 2.9451 2.9495 2.9524
NaN NaN NaN NaN NaN NaN NaN NaN NaN NaN NaN NaN NaN NaN NaN NaN NaN NaN 2.0993 2.205 2.3107 2.4202 2.4865 2.532 2.5795 2.6608 2.7062 2.7324 2.7718 2.8118 2.8557 2.8887 2.9094 2.9192 2.9296 2.9339 2.9351
NaN NaN NaN NaN NaN NaN NaN NaN NaN NaN NaN NaN NaN NaN NaN NaN NaN NaN NaN NaN 2.1209 2.2618 2.4337 2.4872 2.513 2.627 2.6819 2.6929 2.7507 2.7925 2.8467 2.8787 2.8952 2.9044 2.9124 2.9167 2.9193
NaN NaN NaN NaN NaN NaN NaN NaN NaN NaN NaN NaN NaN NaN NaN NaN NaN NaN NaN NaN NaN NaN 2.0818 2.1703 2.3622 2.586 2.6438 2.6372 2.7234 2.7554 2.7952 2.8597 2.876 2.8837 2.8899 2.8935 2.8961
NaN NaN NaN NaN NaN NaN NaN NaN NaN NaN NaN NaN NaN NaN NaN NaN NaN NaN NaN NaN NaN NaN NaN NaN 2.0374 2.318 2.5477 2.5555 2.6492 2.6987 2.7063 2.8018 2.8362 2.8315 2.8523 2.8646 2.8507
NaN NaN NaN NaN NaN NaN NaN NaN NaN NaN NaN NaN NaN NaN NaN NaN NaN NaN NaN NaN NaN NaN NaN NaN NaN NaN 2.2015 2.3056 2.5279 2.6647 2.6084 2.7085 2.7519 2.7232 2.7856 2.7942 2.8001
NaN NaN NaN NaN NaN NaN NaN NaN NaN NaN NaN NaN NaN NaN NaN NaN NaN NaN NaN NaN NaN NaN NaN NaN NaN NaN NaN NaN 2.0327 2.1591 2.2955 2.41 2.6068 2.5599 2.5521 2.3659 1.4772
NaN NaN NaN NaN NaN NaN NaN NaN NaN NaN NaN NaN NaN NaN NaN NaN NaN NaN NaN NaN NaN NaN NaN NaN NaN NaN NaN NaN NaN NaN 1.749 2.1416 2.3486 2.1926 1.2397 NaN NaN
NaN NaN NaN NaN NaN NaN NaN NaN NaN NaN NaN NaN NaN NaN NaN NaN NaN NaN NaN NaN NaN NaN NaN NaN NaN NaN NaN NaN NaN NaN NaN NaN 1.8302 0.91905 NaN NaN NaN
NaN NaN NaN NaN NaN NaN NaN NaN NaN NaN NaN NaN NaN NaN NaN NaN NaN NaN NaN NaN NaN NaN NaN NaN NaN NaN NaN NaN NaN NaN NaN NaN NaN NaN NaN NaN NaN
NaN NaN NaN NaN NaN NaN NaN NaN NaN NaN NaN NaN NaN NaN NaN NaN NaN NaN NaN NaN NaN NaN NaN NaN NaN NaN NaN NaN NaN NaN NaN NaN NaN NaN NaN NaN NaN
NaN NaN NaN NaN NaN NaN NaN NaN NaN NaN NaN NaN NaN NaN NaN NaN NaN NaN NaN NaN NaN NaN NaN NaN NaN NaN NaN NaN NaN NaN NaN NaN NaN NaN NaN NaN NaN
