NaN NaN NaN NaN NaN NaN NaN NaN NaN NaN 1.5268 1.792 1.814 1.9378 1.9517 1.8941 1.8409 1.8341 1.8621 1.9047 1.9501 1.9717 1.9953 2.0193 2.0269 2.0486 2.0586 2.08 2.0966 2.1126 2.1309 2.1467 2.1699 2.1922 2.2139 2.2265 2.2374
NaN NaN NaN NaN NaN NaN NaN NaN NaN NaN NaN NaN NaN NaN 1.7289 1.7785 1.7716 1.7746 1.8169 1.8668 1.9167 1.9471 1.9786 2.0066 2.0186 2.0412 2.0525 2.073 2.0898 2.1046 2.1229 2.135 2.1577 2.1823 2.2012 2.214 2.2247
NaN NaN NaN NaN NaN NaN NaN NaN 0.26556 0.23955 0.22043 0.19708 0.16852 0.13981 1.7378 1.6717 1.7167 1.7295 1.7784 1.8321 1.885 1.9228 1.9601 1.9892 2.0099 2.0321 2.0453 2.0661 2.0838 2.0973 2.1128 2.1229 2.1467 2.1718 2.1884 2.2015 2.2112
NaN NaN NaN NaN NaN NaN NaN NaN 0.57945 0.6314 0.69602 0.7901 0.93161 1.1779 1.6622 1.5457 1.6665 1.693 1.7461 1.7994 1.8555 1.8961 1.9387 1.971 1.9966 2.021 2.0376 2.0583 2.0761 2.0904 2.1039 2.1148 2.1395 2.1608 2.1752 2.1879 2.1981
NaN NaN NaN NaN NaN NaN NaN NaN 0.81189 0.85951 0.91798 1.0024 1.1312 1.3147 1.5477 1.459 1.6227 1.6599 1.715 1.7696 1.8253 1.8703 1.9159 1.952 1.9813 2.008 2.0268 2.0477 2.0663 2.0799 2.0905 2.1023 2.1233 2.1477 2.1622 2.1744 2.1857
NaN NaN NaN NaN NaN NaN NaN NaN 0.87264 0.91656 0.98145 1.0724 1.1944 1.3328 1.4635 1.4182 1.5828 1.6278 1.6849 1.7408 1.7965 1.8441 1.8916 1.9303 1.9636 1.9918 2.0136 2.0344 2.052 2.0672 2.077 2.0897 2.1108 2.1351 2.1489 2.1619 2.1719
NaN NaN NaN NaN NaN NaN NaN NaN 0.92867 0.97148 1.0398 1.1313 1.2312 1.3282 1.4082 1.4018 1.5519 1.5968 1.6538 1.7114 1.7668 1.8165 1.8662 1.9077 1.945 1.9742 1.9976 2.0209 2.04 2.0565 2.0688 2.085 2.1016 2.1249 2.1367 2.1486 2.1577
NaN NaN NaN NaN NaN NaN NaN NaN 0.95799 1.0111 1.0817 1.1633 1.2402 1.3121 1.3747 1.3998 1.5298 1.5773 1.6308 1.6846 1.7388 1.7879 1.8376 1.8793 1.9159 1.9575 1.9755 1.9416 2.0273 2.0385 2.0502 2.0704 2.0906 2.1101 2.1226 2.1334 2.1419
NaN NaN NaN NaN NaN NaN NaN NaN 0.9826 1.0476 1.1131 1.1804 1.2401 1.298 1.3556 1.4004 1.511 1.5579 1.6107 1.6622 1.7127 1.7666 1.8156 1.8616 1.9078 1.9611 2.0015 1.9711 2.0241 2.0296 2.0401 2.0618 2.078 2.0987 2.1135 2.1115 2.1318
NaN NaN NaN NaN NaN NaN NaN NaN NaN 1.0947 1.1471 1.1984 1.2424 1.2916 1.3474 1.4054 1.5013 1.5425 1.5933 1.6417 1.6922 1.7468 1.7978 1.8459 1.8945 1.9454 1.9752 1.9456 2.0086 2.0183 2.0284 2.0501 2.066 2.0854 2.1021 2.0961 2.1199
NaN NaN NaN NaN NaN NaN NaN NaN NaN 1.1322 1.179 1.2037 1.2339 1.2841 1.343 1.4091 1.4959 1.5366 1.5802 1.6251 1.6784 1.7333 1.7831 1.8327 1.8804 1.9273 1.9514 1.9281 1.9914 2.0047 2.0182 2.0389 2.0545 2.0741 2.0896 2.0907 2.1076
NaN NaN NaN NaN NaN NaN NaN NaN NaN NaN 1.1806 1.194 1.2216 1.2831 1.3448 1.4141 1.4929 1.5303 1.5701 1.6164 1.6666 1.7193 1.7685 1.8153 1.8639 1.907 1.9282 1.9134 1.9738 1.9896 2.0077 2.0279 2.0449 2.0631 2.0761 2.0771 2.0931
NaN NaN NaN NaN NaN NaN NaN NaN NaN NaN NaN 1.1917 1.222 1.2883 1.3517 1.4202 1.4881 1.5209 1.5614 1.6069 1.6562 1.7063 1.7553 1.8014 1.8479 1.889 1.9091 1.9028 1.9575 1.9757 1.9965 2.017 2.0337 2.0521 2.0613 2.0634 2.0787
NaN NaN NaN NaN NaN NaN NaN NaN NaN NaN NaN 1.1982 1.2319 1.2912 1.3506 1.4145 1.476 1.5067 1.544 1.5942 1.6459 1.6936 1.7418 1.7869 1.8318 1.871 1.8921 1.8911 1.9412 1.961 1.9858 2.0058 2.0215 2.0376 2.0464 2.0511 2.0641
NaN NaN NaN NaN NaN NaN NaN NaN NaN NaN NaN NaN 1.2365 1.302 1.3306 1.397 1.4596 1.4928 1.5315 1.5815 1.6341 1.6805 1.7283 1.7716 1.8168 1.8547 1.8766 1.8823 1.9262 1.9476 1.9739 1.9947 2.0113 2.0254 2.0339 2.0388 2.0487
NaN NaN NaN NaN NaN NaN NaN NaN NaN NaN NaN NaN NaN 1.323 1.345 1.389 1.4569 1.485 1.5225 1.5729 1.6235 1.6699 1.7169 1.7597 1.8019 1.8405 1.8612 1.8726 1.913 1.9334 1.9631 1.9832 2.0002 2.0131 2.0211 2.0268 2.0335
NaN NaN NaN NaN NaN NaN NaN NaN NaN NaN NaN NaN NaN NaN 1.3582 1.4117 1.4487 1.4626 1.505 1.5624 1.6 1.6547 1.7007 1.7445 1.7892 1.8249 1.8486 1.8648 1.8989 1.9215 1.9525 1.9731 1.9896 2.001 2.0089 2.0135 2.021
NaN NaN NaN NaN NaN NaN NaN NaN NaN NaN NaN NaN NaN NaN NaN 1.4217 1.4483 1.4461 1.4879 1.5476 1.5841 1.6414 1.6865 1.7299 1.7731 1.8104 1.8339 1.8581 1.8778 1.9052 1.9409 1.9631 1.9793 1.9895 1.9979 2.0032 2.0073
NaN NaN NaN NaN NaN NaN NaN NaN NaN NaN NaN NaN NaN NaN NaN NaN NaN 1.4609 1.4899 1.5339 1.5526 1.6224 1.6657 1.7054 1.7488 1.7952 1.8214 1.8522 1.8721 1.8999 1.9308 1.9534 1.9688 1.978 1.9875 1.9915 1.9948
NaN NaN NaN NaN NaN NaN NaN NaN NaN NaN NaN NaN NaN NaN NaN NaN NaN NaN 1.497 1.5537 1.5334 1.6032 1.6509 1.6852 1.7204 1.7781 1.8108 1.8311 1.8599 1.889 1.9207 1.9446 1.96 1.9679 1.9763 1.9803 1.9824
NaN NaN NaN NaN NaN NaN NaN NaN NaN NaN NaN NaN NaN NaN NaN NaN NaN NaN NaN NaN 1.5248 1.6283 1.6515 1.6567 1.6745 1.7541 1.7932 1.8035 1.8448 1.8747 1.9135 1.9368 1.9495 1.9572 1.964 1.9681 1.971
NaN NaN NaN NaN NaN NaN NaN NaN NaN NaN NaN NaN NaN NaN NaN NaN NaN NaN NaN NaN NaN NaN 1.6249 1.6649 1.6571 1.7278 1.7666 1.7649 1.8258 1.8488 1.8779 1.9232 1.9356 1.9425 1.9482 1.9518 1.9545
NaN NaN NaN NaN NaN NaN NaN NaN NaN NaN NaN NaN NaN NaN NaN NaN NaN NaN NaN NaN NaN NaN NaN NaN 1.6027 1.7047 1.7254 1.7153 1.777 1.8104 1.8172 1.8835 1.9078 1.9067 1.9226 1.9317 1.923
NaN NaN NaN NaN NaN NaN NaN NaN NaN NaN NaN NaN NaN NaN NaN NaN NaN NaN NaN NaN NaN NaN NaN NaN NaN NaN 1.6404 1.7127 1.7551 1.8026 1.7707 1.8231 1.851 1.8331 1.8771 1.8828 1.8874
NaN NaN NaN NaN NaN NaN NaN NaN NaN NaN NaN NaN NaN NaN NaN NaN NaN NaN NaN NaN NaN NaN NaN NaN NaN NaN NaN NaN 1.6143 1.7516 1.7683 1.8015 1.7957 1.7325 1.7311 1.6165 1.0603
NaN NaN NaN NaN NaN NaN NaN NaN NaN NaN NaN NaN NaN NaN NaN NaN NaN NaN NaN NaN NaN NaN NaN NaN NaN NaN NaN NaN NaN NaN 1.5275 1.7163 1.6756 1.505 0.89353 NaN NaN
NaN NaN NaN NaN NaN NaN NaN NaN NaN NaN NaN NaN NaN NaN NaN NaN NaN NaN NaN NaN NaN NaN NaN NaN NaN NaN NaN NaN NaN NaN NaN NaN 1.3095 0.66827 NaN NaN NaN
NaN NaN NaN NaN NaN NaN NaN NaN NaN NaN NaN NaN NaN NaN NaN NaN NaN NaN NaN NaN NaN NaN NaN NaN NaN NaN NaN NaN NaN NaN NaN NaN NaN NaN NaN NaN NaN
NaN NaN NaN NaN NaN NaN NaN NaN NaN NaN NaN NaN NaN NaN NaN NaN NaN NaN NaN NaN NaN NaN NaN NaN NaN NaN NaN NaN NaN NaN NaN NaN NaN NaN NaN NaN NaN
NaN NaN NaN NaN NaN NaN NaN NaN NaN NaN NaN NaN NaN NaN NaN NaN NaN NaN NaN NaN NaN NaN NaN NaN NaN NaN NaN NaN NaN NaN NaN NaN NaN NaN NaN NaN NaN
