NaN NaN NaN NaN NaN NaN NaN NaN NaN NaN 1.6127 1.8395 1.8574 1.9725 1.9885 1.9301 1.875 1.8655 1.8897 1.9289 1.9709 1.9906 2.0125 2.036 2.0434 2.0639 2.0733 2.0937 2.1092 2.123 2.1389 2.1526 2.1741 2.1959 2.2171 2.2293 2.2393
NaN NaN NaN NaN NaN NaN NaN NaN NaN NaN NaN NaN NaN NaN 1.8193 1.832 1.816 1.8193 1.8569 1.9011 1.9456 1.9727 2.001 2.0269 2.0375 2.0584 2.0691 2.0885 2.1041 2.1167 2.1327 2.143 2.1643 2.1887 2.2074 2.2197 2.2295
NaN NaN NaN NaN NaN NaN NaN NaN 0.33124 0.30034 0.27814 0.25059 0.21656 0.1828 1.8283 1.7429 1.7726 1.7864 1.8301 1.8768 1.9228 1.9556 1.9883 2.0137 2.0318 2.0517 2.0638 2.0832 2.0995 2.111 2.1244 2.1329 2.1556 2.1808 2.1974 2.21 2.2188
NaN NaN NaN NaN NaN NaN NaN NaN 0.6843 0.73881 0.80446 0.89938 1.0408 1.2855 1.7575 1.6269 1.73 1.7594 1.8071 1.853 1.9016 1.936 1.9726 2.0001 2.0221 2.0435 2.0584 2.0773 2.0936 2.1061 2.1174 2.1268 2.1507 2.1722 2.1867 2.1989 2.2084
NaN NaN NaN NaN NaN NaN NaN NaN 0.93161 0.9794 1.0366 1.1189 1.2444 1.4215 1.6412 1.5447 1.6919 1.7328 1.7828 1.8306 1.8786 1.9168 1.9553 1.9856 2.0103 2.0333 2.0497 2.0685 2.0854 2.0972 2.1058 2.1164 2.137 2.1618 2.1765 2.1881 2.1986
NaN NaN NaN NaN NaN NaN NaN NaN 0.98559 1.0289 1.0932 1.1828 1.3025 1.4354 1.558 1.5081 1.657 1.7052 1.758 1.8077 1.856 1.8961 1.9361 1.9682 1.9961 2.02 2.039 2.0574 2.0732 2.0867 2.0948 2.1065 2.127 2.1516 2.1656 2.1781 2.1872
NaN NaN NaN NaN NaN NaN NaN NaN 1.0406 1.0827 1.1506 1.2411 1.3384 1.4308 1.5058 1.4949 1.6305 1.6773 1.7308 1.7831 1.8316 1.8739 1.9158 1.9504 1.9818 2.0064 2.0266 2.0474 2.0645 2.0791 2.0898 2.1047 2.1207 2.144 2.156 2.1673 2.1757
NaN NaN NaN NaN NaN NaN NaN NaN 1.0674 1.1207 1.1912 1.2718 1.3465 1.4153 1.4753 1.4956 1.6127 1.6609 1.7106 1.759 1.8065 1.8481 1.8896 1.9239 1.9542 1.9922 2.0086 1.9676 2.0526 2.0645 2.0745 2.0933 2.1127 2.132 2.1446 2.155 2.1627
NaN NaN NaN NaN NaN NaN NaN NaN 1.0884 1.1571 1.2221 1.2886 1.3467 1.4028 1.459 1.4981 1.5977 1.6446 1.694 1.741 1.7857 1.8332 1.8751 1.9146 1.9556 2.0055 2.0432 2.0033 2.0509 2.0579 2.0673 2.0877 2.1033 2.1236 2.1386 2.1358 2.155
NaN NaN NaN NaN NaN NaN NaN NaN NaN 1.2069 1.2583 1.3084 1.3515 1.3994 1.4536 1.5051 1.5908 1.6312 1.6788 1.7232 1.7688 1.8176 1.8619 1.9032 1.9458 1.992 2.0183 1.9812 2.0385 2.049 2.0583 2.079 2.0945 2.1136 2.1306 2.1233 2.1454
NaN NaN NaN NaN NaN NaN NaN NaN NaN 1.2448 1.2916 1.3148 1.3443 1.3935 1.4512 1.5107 1.5887 1.6282 1.6683 1.7099 1.759 1.8084 1.8516 1.8942 1.9354 1.9769 1.9978 1.9686 2.0255 2.0389 2.0515 2.0712 2.0864 2.1057 2.1212 2.1211 2.1359
NaN NaN NaN NaN NaN NaN NaN NaN NaN NaN 1.2929 1.3051 1.3331 1.3945 1.455 1.5175 1.5883 1.624 1.6609 1.7041 1.7503 1.7976 1.8404 1.8801 1.9221 1.9599 1.9782 1.9584 2.0123 2.0276 2.0445 2.0634 2.0798 2.0974 2.1101 2.11 2.1241
NaN NaN NaN NaN NaN NaN NaN NaN NaN NaN NaN 1.3061 1.3362 1.4018 1.4635 1.5247 1.585 1.6162 1.6542 1.6969 1.7425 1.7874 1.8302 1.8695 1.9093 1.9453 1.9626 1.9519 2.0002 2.0173 2.0364 2.0553 2.0711 2.0888 2.0975 2.0986 2.1119
NaN NaN NaN NaN NaN NaN NaN NaN NaN NaN NaN 1.3135 1.3472 1.4044 1.461 1.518 1.5729 1.6024 1.6379 1.6858 1.734 1.7767 1.8191 1.8576 1.896 1.9302 1.9488 1.9435 1.9877 2.0059 2.0286 2.0467 2.0613 2.0765 2.0848 2.0884 2.0994
NaN NaN NaN NaN NaN NaN NaN NaN NaN NaN NaN NaN 1.3457 1.4112 1.4376 1.4988 1.5566 1.5895 1.6267 1.6743 1.7234 1.7654 1.8075 1.8445 1.8835 1.9168 1.936 1.9377 1.976 1.9955 2.0194 2.0381 2.0534 2.0664 2.0741 2.0777 2.0857
NaN NaN NaN NaN NaN NaN NaN NaN NaN NaN NaN NaN NaN 1.4343 1.4543 1.4929 1.5562 1.5837 1.6194 1.6669 1.7141 1.7563 1.7979 1.8346 1.8709 1.9049 1.923 1.9304 1.9657 1.984 2.011 2.029 2.0442 2.0558 2.0628 2.0672 2.072
NaN NaN NaN NaN NaN NaN NaN NaN NaN NaN NaN NaN NaN NaN 1.467 1.5165 1.5487 1.5628 1.603 1.656 1.6903 1.7416 1.7828 1.8211 1.8602 1.8915 1.9125 1.9249 1.9543 1.9746 2.0026 2.021 2.0355 2.0455 2.0522 2.0554 2.061
NaN NaN NaN NaN NaN NaN NaN NaN NaN NaN NaN NaN NaN NaN NaN 1.525 1.5483 1.5461 1.5869 1.642 1.6759 1.7287 1.7695 1.8075 1.8454 1.8787 1.8994 1.9201 1.9352 1.9601 1.9931 2.0131 2.0272 2.0358 2.0429 2.0465 2.0487
NaN NaN NaN NaN NaN NaN NaN NaN NaN NaN NaN NaN NaN NaN NaN NaN NaN 1.5615 1.5885 1.6286 1.6464 1.7095 1.7487 1.7834 1.8224 1.8657 1.8895 1.9166 1.9322 1.9567 1.9848 2.0053 2.0185 2.0258 2.0338 2.0362 2.0374
NaN NaN NaN NaN NaN NaN NaN NaN NaN NaN NaN NaN NaN NaN NaN NaN NaN NaN 1.592 1.6456 1.6283 1.6903 1.7343 1.7637 1.7948 1.8501 1.8807 1.8961 1.9213 1.9476 1.9765 1.9981 2.0113 2.0172 2.0238 2.0261 2.0263
NaN NaN NaN NaN NaN NaN NaN NaN NaN NaN NaN NaN NaN NaN NaN NaN NaN NaN NaN NaN 1.6164 1.7138 1.7329 1.7337 1.749 1.8273 1.8645 1.8693 1.9074 1.9351 1.9711 1.9921 2.0023 2.0078 2.0126 2.015 2.0162
NaN NaN NaN NaN NaN NaN NaN NaN NaN NaN NaN NaN NaN NaN NaN NaN NaN NaN NaN NaN NaN NaN 1.697 1.7306 1.7312 1.8008 1.8379 1.8311 1.889 1.9103 1.9362 1.9797 1.9898 1.9941 1.9977 1.9997 2.0011
NaN NaN NaN NaN NaN NaN NaN NaN NaN NaN NaN NaN NaN NaN NaN NaN NaN NaN NaN NaN NaN NaN NaN NaN 1.6741 1.7719 1.7906 1.7774 1.8377 1.8709 1.8749 1.9401 1.9634 1.9586 1.9722 1.9807 1.9709
NaN NaN NaN NaN NaN NaN NaN NaN NaN NaN NaN NaN NaN NaN NaN NaN NaN NaN NaN NaN NaN NaN NaN NaN NaN NaN 1.7183 1.7747 1.8147 1.8617 1.8241 1.8756 1.9054 1.8843 1.9272 1.9339 1.9374
NaN NaN NaN NaN NaN NaN NaN NaN NaN NaN NaN NaN NaN NaN NaN NaN NaN NaN NaN NaN NaN NaN NaN NaN NaN NaN NaN NaN 1.6725 1.7951 1.8158 1.8475 1.8407 1.7703 1.7586 1.6235 0.9865
NaN NaN NaN NaN NaN NaN NaN NaN NaN NaN NaN NaN NaN NaN NaN NaN NaN NaN NaN NaN NaN NaN NaN NaN NaN NaN NaN NaN NaN NaN 1.5635 1.7525 1.7021 1.5095 0.83038 NaN NaN
NaN NaN NaN NaN NaN NaN NaN NaN NaN NaN NaN NaN NaN NaN NaN NaN NaN NaN NaN NaN NaN NaN NaN NaN NaN NaN NaN NaN NaN NaN NaN NaN 1.3308 0.62225 NaN NaN NaN
NaN NaN NaN NaN NaN NaN NaN NaN NaN NaN NaN NaN NaN NaN NaN NaN NaN NaN NaN NaN NaN NaN NaN NaN NaN NaN NaN NaN NaN NaN NaN NaN NaN NaN NaN NaN NaN
NaN NaN NaN NaN NaN NaN NaN NaN NaN NaN NaN NaN NaN NaN NaN NaN NaN NaN NaN NaN NaN NaN NaN NaN NaN NaN NaN NaN NaN NaN NaN NaN NaN NaN NaN NaN NaN
NaN NaN NaN NaN NaN NaN NaN NaN NaN NaN NaN NaN NaN NaN NaN NaN NaN NaN NaN NaN NaN NaN NaN NaN NaN NaN NaN NaN NaN NaN NaN NaN NaN NaN NaN NaN NaN
