NaN NaN NaN NaN NaN NaN NaN NaN NaN NaN 1.799 2.0559 2.1233 2.3142 2.3861 2.4892 2.5647 2.5707 2.6162 2.6793 2.7447 2.7757 2.8095 2.8433 2.8541 2.8852 2.8994 2.9298 2.9534 2.9762 3.0026 3.0255 3.0586 3.09 3.1204 3.1381 3.1534
NaN NaN NaN NaN NaN NaN NaN NaN NaN NaN NaN NaN NaN NaN 2.0925 2.2321 2.4552 2.4797 2.5476 2.6225 2.6952 2.7393 2.7846 2.8242 2.8415 2.8739 2.89 2.9191 2.943 2.9642 2.9905 3.0082 3.0406 3.0751 3.1015 3.1194 3.1345
NaN NaN NaN NaN NaN NaN NaN NaN 0.35348 0.31809 0.29149 0.2592 0.21993 0.18062 2.0839 2.1036 2.3725 2.4115 2.4894 2.5704 2.648 2.7029 2.7569 2.7986 2.8282 2.8602 2.879 2.9086 2.9336 2.9532 2.9755 2.9903 3.0242 3.0593 3.0825 3.1008 3.1145
NaN NaN NaN NaN NaN NaN NaN NaN 0.76233 0.82744 0.90758 1.0239 1.1967 1.4931 2.0571 2.0192 2.3012 2.358 2.4414 2.5218 2.6042 2.6633 2.7251 2.7717 2.8084 2.8435 2.8673 2.8968 2.9221 2.9427 2.9622 2.9781 3.0133 3.0429 3.063 3.0807 3.0951
NaN NaN NaN NaN NaN NaN NaN NaN 1.071 1.1311 1.2042 1.3094 1.4691 1.6944 1.9765 1.9485 2.2411 2.311 2.396 2.478 2.5596 2.6253 2.6915 2.7435 2.7858 2.8243 2.8512 2.8811 2.9075 2.927 2.9425 2.9596 2.9895 3.0236 3.0437 3.0607 3.0766
NaN NaN NaN NaN NaN NaN NaN NaN 1.1549 1.211 1.294 1.4101 1.5659 1.7415 1.911 1.9192 2.1876 2.2664 2.3532 2.4361 2.5176 2.5868 2.6559 2.7117 2.7598 2.8005 2.8317 2.8615 2.8865 2.9083 2.9226 2.941 2.9709 3.0048 3.0239 3.0422 3.0562
NaN NaN NaN NaN NaN NaN NaN NaN 1.2355 1.291 1.3797 1.4989 1.6292 1.7561 1.8685 1.9122 2.1469 2.2236 2.3095 2.3941 2.4747 2.5468 2.6189 2.6787 2.7325 2.7746 2.8082 2.8416 2.8688 2.8924 2.9103 2.9335 2.9571 2.9897 3.006 3.0225 3.0353
NaN NaN NaN NaN NaN NaN NaN NaN 1.2803 1.3503 1.4433 1.5512 1.6538 1.7514 1.8454 1.9193 2.1182 2.1968 2.2773 2.3561 2.4347 2.5057 2.5775 2.6378 2.6907 2.7493 2.7738 2.7318 2.8508 2.8661 2.8831 2.912 2.9406 2.968 2.9852 3.0003 3.0122
NaN NaN NaN NaN NaN NaN NaN NaN 1.3182 1.4054 1.4924 1.5829 1.6645 1.7458 1.8351 1.9267 2.0941 2.1703 2.2492 2.3246 2.3976 2.4749 2.5455 2.6118 2.678 2.7532 2.8097 2.7721 2.8462 2.853 2.8681 2.899 2.9221 2.9511 2.9713 2.9685 2.997
NaN NaN NaN NaN NaN NaN NaN NaN NaN 1.4753 1.5457 1.6156 1.6777 1.7482 1.8351 1.9384 2.0823 2.1491 2.2251 2.2958 2.3684 2.4465 2.5198 2.5889 2.6585 2.7305 2.772 2.7347 2.8237 2.8364 2.8508 2.8817 2.9043 2.9315 2.9542 2.9461 2.9797
NaN NaN NaN NaN NaN NaN NaN NaN NaN 1.5304 1.5948 1.6301 1.674 1.7463 1.8374 1.9472 2.0764 2.1413 2.2068 2.2726 2.3488 2.4271 2.4985 2.5696 2.6379 2.7043 2.7376 2.7086 2.7987 2.8165 2.8356 2.8652 2.8871 2.9146 2.9359 2.9377 2.9616
NaN NaN NaN NaN NaN NaN NaN NaN NaN NaN 1.6012 1.6232 1.6643 1.7518 1.8464 1.9572 2.0737 2.1328 2.1928 2.2601 2.3321 2.4071 2.4774 2.5446 2.6141 2.6751 2.7042 2.6866 2.773 2.7945 2.8201 2.8488 2.8729 2.8983 2.9162 2.9177 2.9404
NaN NaN NaN NaN NaN NaN NaN NaN NaN NaN NaN 1.6262 1.6712 1.7649 1.861 1.9681 2.0683 2.1199 2.1804 2.2466 2.3173 2.3886 2.4585 2.5246 2.591 2.6491 2.6767 2.6706 2.7491 2.7741 2.8035 2.8327 2.8564 2.8821 2.8946 2.8977 2.9192
NaN NaN NaN NaN NaN NaN NaN NaN NaN NaN NaN 1.638 1.6904 1.7734 1.863 1.9621 2.0524 2.1002 2.156 2.2288 2.3028 2.3706 2.4393 2.5036 2.5678 2.623 2.6522 2.6532 2.7253 2.7527 2.7878 2.8162 2.8385 2.8609 2.8729 2.8796 2.898
NaN NaN NaN NaN NaN NaN NaN NaN NaN NaN NaN NaN 1.6901 1.7835 1.8379 1.9391 2.0303 2.0809 2.1384 2.2109 2.286 2.3521 2.4199 2.4817 2.5461 2.5996 2.6297 2.64 2.7032 2.7331 2.7703 2.7998 2.8234 2.8431 2.8547 2.8615 2.8756
NaN NaN NaN NaN NaN NaN NaN NaN NaN NaN NaN NaN NaN 1.7961 1.8442 1.931 2.0277 2.0705 2.1258 2.1989 2.2713 2.3371 2.4037 2.4646 2.5248 2.579 2.6076 2.6256 2.6838 2.7124 2.7544 2.783 2.807 2.8251 2.8361 2.8441 2.8536
NaN NaN NaN NaN NaN NaN NaN NaN NaN NaN NaN NaN NaN NaN 1.8356 1.9321 2.0198 2.0401 2.1013 2.1841 2.2383 2.3156 2.3807 2.443 2.5065 2.5566 2.5894 2.614 2.6633 2.6949 2.7387 2.768 2.7914 2.8074 2.8181 2.8247 2.8353
NaN NaN NaN NaN NaN NaN NaN NaN NaN NaN NaN NaN NaN NaN NaN 1.9026 1.9762 2.0191 2.0784 2.1637 2.2162 2.2969 2.3606 2.4223 2.4834 2.5359 2.5683 2.6036 2.6329 2.6716 2.7218 2.7532 2.7763 2.7906 2.8022 2.8095 2.8154
NaN NaN NaN NaN NaN NaN NaN NaN NaN NaN NaN NaN NaN NaN NaN NaN NaN 1.9924 2.0783 2.1451 2.172 2.2704 2.3314 2.3878 2.4491 2.514 2.5503 2.5947 2.6242 2.6635 2.7071 2.739 2.7609 2.7738 2.7869 2.7925 2.7972
NaN NaN NaN NaN NaN NaN NaN NaN NaN NaN NaN NaN NaN NaN NaN NaN NaN NaN 1.9995 2.0899 2.1411 2.2443 2.3111 2.3598 2.4095 2.4895 2.5347 2.565 2.6065 2.6476 2.6923 2.7259 2.7479 2.7591 2.7706 2.7762 2.7792
NaN NaN NaN NaN NaN NaN NaN NaN NaN NaN NaN NaN NaN NaN NaN NaN NaN NaN NaN NaN 2.0248 2.1594 2.2892 2.3205 2.3456 2.4555 2.5097 2.5262 2.585 2.627 2.6815 2.7144 2.7325 2.7434 2.7529 2.7585 2.7625
NaN NaN NaN NaN NaN NaN NaN NaN NaN NaN NaN NaN NaN NaN NaN NaN NaN NaN NaN NaN NaN NaN 2.0163 2.0945 2.2458 2.4184 2.473 2.4723 2.5578 2.59 2.6312 2.6947 2.7123 2.7222 2.7302 2.7352 2.7388
NaN NaN NaN NaN NaN NaN NaN NaN NaN NaN NaN NaN NaN NaN NaN NaN NaN NaN NaN NaN NaN NaN NaN NaN 1.9761 2.2254 2.4018 2.401 2.4895 2.5363 2.5464 2.6386 2.6724 2.6716 2.6937 2.7061 2.6936
NaN NaN NaN NaN NaN NaN NaN NaN NaN NaN NaN NaN NaN NaN NaN NaN NaN NaN NaN NaN NaN NaN NaN NaN NaN NaN 2.1208 2.2206 2.4073 2.515 2.4693 2.554 2.5923 2.5682 2.6288 2.6358 2.6425
NaN NaN NaN NaN NaN NaN NaN NaN NaN NaN NaN NaN NaN NaN NaN NaN NaN NaN NaN NaN NaN NaN NaN NaN NaN NaN NaN NaN 1.9765 2.0996 2.2273 2.3261 2.4813 2.4252 2.4252 2.2654 1.4894
NaN NaN NaN NaN NaN NaN NaN NaN NaN NaN NaN NaN NaN NaN NaN NaN NaN NaN NaN NaN NaN NaN NaN NaN NaN NaN NaN NaN NaN NaN 1.7165 2.0902 2.2648 2.1043 1.2513 NaN NaN
NaN NaN NaN NaN NaN NaN NaN NaN NaN NaN NaN NaN NaN NaN NaN NaN NaN NaN NaN NaN NaN NaN NaN NaN NaN NaN NaN NaN NaN NaN NaN NaN 1.7695 0.92772 NaN NaN NaN
NaN NaN NaN NaN NaN NaN NaN NaN NaN NaN NaN NaN NaN NaN NaN NaN NaN NaN NaN NaN NaN NaN NaN NaN NaN NaN NaN NaN NaN NaN NaN NaN NaN NaN NaN NaN NaN
NaN NaN NaN NaN NaN NaN NaN NaN NaN NaN NaN NaN NaN NaN NaN NaN NaN NaN NaN NaN NaN NaN NaN NaN NaN NaN NaN NaN NaN NaN NaN NaN NaN NaN NaN NaN NaN
NaN NaN NaN NaN NaN NaN NaN NaN NaN NaN NaN NaN NaN NaN NaN NaN NaN NaN NaN NaN NaN NaN NaN NaN NaN NaN NaN NaN NaN NaN NaN NaN NaN NaN NaN NaN NaN
