NaN NaN NaN NaN NaN NaN NaN NaN NaN NaN 1.5888 1.7419 1.7363 1.8182 1.8233 1.7553 1.7042 1.6935 1.7093 1.7378 1.7681 1.7814 1.7974 1.8152 1.8204 1.8367 1.8437 1.8594 1.8707 1.8802 1.8915 1.9014 1.9183 1.936 1.9531 1.9624 1.9697
NaN NaN NaN NaN NaN NaN NaN NaN NaN NaN NaN NaN NaN NaN 1.7463 1.702 1.6658 1.6659 1.6917 1.7221 1.7527 1.7707 1.7907 1.8089 1.8158 1.8317 1.8396 1.8542 1.8656 1.874 1.8855 1.8927 1.9097 1.9299 1.9447 1.954 1.961
NaN NaN NaN NaN NaN NaN NaN NaN 0.38456 0.35166 0.32952 0.3015 0.26649 0.23399 1.7541 1.642 1.6402 1.6488 1.6789 1.7101 1.7403 1.7613 1.7833 1.7996 1.8117 1.8259 1.8344 1.8487 1.8604 1.8681 1.8773 1.8833 1.9017 1.9225 1.9356 1.945 1.951
NaN NaN NaN NaN NaN NaN NaN NaN 0.73999 0.79163 0.85193 0.93786 1.0631 1.2774 1.6793 1.5416 1.609 1.6327 1.6661 1.6963 1.7281 1.7493 1.7731 1.7902 1.8043 1.8191 1.8294 1.8429 1.8544 1.8629 1.8704 1.8771 1.8966 1.9142 1.9254 1.9344 1.941
NaN NaN NaN NaN NaN NaN NaN NaN 0.97323 1.0158 1.065 1.1351 1.2411 1.388 1.5639 1.4692 1.5791 1.6134 1.6492 1.6816 1.7129 1.7366 1.761 1.7796 1.795 1.8103 1.8211 1.8341 1.8458 1.8536 1.859 1.867 1.8838 1.9045 1.9159 1.9244 1.9318
NaN NaN NaN NaN NaN NaN NaN NaN 1.0092 1.0464 1.1019 1.1785 1.2796 1.3889 1.4856 1.4376 1.5508 1.5911 1.6303 1.6649 1.6968 1.7218 1.7468 1.7664 1.7838 1.7992 1.8117 1.8241 1.8348 1.8441 1.8492 1.8582 1.8749 1.8951 1.906 1.915 1.9212
NaN NaN NaN NaN NaN NaN NaN NaN 1.0529 1.0886 1.147 1.2242 1.3055 1.38 1.4386 1.4258 1.5291 1.5674 1.6081 1.6459 1.6787 1.7057 1.7323 1.7538 1.7737 1.7894 1.8026 1.8169 1.8284 1.8385 1.8458 1.8573 1.8697 1.8884 1.8975 1.9057 1.9113
NaN NaN NaN NaN NaN NaN NaN NaN 1.07 1.1164 1.1769 1.2452 1.3071 1.3626 1.4108 1.4255 1.5145 1.5534 1.5904 1.6249 1.6569 1.683 1.7087 1.7292 1.7478 1.7743 1.783 1.7505 1.8185 1.8272 1.8336 1.8483 1.8638 1.8786 1.8882 1.8955 1.9005
NaN NaN NaN NaN NaN NaN NaN NaN 1.0807 1.1451 1.2005 1.2565 1.3045 1.3503 1.3964 1.4272 1.5028 1.5407 1.5785 1.6128 1.6439 1.6765 1.7039 1.7305 1.7597 1.7971 1.8233 1.7874 1.8183 1.8227 1.8291 1.8451 1.8571 1.8728 1.8841 1.88 1.8945
NaN NaN NaN NaN NaN NaN NaN NaN NaN 1.1894 1.2323 1.2736 1.3088 1.3479 1.3923 1.4331 1.4977 1.5296 1.5661 1.5991 1.6318 1.6659 1.6959 1.7235 1.7531 1.7856 1.801 1.7688 1.8099 1.8167 1.823 1.8392 1.8514 1.8661 1.8789 1.871 1.8873
NaN NaN NaN NaN NaN NaN NaN NaN NaN 1.2206 1.261 1.2782 1.3017 1.3423 1.3904 1.4381 1.4976 1.5287 1.559 1.5903 1.6267 1.6615 1.6906 1.7191 1.7468 1.7747 1.7858 1.761 1.8023 1.8108 1.8198 1.835 1.8469 1.8617 1.8728 1.8711 1.8806
NaN NaN NaN NaN NaN NaN NaN NaN NaN NaN 1.2597 1.2678 1.291 1.3435 1.3942 1.4444 1.4983 1.5264 1.5544 1.5873 1.6211 1.6544 1.6832 1.7092 1.7376 1.7624 1.7717 1.7551 1.7943 1.804 1.8163 1.8304 1.843 1.856 1.8644 1.8627 1.8718
NaN NaN NaN NaN NaN NaN NaN NaN NaN NaN NaN 1.2706 1.295 1.3505 1.402 1.4504 1.4959 1.5201 1.5496 1.5825 1.6161 1.6476 1.6767 1.7025 1.7289 1.7524 1.7612 1.7519 1.7871 1.7979 1.8114 1.8252 1.8368 1.8498 1.8547 1.8538 1.8623
NaN NaN NaN NaN NaN NaN NaN NaN NaN NaN NaN 1.2763 1.3043 1.3509 1.3969 1.4417 1.4836 1.507 1.5353 1.5734 1.6097 1.6395 1.6684 1.6937 1.7191 1.7413 1.7514 1.7464 1.7787 1.7904 1.8064 1.8191 1.8294 1.8401 1.8446 1.8458 1.8523
NaN NaN NaN NaN NaN NaN NaN NaN NaN NaN NaN NaN 1.2946 1.3514 1.3717 1.4218 1.4681 1.4956 1.5261 1.5636 1.6006 1.6303 1.6592 1.6836 1.7098 1.7315 1.7423 1.7429 1.7705 1.7833 1.7999 1.813 1.8236 1.8321 1.836 1.8368 1.8406
NaN NaN NaN NaN NaN NaN NaN NaN NaN NaN NaN NaN NaN 1.3744 1.389 1.4175 1.4691 1.492 1.5212 1.5577 1.5927 1.6229 1.6515 1.6759 1.6998 1.7224 1.7324 1.7373 1.763 1.7746 1.7937 1.8059 1.8162 1.8233 1.8265 1.8277 1.8287
NaN NaN NaN NaN NaN NaN NaN NaN NaN NaN NaN NaN NaN NaN 1.3997 1.4391 1.4611 1.4722 1.5052 1.5463 1.5713 1.6096 1.6383 1.6645 1.6914 1.7118 1.7244 1.7331 1.7542 1.7676 1.7873 1.7996 1.8091 1.8147 1.8175 1.8176 1.8193
NaN NaN NaN NaN NaN NaN NaN NaN NaN NaN NaN NaN NaN NaN NaN 1.4452 1.4604 1.4549 1.4886 1.5337 1.5589 1.5979 1.6264 1.6525 1.6785 1.7009 1.7133 1.7285 1.7381 1.7556 1.7797 1.7935 1.8024 1.8067 1.8097 1.81 1.8087
NaN NaN NaN NaN NaN NaN NaN NaN NaN NaN NaN NaN NaN NaN NaN NaN NaN 1.4694 1.4885 1.5187 1.5306 1.5789 1.6067 1.6309 1.6589 1.6905 1.7061 1.7262 1.7366 1.7531 1.7727 1.7868 1.795 1.7982 1.8019 1.801 1.799
NaN NaN NaN NaN NaN NaN NaN NaN NaN NaN NaN NaN NaN NaN NaN NaN NaN NaN 1.49 1.5318 1.5133 1.561 1.5937 1.6136 1.6352 1.6768 1.698 1.708 1.7268 1.7453 1.7657 1.7807 1.7888 1.7908 1.7931 1.7922 1.7894
NaN NaN NaN NaN NaN NaN NaN NaN NaN NaN NaN NaN NaN NaN NaN NaN NaN NaN NaN NaN 1.5048 1.583 1.5916 1.587 1.5957 1.6564 1.6833 1.6847 1.7144 1.7349 1.7613 1.7755 1.7809 1.7824 1.7833 1.7824 1.7808
NaN NaN NaN NaN NaN NaN NaN NaN NaN NaN NaN NaN NaN NaN NaN NaN NaN NaN NaN NaN NaN NaN 1.5856 1.5994 1.5834 1.6345 1.6604 1.6516 1.697 1.7122 1.7303 1.7642 1.7698 1.7702 1.7699 1.7689 1.7677
NaN NaN NaN NaN NaN NaN NaN NaN NaN NaN NaN NaN NaN NaN NaN NaN NaN NaN NaN NaN NaN NaN NaN NaN 1.5601 1.6142 1.6131 1.6001 1.6496 1.676 1.677 1.7287 1.746 1.7388 1.7469 1.7516 1.7411
NaN NaN NaN NaN NaN NaN NaN NaN NaN NaN NaN NaN NaN NaN NaN NaN NaN NaN NaN NaN NaN NaN NaN NaN NaN NaN 1.5767 1.6084 1.6309 1.6617 1.6313 1.6696 1.693 1.6731 1.7059 1.7102 1.712
NaN NaN NaN NaN NaN NaN NaN NaN NaN NaN NaN NaN NaN NaN NaN NaN NaN NaN NaN NaN NaN NaN NaN NaN NaN NaN NaN NaN 1.556 1.6499 1.6327 1.6483 1.6278 1.5579 1.532 1.3893 0.74379
NaN NaN NaN NaN NaN NaN NaN NaN NaN NaN NaN NaN NaN NaN NaN NaN NaN NaN NaN NaN NaN NaN NaN NaN NaN NaN NaN NaN NaN NaN 1.4808 1.5713 1.4895 1.2947 0.62485 NaN NaN
NaN NaN NaN NaN NaN NaN NaN NaN NaN NaN NaN NaN NaN NaN NaN NaN NaN NaN NaN NaN NaN NaN NaN NaN NaN NaN NaN NaN NaN NaN NaN NaN 1.1659 0.46841 NaN NaN NaN
NaN NaN NaN NaN NaN NaN NaN NaN NaN NaN NaN NaN NaN NaN NaN NaN NaN NaN NaN NaN NaN NaN NaN NaN NaN NaN NaN NaN NaN NaN NaN NaN NaN NaN NaN NaN NaN
NaN NaN NaN NaN NaN NaN NaN NaN NaN NaN NaN NaN NaN NaN NaN NaN NaN NaN NaN NaN NaN NaN NaN NaN NaN NaN NaN NaN NaN NaN NaN NaN NaN NaN NaN NaN NaN
NaN NaN NaN NaN NaN NaN NaN NaN NaN NaN NaN NaN NaN NaN NaN NaN NaN NaN NaN NaN NaN NaN NaN NaN NaN NaN NaN NaN NaN NaN NaN NaN NaN NaN NaN NaN NaN
