NaN NaN NaN NaN NaN NaN NaN NaN NaN NaN 1.4989 1.6006 1.5721 1.6242 1.6223 1.5563 1.5145 1.5081 1.5213 1.5432 1.5651 1.5746 1.5859 1.5988 1.6021 1.6136 1.6183 1.6297 1.6373 1.6428 1.65 1.6567 1.6696 1.6842 1.6978 1.7049 1.7102
NaN NaN NaN NaN NaN NaN NaN NaN NaN NaN NaN NaN NaN NaN 1.6075 1.533 1.4899 1.4921 1.5122 1.5339 1.5549 1.5673 1.581 1.5933 1.5973 1.6081 1.6135 1.6237 1.6312 1.6359 1.6434 1.6482 1.6616 1.6783 1.6901 1.6971 1.702
NaN NaN NaN NaN NaN NaN NaN NaN 0.41554 0.38211 0.36067 0.33282 0.29735 0.26512 1.6178 1.4975 1.4771 1.4851 1.5072 1.5282 1.5478 1.5614 1.5753 1.585 1.5925 1.6015 1.6071 1.6168 1.6246 1.6288 1.6346 1.6386 1.6533 1.6706 1.6809 1.688 1.692
NaN NaN NaN NaN NaN NaN NaN NaN 0.76007 0.80745 0.86045 0.93474 1.0407 1.2194 1.5434 1.4132 1.4537 1.4754 1.4994 1.5192 1.5397 1.5523 1.5669 1.5764 1.5848 1.5941 1.6007 1.6095 1.6171 1.6222 1.6266 1.6314 1.647 1.6615 1.6703 1.677 1.6815
NaN NaN NaN NaN NaN NaN NaN NaN 0.96854 1.0048 1.045 1.1018 1.187 1.3026 1.4343 1.3506 1.4293 1.46 1.4861 1.5078 1.5278 1.542 1.5561 1.5663 1.575 1.5841 1.5907 1.599 1.6068 1.6115 1.6143 1.6205 1.6343 1.6515 1.6606 1.6668 1.672
NaN NaN NaN NaN NaN NaN NaN NaN 0.98665 1.0171 1.0632 1.1258 1.2076 1.2929 1.3643 1.3234 1.4057 1.4406 1.4699 1.4939 1.5144 1.5292 1.5434 1.554 1.5638 1.5727 1.5805 1.5884 1.5953 1.6015 1.6046 1.6116 1.6253 1.6418 1.6505 1.6572 1.6614
NaN NaN NaN NaN NaN NaN NaN NaN 1.0185 1.0476 1.096 1.1593 1.2244 1.2813 1.3244 1.3126 1.3875 1.4195 1.4505 1.4779 1.4995 1.516 1.5316 1.5436 1.5552 1.5642 1.5725 1.582 1.5896 1.5964 1.6014 1.6104 1.6201 1.6351 1.6425 1.6484 1.6522
NaN NaN NaN NaN NaN NaN NaN NaN 1.0265 1.0656 1.1158 1.1716 1.2207 1.2633 1.3004 1.311 1.3752 1.4066 1.4337 1.4577 1.4786 1.4938 1.5081 1.5187 1.5288 1.5476 1.5524 1.5229 1.579 1.5866 1.5908 1.6024 1.6148 1.6265 1.6343 1.6397 1.643
NaN NaN NaN NaN NaN NaN NaN NaN 1.028 1.087 1.1326 1.1782 1.2164 1.2523 1.2889 1.312 1.3664 1.3969 1.4254 1.4502 1.4714 1.4935 1.5106 1.5278 1.5482 1.5762 1.5946 1.5597 1.5785 1.5829 1.5876 1.6001 1.6097 1.6222 1.6314 1.6269 1.6382
NaN NaN NaN NaN NaN NaN NaN NaN NaN 1.1253 1.1599 1.1928 1.2207 1.2514 1.2867 1.3169 1.3627 1.3878 1.4152 1.4393 1.4625 1.486 1.5054 1.5228 1.5423 1.5645 1.5732 1.5436 1.572 1.5781 1.583 1.596 1.6059 1.6176 1.6281 1.6204 1.6325
NaN NaN NaN NaN NaN NaN NaN NaN NaN 1.15 1.1839 1.1961 1.2145 1.2469 1.2857 1.3216 1.3644 1.3886 1.4108 1.4339 1.4604 1.4846 1.5032 1.521 1.5384 1.5562 1.5619 1.5395 1.5677 1.5749 1.582 1.594 1.6037 1.6155 1.6242 1.622 1.6279
NaN NaN NaN NaN NaN NaN NaN NaN NaN NaN 1.1811 1.1862 1.2051 1.2488 1.29 1.3275 1.3662 1.3878 1.4091 1.4335 1.4571 1.4799 1.4984 1.514 1.5318 1.5472 1.5519 1.5367 1.5634 1.571 1.5805 1.5913 1.6013 1.6114 1.6175 1.6155 1.6212
NaN NaN NaN NaN NaN NaN NaN NaN NaN NaN NaN 1.1909 1.2103 1.2558 1.2972 1.3327 1.3646 1.3835 1.4065 1.4308 1.4543 1.4755 1.4944 1.5099 1.526 1.5406 1.5451 1.5359 1.5594 1.5675 1.5774 1.5875 1.5964 1.6064 1.6096 1.6083 1.6135
NaN NaN NaN NaN NaN NaN NaN NaN NaN NaN NaN 1.1953 1.2181 1.2546 1.2905 1.3231 1.3529 1.3716 1.3948 1.4241 1.4495 1.4694 1.4881 1.5034 1.5188 1.5326 1.5383 1.5324 1.554 1.5623 1.5739 1.5828 1.5904 1.5983 1.6013 1.6016 1.6052
NaN NaN NaN NaN NaN NaN NaN NaN NaN NaN NaN NaN 1.202 1.2497 1.2652 1.3038 1.3391 1.3624 1.3881 1.4166 1.4423 1.462 1.4808 1.4956 1.5119 1.5255 1.5319 1.5304 1.5484 1.5573 1.5689 1.578 1.5856 1.5915 1.5937 1.5934 1.5948
NaN NaN NaN NaN NaN NaN NaN NaN NaN NaN NaN NaN NaN 1.2722 1.2825 1.3018 1.3417 1.3614 1.3849 1.4127 1.4365 1.4562 1.4747 1.4895 1.5041 1.5186 1.5241 1.526 1.5429 1.5506 1.5639 1.5719 1.5789 1.5835 1.5851 1.585 1.584
NaN NaN NaN NaN NaN NaN NaN NaN NaN NaN NaN NaN NaN NaN 1.2912 1.3209 1.3342 1.3435 1.3696 1.4011 1.418 1.4445 1.4633 1.48 1.4974 1.5101 1.5179 1.5226 1.536 1.5451 1.5586 1.5666 1.5726 1.5759 1.577 1.5758 1.5755
NaN NaN NaN NaN NaN NaN NaN NaN NaN NaN NaN NaN NaN NaN NaN 1.3249 1.3333 1.3266 1.3538 1.3893 1.408 1.4344 1.4529 1.4694 1.4861 1.5008 1.5083 1.5184 1.5225 1.5347 1.5521 1.5613 1.5666 1.5687 1.57 1.5688 1.566
NaN NaN NaN NaN NaN NaN NaN NaN NaN NaN NaN NaN NaN NaN NaN NaN NaN 1.3391 1.3519 1.3732 1.382 1.4164 1.4347 1.4502 1.4696 1.4928 1.5032 1.5168 1.522 1.5327 1.5459 1.5552 1.5599 1.561 1.5626 1.5604 1.5572
NaN NaN NaN NaN NaN NaN NaN NaN NaN NaN NaN NaN NaN NaN NaN NaN NaN NaN 1.3502 1.3811 1.3651 1.4004 1.4228 1.435 1.4492 1.4809 1.4959 1.5002 1.513 1.5258 1.5396 1.5496 1.5542 1.5541 1.5545 1.5523 1.5486
NaN NaN NaN NaN NaN NaN NaN NaN NaN NaN NaN NaN NaN NaN NaN NaN NaN NaN NaN NaN 1.3565 1.4167 1.4184 1.4105 1.4153 1.4629 1.4826 1.4798 1.502 1.5168 1.5357 1.5447 1.5469 1.5463 1.5454 1.5434 1.541
NaN NaN NaN NaN NaN NaN NaN NaN NaN NaN NaN NaN NaN NaN NaN NaN NaN NaN NaN NaN NaN NaN 1.4262 1.4257 1.4047 1.4428 1.4617 1.451 1.4857 1.4964 1.5084 1.5345 1.537 1.5351 1.5332 1.5314 1.5298
NaN NaN NaN NaN NaN NaN NaN NaN NaN NaN NaN NaN NaN NaN NaN NaN NaN NaN NaN NaN NaN NaN NaN NaN 1.4006 1.4232 1.414 1.4017 1.4415 1.4629 1.4618 1.5029 1.5159 1.5073 1.5125 1.5162 1.5069
NaN NaN NaN NaN NaN NaN NaN NaN NaN NaN NaN NaN NaN NaN NaN NaN NaN NaN NaN NaN NaN NaN NaN NaN NaN NaN 1.3986 1.4111 1.4237 1.4458 1.4182 1.448 1.4678 1.45 1.4765 1.4812 1.4824
NaN NaN NaN NaN NaN NaN NaN NaN NaN NaN NaN NaN NaN NaN NaN NaN NaN NaN NaN NaN NaN NaN NaN NaN NaN NaN NaN NaN 1.3896 1.4595 1.4172 1.4241 1.4009 1.3355 1.3018 1.1596 0.52162
NaN NaN NaN NaN NaN NaN NaN NaN NaN NaN NaN NaN NaN NaN NaN NaN NaN NaN NaN NaN NaN NaN NaN NaN NaN NaN NaN NaN NaN NaN 1.3602 1.3521 1.2634 1.0771 0.43629 NaN NaN
NaN NaN NaN NaN NaN NaN NaN NaN NaN NaN NaN NaN NaN NaN NaN NaN NaN NaN NaN NaN NaN NaN NaN NaN NaN NaN NaN NaN NaN NaN NaN NaN 0.98419 0.32789 NaN NaN NaN
NaN NaN NaN NaN NaN NaN NaN NaN NaN NaN NaN NaN NaN NaN NaN NaN NaN NaN NaN NaN NaN NaN NaN NaN NaN NaN NaN NaN NaN NaN NaN NaN NaN NaN NaN NaN NaN
NaN NaN NaN NaN NaN NaN NaN NaN NaN NaN NaN NaN NaN NaN NaN NaN NaN NaN NaN NaN NaN NaN NaN NaN NaN NaN NaN NaN NaN NaN NaN NaN NaN NaN NaN NaN NaN
NaN NaN NaN NaN NaN NaN NaN NaN NaN NaN NaN NaN NaN NaN NaN NaN NaN NaN NaN NaN NaN NaN NaN NaN NaN NaN NaN NaN NaN NaN NaN NaN NaN NaN NaN NaN NaN
