-22.987 -22.987 -22.987 -22.987 -22.987 -22.987 -22.987 -22.987 -22.987 -22.987 -22.987 -22.987 -22.987 -22.987 -22.987 -22.987 -22.987 -22.987 -22.987 -22.987 -22.987 -22.987 -22.987 -22.987 -22.987 -22.987 -22.987 -22.987 -22.987 -22.987 -22.987 -22.987 -22.987 -22.987 -22.987 -22.987 -22.987
-22.986 -22.986 -22.986 -22.986 -22.986 -22.986 -22.986 -22.986 -22.986 -22.986 -22.986 -22.986 -22.986 -22.986 -22.986 -22.986 -22.986 -22.986 -22.986 -22.986 -22.986 -22.986 -22.986 -22.986 -22.986 -22.986 -22.986 -22.986 -22.986 -22.986 -22.986 -22.986 -22.986 -22.986 -22.986 -22.986 -22.986
-22.985 -22.985 -22.985 -22.985 -22.985 -22.985 -22.985 -22.985 -22.985 -22.985 -22.985 -22.985 -22.985 -22.985 -22.985 -22.985 -22.985 -22.985 -22.985 -22.985 -22.985 -22.985 -22.985 -22.985 -22.985 -22.985 -22.985 -22.985 -22.985 -22.985 -22.985 -22.985 -22.985 -22.985 -22.985 -22.985 -22.985
-22.984 -22.984 -22.984 -22.984 -22.984 -22.984 -22.984 -22.984 -22.984 -22.984 -22.984 -22.984 -22.984 -22.984 -22.984 -22.984 -22.984 -22.984 -22.984 -22.984 -22.984 -22.984 -22.984 -22.984 -22.984 -22.984 -22.984 -22.984 -22.984 -22.984 -22.984 -22.984 -22.984 -22.984 -22.984 -22.984 -22.984
-22.983 -22.983 -22.983 -22.983 -22.983 -22.983 -22.983 -22.983 -22.983 -22.983 -22.983 -22.983 -22.983 -22.983 -22.983 -22.983 -22.983 -22.983 -22.983 -22.983 -22.983 -22.983 -22.983 -22.983 -22.983 -22.983 -22.983 -22.983 -22.983 -22.983 -22.983 -22.983 -22.983 -22.983 -22.983 -22.983 -22.983
-22.982 -22.982 -22.982 -22.982 -22.982 -22.982 -22.982 -22.982 -22.982 -22.982 -22.982 -22.982 -22.982 -22.982 -22.982 -22.982 -22.982 -22.982 -22.982 -22.982 -22.982 -22.982 -22.982 -22.982 -22.982 -22.982 -22.982 -22.982 -22.982 -22.982 -22.982 -22.982 -22.982 -22.982 -22.982 -22.982 -22.982
-22.981 -22.981 -22.981 -22.981 -22.981 -22.981 -22.981 -22.981 -22.981 -22.981 -22.981 -22.981 -22.981 -22.981 -22.981 -22.981 -22.981 -22.981 -22.981 -22.981 -22.981 -22.981 -22.981 -22.981 -22.981 -22.981 -22.981 -22.981 -22.981 -22.981 -22.981 -22.981 -22.981 -22.981 -22.981 -22.981 -22.981
-22.981 -22.981 -22.981 -22.981 -22.981 -22.981 -22.981 -22.981 -22.981 -22.981 -22.981 -22.981 -22.981 -22.981 -22.981 -22.981 -22.981 -22.981 -22.981 -22.981 -22.981 -22.981 -22.981 -22.981 -22.981 -22.981 -22.981 -22.981 -22.981 -22.981 -22.981 -22.981 -22.981 -22.981 -22.981 -22.981 -22.981
-22.98 -22.98 -22.98 -22.98 -22.98 -22.98 -22.98 -22.98 -22.98 -22.98 -22.98 -22.98 -22.98 -22.98 -22.98 -22.98 -22.98 -22.98 -22.98 -22.98 -22.98 -22.98 -22.98 -22.98 -22.98 -22.98 -22.98 -22.98 -22.98 -22.98 -22.98 -22.98 -22.98 -22.98 -22.98 -22.98 -22.98
-22.979 -22.979 -22.979 -22.979 -22.979 -22.979 -22.979 -22.979 -22.979 -22.979 -22.979 -22.979 -22.979 -22.979 -22.979 -22.979 -22.979 -22.979 -22.979 -22.979 -22.979 -22.979 -22.979 -22.979 -22.979 -22.979 -22.979 -22.979 -22.979 -22.979 -22.979 -22.979 -22.979 -22.979 -22.979 -22.979 -22.979
-22.978 -22.978 -22.978 -22.978 -22.978 -22.978 -22.978 -22.978 -22.978 -22.978 -22.978 -22.978 -22.978 -22.978 -22.978 -22.978 -22.978 -22.978 -22.978 -22.978 -22.978 -22.978 -22.978 -22.978 -22.978 -22.978 -22.978 -22.978 -22.978 -22.978 -22.978 -22.978 -22.978 -22.978 -22.978 -22.978 -22.978
-22.977 -22.977 -22.977 -22.977 -22.977 -22.977 -22.977 -22.977 -22.977 -22.977 -22.977 -22.977 -22.977 -22.977 -22.977 -22.977 -22.977 -22.977 -22.977 -22.977 -22.977 -22.977 -22.977 -22.977 -22.977 -22.977 -22.977 -22.977 -22.977 -22.977 -22.977 -22.977 -22.977 -22.977 -22.977 -22.977 -22.977
-22.976 -22.976 -22.976 -22.976 -22.976 -22.976 -22.976 -22.976 -22.976 -22.976 -22.976 -22.976 -22.976 -22.976 -22.976 -22.976 -22.976 -22.976 -22.976 -22.976 -22.976 -22.976 -22.976 -22.976 -22.976 -22.976 -22.976 -22.976 -22.976 -22.976 -22.976 -22.976 -22.976 -22.976 -22.976 -22.976 -22.976
-22.975 -22.975 -22.975 -22.975 -22.975 -22.975 -22.975 -22.975 -22.975 -22.975 -22.975 -22.975 -22.975 -22.975 -22.975 -22.975 -22.975 -22.975 -22.975 -22.975 -22.975 -22.975 -22.975 -22.975 -22.975 -22.975 -22.975 -22.975 -22.975 -22.975 -22.975 -22.975 -22.975 -22.975 -22.975 -22.975 -22.975
-22.974 -22.974 -22.974 -22.974 -22.974 -22.974 -22.974 -22.974 -22.974 -22.974 -22.974 -22.974 -22.974 -22.974 -22.974 -22.974 -22.974 -22.974 -22.974 -22.974 -22.974 -22.974 -22.974 -22.974 -22.974 -22.974 -22.974 -22.974 -22.974 -22.974 -22.974 -22.974 -22.974 -22.974 -22.974 -22.974 -22.974
-22.973 -22.973 -22.973 -22.973 -22.973 -22.973 -22.973 -22.973 -22.973 -22.973 -22.973 -22.973 -22.973 -22.973 -22.973 -22.973 -22.973 -22.973 -22.973 -22.973 -22.973 -22.973 -22.973 -22.973 -22.973 -22.973 -22.973 -22.973 -22.973 -22.973 -22.973 -22.973 -22.973 -22.973 -22.973 -22.973 -22.973
-22.972 -22.972 -22.972 -22.972 -22.972 -22.972 -22.972 -22.972 -22.972 -22.972 -22.972 -22.972 -22.972 -22.972 -22.972 -22.972 -22.972 -22.972 -22.972 -22.972 -22.972 -22.972 -22.972 -22.972 -22.972 -22.972 -22.972 -22.972 -22.972 -22.972 -22.972 -22.972 -22.972 -22.972 -22.972 -22.972 -22.972
-22.972 -22.972 -22.972 -22.972 -22.972 -22.972 -22.972 -22.972 -22.972 -22.972 -22.972 -22.972 -22.972 -22.972 -22.972 -22.972 -22.972 -22.972 -22.972 -22.972 -22.972 -22.972 -22.972 -22.972 -22.972 -22.972 -22.972 -22.972 -22.972 -22.972 -22.972 -22.972 -22.972 -22.972 -22.972 -22.972 -22.972
-22.971 -22.971 -22.971 -22.971 -22.971 -22.971 -22.971 -22.971 -22.971 -22.971 -22.971 -22.971 -22.971 -22.971 -22.971 -22.971 -22.971 -22.971 -22.971 -22.971 -22.971 -22.971 -22.971 -22.971 -22.971 -22.971 -22.971 -22.971 -22.971 -22.971 -22.971 -22.971 -22.971 -22.971 -22.971 -22.971 -22.971
-22.97 -22.97 -22.97 -22.97 -22.97 -22.97 -22.97 -22.97 -22.97 -22.97 -22.97 -22.97 -22.97 -22.97 -22.97 -22.97 -22.97 -22.97 -22.97 -22.97 -22.97 -22.97 -22.97 -22.97 -22.97 -22.97 -22.97 -22.97 -22.97 -22.97 -22.97 -22.97 -22.97 -22.97 -22.97 -22.97 -22.97
-22.969 -22.969 -22.969 -22.969 -22.969 -22.969 -22.969 -22.969 -22.969 -22.969 -22.969 -22.969 -22.969 -22.969 -22.969 -22.969 -22.969 -22.969 -22.969 -22.969 -22.969 -22.969 -22.969 -22.969 -22.969 -22.969 -22.969 -22.969 -22.969 -22.969 -22.969 -22.969 -22.969 -22.969 -22.969 -22.969 -22.969
-22.968 -22.968 -22.968 -22.968 -22.968 -22.968 -22.968 -22.968 -22.968 -22.968 -22.968 -22.968 -22.968 -22.968 -22.968 -22.968 -22.968 -22.968 -22.968 -22.968 -22.968 -22.968 -22.968 -22.968 -22.968 -22.968 -22.968 -22.968 -22.968 -22.968 -22.968 -22.968 -22.968 -22.968 -22.968 -22.968 -22.968
-22.967 -22.967 -22.967 -22.967 -22.967 -22.967 -22.967 -22.967 -22.967 -22.967 -22.967 -22.967 -22.967 -22.967 -22.967 -22.967 -22.967 -22.967 -22.967 -22.967 -22.967 -22.967 -22.967 -22.967 -22.967 -22.967 -22.967 -22.967 -22.967 -22.967 -22.967 -22.967 -22.967 -22.967 -22.967 -22.967 -22.967
-22.966 -22.966 -22.966 -22.966 -22.966 -22.966 -22.966 -22.966 -22.966 -22.966 -22.966 -22.966 -22.966 -22.966 -22.966 -22.966 -22.966 -22.966 -22.966 -22.966 -22.966 -22.966 -22.966 -22.966 -22.966 -22.966 -22.966 -22.966 -22.966 -22.966 -22.966 -22.966 -22.966 -22.966 -22.966 -22.966 -22.966
-22.965 -22.965 -22.965 -22.965 -22.965 -22.965 -22.965 -22.965 -22.965 -22.965 -22.965 -22.965 -22.965 -22.965 -22.965 -22.965 -22.965 -22.965 -22.965 -22.965 -22.965 -22.965 -22.965 -22.965 -22.965 -22.965 -22.965 -22.965 -22.965 -22.965 -22.965 -22.965 -22.965 -22.965 -22.965 -22.965 -22.965
-22.964 -22.964 -22.964 -22.964 -22.964 -22.964 -22.964 -22.964 -22.964 -22.964 -22.964 -22.964 -22.964 -22.964 -22.964 -22.964 -22.964 -22.964 -22.964 -22.964 -22.964 -22.964 -22.964 -22.964 -22.964 -22.964 -22.964 -22.964 -22.964 -22.964 -22.964 -22.964 -22.964 -22.964 -22.964 -22.964 -22.964
-22.963 -22.963 -22.963 -22.963 -22.963 -22.963 -22.963 -22.963 -22.963 -22.963 -22.963 -22.963 -22.963 -22.963 -22.963 -22.963 -22.963 -22.963 -22.963 -22.963 -22.963 -22.963 -22.963 -22.963 -22.963 -22.963 -22.963 -22.963 -22.963 -22.963 -22.963 -22.963 -22.963 -22.963 -22.963 -22.963 -22.963
-22.963 -22.963 -22.963 -22.963 -22.963 -22.963 -22.963 -22.963 -22.963 -22.963 -22.963 -22.963 -22.963 -22.963 -22.963 -22.963 -22.963 -22.963 -22.963 -22.963 -22.963 -22.963 -22.963 -22.963 -22.963 -22.963 -22.963 -22.963 -22.963 -22.963 -22.963 -22.963 -22.963 -22.963 -22.963 -22.963 -22.963
-22.962 -22.962 -22.962 -22.962 -22.962 -22.962 -22.962 -22.962 -22.962 -22.962 -22.962 -22.962 -22.962 -22.962 -22.962 -22.962 -22.962 -22.962 -22.962 -22.962 -22.962 -22.962 -22.962 -22.962 -22.962 -22.962 -22.962 -22.962 -22.962 -22.962 -22.962 -22.962 -22.962 -22.962 -22.962 -22.962 -22.962
-22.961 -22.961 -22.961 -22.961 -22.961 -22.961 -22.961 -22.961 -22.961 -22.961 -22.961 -22.961 -22.961 -22.961 -22.961 -22.961 -22.961 -22.961 -22.961 -22.961 -22.961 -22.961 -22.961 -22.961 -22.961 -22.961 -22.961 -22.961 -22.961 -22.961 -22.961 -22.961 -22.961 -22.961 -22.961 -22.961 -22.961
