-43.196 -43.195 -43.194 -43.193 -43.192 -43.191 -43.19 -43.189 -43.188 -43.187 -43.186 -43.186 -43.185 -43.184 -43.183 -43.182 -43.181 -43.18 -43.179 -43.178 -43.177 -43.177 -43.176 -43.175 -43.174 -43.173 -43.172 -43.171 -43.17 -43.169 -43.168 -43.168 -43.167 -43.166 -43.165 -43.164 -43.163
-43.196 -43.195 -43.194 -43.193 -43.192 -43.191 -43.19 -43.189 -43.188 -43.187 -43.186 -43.186 -43.185 -43.184 -43.183 -43.182 -43.181 -43.18 -43.179 -43.178 -43.177 -43.177 -43.176 -43.175 -43.174 -43.173 -43.172 -43.171 -43.17 -43.169 -43.168 -43.168 -43.167 -43.166 -43.165 -43.164 -43.163
-43.196 -43.195 -43.194 -43.193 -43.192 -43.191 -43.19 -43.189 -43.188 -43.187 -43.186 -43.186 -43.185 -43.184 -43.183 -43.182 -43.181 -43.18 -43.179 -43.178 -43.177 -43.177 -43.176 -43.175 -43.174 -43.173 -43.172 -43.171 -43.17 -43.169 -43.168 -43.168 -43.167 -43.166 -43.165 -43.164 -43.163
-43.196 -43.195 -43.194 -43.193 -43.192 -43.191 -43.19 -43.189 -43.188 -43.187 -43.186 -43.186 -43.185 -43.184 -43.183 -43.182 -43.181 -43.18 -43.179 -43.178 -43.177 -43.177 -43.176 -43.175 -43.174 -43.173 -43.172 -43.171 -43.17 -43.169 -43.168 -43.168 -43.167 -43.166 -43.165 -43.164 -43.163
-43.196 -43.195 -43.194 -43.193 -43.192 -43.191 -43.19 -43.189 -43.188 -43.187 -43.186 -43.186 -43.185 -43.184 -43.183 -43.182 -43.181 -43.18 -43.179 -43.178 -43.177 -43.177 -43.176 -43.175 -43.174 -43.173 -43.172 -43.171 -43.17 -43.169 -43.168 -43.168 -43.167 -43.166 -43.165 -43.164 -43.163
-43.196 -43.195 -43.194 -43.193 -43.192 -43.191 -43.19 -43.189 -43.188 -43.187 -43.186 -43.186 -43.185 -43.184 -43.183 -43.182 -43.181 -43.18 -43.179 -43.178 -43.177 -43.177 -43.176 -43.175 -43.174 -43.173 -43.172 -43.171 -43.17 -43.169 -43.168 -43.168 -43.167 -43.166 -43.165 -43.164 -43.163
-43.196 -43.195 -43.194 -43.193 -43.192 -43.191 -43.19 -43.189 -43.188 -43.187 -43.186 -43.186 -43.185 -43.184 -43.183 -43.182 -43.181 -43.18 -43.179 -43.178 -43.177 -43.177 -43.176 -43.175 -43.174 -43.173 -43.172 -43.171 -43.17 -43.169 -43.168 -43.168 -43.167 -43.166 -43.165 -43.164 -43.163
-43.196 -43.195 -43.194 -43.193 -43.192 -43.191 -43.19 -43.189 -43.188 -43.187 -43.186 -43.186 -43.185 -43.184 -43.183 -43.182 -43.181 -43.18 -43.179 -43.178 -43.177 -43.177 -43.176 -43.175 -43.174 -43.173 -43.172 -43.171 -43.17 -43.169 -43.168 -43.168 -43.167 -43.166 -43.165 -43.164 -43.163
-43.196 -43.195 -43.194 -43.193 -43.192 -43.191 -43.19 -43.189 -43.188 -43.187 -43.186 -43.186 -43.185 -43.184 -43.183 -43.182 -43.181 -43.18 -43.179 -43.178 -43.177 -43.177 -43.176 -43.175 -43.174 -43.173 -43.172 -43.171 -43.17 -43.169 -43.168 -43.168 -43.167 -43.166 -43.165 -43.164 -43.163
-43.196 -43.195 -43.194 -43.193 -43.192 -43.191 -43.19 -43.189 -43.188 -43.187 -43.186 -43.186 -43.185 -43.184 -43.183 -43.182 -43.181 -43.18 -43.179 -43.178 -43.177 -43.177 -43.176 -43.175 -43.174 -43.173 -43.172 -43.171 -43.17 -43.169 -43.168 -43.168 -43.167 -43.166 -43.165 -43.164 -43.163
-43.196 -43.195 -43.194 -43.193 -43.192 -43.191 -43.19 -43.189 -43.188 -43.187 -43.186 -43.186 -43.185 -43.184 -43.183 -43.182 -43.181 -43.18 -43.179 -43.178 -43.177 -43.177 -43.176 -43.175 -43.174 -43.173 -43.172 -43.171 -43.17 -43.169 -43.168 -43.168 -43.167 -43.166 -43.165 -43.164 -43.163
-43.196 -43.195 -43.194 -43.193 -43.192 -43.191 -43.19 -43.189 -43.188 -43.187 -43.186 -43.186 -43.185 -43.184 -43.183 -43.182 -43.181 -43.18 -43.179 -43.178 -43.177 -43.177 -43.176 -43.175 -43.174 -43.173 -43.172 -43.171 -43.17 -43.169 -43.168 -43.168 -43.167 -43.166 -43.165 -43.164 -43.163
-43.196 -43.195 -43.194 -43.193 -43.192 -43.191 -43.19 -43.189 -43.188 -43.187 -43.186 -43.186 -43.185 -43.184 -43.183 -43.182 -43.181 -43.18 -43.179 -43.178 -43.177 -43.177 -43.176 -43.175 -43.174 -43.173 -43.172 -43.171 -43.17 -43.169 -43.168 -43.168 -43.167 -43.166 -43.165 -43.164 -43.163
-43.196 -43.195 -43.194 -43.193 -43.192 -43.191 -43.19 -43.189 -43.188 -43.187 -43.186 -43.186 -43.185 -43.184 -43.183 -43.182 -43.181 -43.18 -43.179 -43.178 -43.177 -43.177 -43.176 -43.175 -43.174 -43.173 -43.172 -43.171 -43.17 -43.169 -43.168 -43.168 -43.167 -43.166 -43.165 -43.164 -43.163
-43.196 -43.195 -43.194 -43.193 -43.192 -43.191 -43.19 -43.189 -43.188 -43.187 -43.186 -43.186 -43.185 -43.184 -43.183 -43.182 -43.181 -43.18 -43.179 -43.178 -43.177 -43.177 -43.176 -43.175 -43.174 -43.173 -43.172 -43.171 -43.17 -43.169 -43.168 -43.168 -43.167 -43.166 -43.165 -43.164 -43.163
-43.196 -43.195 -43.194 -43.193 -43.192 -43.191 -43.19 -43.189 -43.188 -43.187 -43.186 -43.186 -43.185 -43.184 -43.183 -43.182 -43.181 -43.18 -43.179 -43.178 -43.177 -43.177 -43.176 -43.175 -43.174 -43.173 -43.172 -43.171 -43.17 -43.169 -43.168 -43.168 -43.167 -43.166 -43.165 -43.164 -43.163
-43.196 -43.195 -43.194 -43.193 -43.192 -43.191 -43.19 -43.189 -43.188 -43.187 -43.186 -43.186 -43.185 -43.184 -43.183 -43.182 -43.181 -43.18 -43.179 -43.178 -43.177 -43.177 -43.176 -43.175 -43.174 -43.173 -43.172 -43.171 -43.17 -43.169 -43.168 -43.168 -43.167 -43.166 -43.165 -43.164 -43.163
-43.196 -43.195 -43.194 -43.193 -43.192 -43.191 -43.19 -43.189 -43.188 -43.187 -43.186 -43.186 -43.185 -43.184 -43.183 -43.182 -43.181 -43.18 -43.179 -43.178 -43.177 -43.177 -43.176 -43.175 -43.174 -43.173 -43.172 -43.171 -43.17 -43.169 -43.168 -43.168 -43.167 -43.166 -43.165 -43.164 -43.163
-43.196 -43.195 -43.194 -43.193 -43.192 -43.191 -43.19 -43.189 -43.188 -43.187 -43.186 -43.186 -43.185 -43.184 -43.183 -43.182 -43.181 -43.18 -43.179 -43.178 -43.177 -43.177 -43.176 -43.175 -43.174 -43.173 -43.172 -43.171 -43.17 -43.169 -43.168 -43.168 -43.167 -43.166 -43.165 -43.164 -43.163
-43.196 -43.195 -43.194 -43.193 -43.192 -43.191 -43.19 -43.189 -43.188 -43.187 -43.186 -43.186 -43.185 -43.184 -43.183 -43.182 -43.181 -43.18 -43.179 -43.178 -43.177 -43.177 -43.176 -43.175 -43.174 -43.173 -43.172 -43.171 -43.17 -43.169 -43.168 -43.168 -43.167 -43.166 -43.165 -43.164 -43.163
-43.196 -43.195 -43.194 -43.193 -43.192 -43.191 -43.19 -43.189 -43.188 -43.187 -43.186 -43.186 -43.185 -43.184 -43.183 -43.182 -43.181 -43.18 -43.179 -43.178 -43.177 -43.177 -43.176 -43.175 -43.174 -43.173 -43.172 -43.171 -43.17 -43.169 -43.168 -43.168 -43.167 -43.166 -43.165 -43.164 -43.163
-43.196 -43.195 -43.194 -43.193 -43.192 -43.191 -43.19 -43.189 -43.188 -43.187 -43.186 -43.186 -43.185 -43.184 -43.183 -43.182 -43.181 -43.18 -43.179 -43.178 -43.177 -43.177 -43.176 -43.175 -43.174 -43.173 -43.172 -43.171 -43.17 -43.169 -43.168 -43.168 -43.167 -43.166 -43.165 -43.164 -43.163
-43.196 -43.195 -43.194 -43.193 -43.192 -43.191 -43.19 -43.189 -43.188 -43.187 -43.186 -43.186 -43.185 -43.184 -43.183 -43.182 -43.181 -43.18 -43.179 -43.178 -43.177 -43.177 -43.176 -43.175 -43.174 -43.173 -43.172 -43.171 -43.17 -43.169 -43.168 -43.168 -43.167 -43.166 -43.165 -43.164 -43.163
-43.196 -43.195 -43.194 -43.193 -43.192 -43.191 -43.19 -43.189 -43.188 -43.187 -43.186 -43.186 -43.185 -43.184 -43.183 -43.182 -43.181 -43.18 -43.179 -43.178 -43.177 -43.177 -43.176 -43.175 -43.174 -43.173 -43.172 -43.171 -43.17 -43.169 -43.168 -43.168 -43.167 -43.166 -43.165 -43.164 -43.163
-43.196 -43.195 -43.194 -43.193 -43.192 -43.191 -43.19 -43.189 -43.188 -43.187 -43.186 -43.186 -43.185 -43.184 -43.183 -43.182 -43.181 -43.18 -43.179 -43.178 -43.177 -43.177 -43.176 -43.175 -43.174 -43.173 -43.172 -43.171 -43.17 -43.169 -43.168 -43.168 -43.167 -43.166 -43.165 -43.164 -43.163
-43.196 -43.195 -43.194 -43.193 -43.192 -43.191 -43.19 -43.189 -43.188 -43.187 -43.186 -43.186 -43.185 -43.184 -43.183 -43.182 -43.181 -43.18 -43.179 -43.178 -43.177 -43.177 -43.176 -43.175 -43.174 -43.173 -43.172 -43.171 -43.17 -43.169 -43.168 -43.168 -43.167 -43.166 -43.165 -43.164 -43.163
-43.196 -43.195 -43.194 -43.193 -43.192 -43.191 -43.19 -43.189 -43.188 -43.187 -43.186 -43.186 -43.185 -43.184 -43.183 -43.182 -43.181 -43.18 -43.179 -43.178 -43.177 -43.177 -43.176 -43.175 -43.174 -43.173 -43.172 -43.171 -43.17 -43.169 -43.168 -43.168 -43.167 -43.166 -43.165 -43.164 -43.163
-43.196 -43.195 -43.194 -43.193 -43.192 -43.191 -43.19 -43.189 -43.188 -43.187 -43.186 -43.186 -43.185 -43.184 -43.183 -43.182 -43.181 -43.18 -43.179 -43.178 -43.177 -43.177 -43.176 -43.175 -43.174 -43.173 -43.172 -43.171 -43.17 -43.169 -43.168 -43.168 -43.167 -43.166 -43.165 -43.164 -43.163
-43.196 -43.195 -43.194 -43.193 -43.192 -43.191 -43.19 -43.189 -43.188 -43.187 -43.186 -43.186 -43.185 -43.184 -43.183 -43.182 -43.181 -43.18 -43.179 -43.178 -43.177 -43.177 -43.176 -43.175 -43.174 -43.173 -43.172 -43.171 -43.17 -43.169 -43.168 -43.168 -43.167 -43.166 -43.165 -43.164 -43.163
-43.196 -43.195 -43.194 -43.193 -43.192 -43.191 -43.19 -43.189 -43.188 -43.187 -43.186 -43.186 -43.185 -43.184 -43.183 -43.182 -43.181 -43.18 -43.179 -43.178 -43.177 -43.177 -43.176 -43.175 -43.174 -43.173 -43.172 -43.171 -43.17 -43.169 -43.168 -43.168 -43.167 -43.166 -43.165 -43.164 -43.163
